*PARAMETER
num-dim: 2
*MATPROP
b-plane-strain: 1
young's-modulus: 130000000000
poisson's-ratio: 0
density: 8.96
beta1: 0.5
beta2: 0.5
dt: 0.0001
nstp: 50
nprt: 1
nmod: 5
*NODE
num-node: 341
nodal-coord:
0.150000 0.030000 
0.150000 0.000000 
0.150000 0.003000 
0.150000 0.006000 
0.150000 0.009000 
0.150000 0.012000 
0.150000 0.015000 
0.150000 0.018000 
0.150000 0.021000 
0.150000 0.024000 
0.150000 0.027000 
0.000000 0.000000 
0.000000 0.030000 
0.000000 0.027000 
0.000000 0.024000 
0.000000 0.021000 
0.000000 0.018000 
0.000000 0.015000 
0.000000 0.012000 
0.000000 0.009000 
0.000000 0.006000 
0.000000 0.003000 
0.005000 0.000000 
0.010000 0.000000 
0.015000 0.000000 
0.020000 0.000000 
0.025000 0.000000 
0.030000 0.000000 
0.035000 0.000000 
0.040000 0.000000 
0.045000 0.000000 
0.050000 0.000000 
0.055000 0.000000 
0.060000 0.000000 
0.065000 0.000000 
0.070000 0.000000 
0.075000 0.000000 
0.080000 0.000000 
0.085000 0.000000 
0.090000 0.000000 
0.095000 0.000000 
0.100000 0.000000 
0.105000 0.000000 
0.110000 0.000000 
0.115000 0.000000 
0.120000 0.000000 
0.125000 0.000000 
0.130000 0.000000 
0.135000 0.000000 
0.140000 0.000000 
0.145000 0.000000 
0.145000 0.030000 
0.140000 0.030000 
0.135000 0.030000 
0.130000 0.030000 
0.125000 0.030000 
0.120000 0.030000 
0.115000 0.030000 
0.110000 0.030000 
0.105000 0.030000 
0.100000 0.030000 
0.095000 0.030000 
0.090000 0.030000 
0.085000 0.030000 
0.080000 0.030000 
0.075000 0.030000 
0.070000 0.030000 
0.065000 0.030000 
0.060000 0.030000 
0.055000 0.030000 
0.050000 0.030000 
0.045000 0.030000 
0.040000 0.030000 
0.035000 0.030000 
0.030000 0.030000 
0.025000 0.030000 
0.020000 0.030000 
0.015000 0.030000 
0.010000 0.030000 
0.005000 0.030000 
0.005000 0.027000 
0.010000 0.027000 
0.015000 0.027000 
0.020000 0.027000 
0.025000 0.027000 
0.030000 0.027000 
0.035000 0.027000 
0.040000 0.027000 
0.045000 0.027000 
0.050000 0.027000 
0.055000 0.027000 
0.060000 0.027000 
0.065000 0.027000 
0.070000 0.027000 
0.075000 0.027000 
0.080000 0.027000 
0.085000 0.027000 
0.090000 0.027000 
0.095000 0.027000 
0.100000 0.027000 
0.105000 0.027000 
0.110000 0.027000 
0.115000 0.027000 
0.120000 0.027000 
0.125000 0.027000 
0.130000 0.027000 
0.135000 0.027000 
0.140000 0.027000 
0.145000 0.027000 
0.005000 0.024000 
0.010000 0.024000 
0.015000 0.024000 
0.020000 0.024000 
0.025000 0.024000 
0.030000 0.024000 
0.035000 0.024000 
0.040000 0.024000 
0.045000 0.024000 
0.050000 0.024000 
0.055000 0.024000 
0.060000 0.024000 
0.065000 0.024000 
0.070000 0.024000 
0.075000 0.024000 
0.080000 0.024000 
0.085000 0.024000 
0.090000 0.024000 
0.095000 0.024000 
0.100000 0.024000 
0.105000 0.024000 
0.110000 0.024000 
0.115000 0.024000 
0.120000 0.024000 
0.125000 0.024000 
0.130000 0.024000 
0.135000 0.024000 
0.140000 0.024000 
0.145000 0.024000 
0.005000 0.021000 
0.010000 0.021000 
0.015000 0.021000 
0.020000 0.021000 
0.025000 0.021000 
0.030000 0.021000 
0.035000 0.021000 
0.040000 0.021000 
0.045000 0.021000 
0.050000 0.021000 
0.055000 0.021000 
0.060000 0.021000 
0.065000 0.021000 
0.070000 0.021000 
0.075000 0.021000 
0.080000 0.021000 
0.085000 0.021000 
0.090000 0.021000 
0.095000 0.021000 
0.100000 0.021000 
0.105000 0.021000 
0.110000 0.021000 
0.115000 0.021000 
0.120000 0.021000 
0.125000 0.021000 
0.130000 0.021000 
0.135000 0.021000 
0.140000 0.021000 
0.145000 0.021000 
0.005000 0.018000 
0.010000 0.018000 
0.015000 0.018000 
0.020000 0.018000 
0.025000 0.018000 
0.030000 0.018000 
0.035000 0.018000 
0.040000 0.018000 
0.045000 0.018000 
0.050000 0.018000 
0.055000 0.018000 
0.060000 0.018000 
0.065000 0.018000 
0.070000 0.018000 
0.075000 0.018000 
0.080000 0.018000 
0.085000 0.018000 
0.090000 0.018000 
0.095000 0.018000 
0.100000 0.018000 
0.105000 0.018000 
0.110000 0.018000 
0.115000 0.018000 
0.120000 0.018000 
0.125000 0.018000 
0.130000 0.018000 
0.135000 0.018000 
0.140000 0.018000 
0.145000 0.018000 
0.005000 0.015000 
0.010000 0.015000 
0.015000 0.015000 
0.020000 0.015000 
0.025000 0.015000 
0.030000 0.015000 
0.035000 0.015000 
0.040000 0.015000 
0.045000 0.015000 
0.050000 0.015000 
0.055000 0.015000 
0.060000 0.015000 
0.065000 0.015000 
0.070000 0.015000 
0.075000 0.015000 
0.080000 0.015000 
0.085000 0.015000 
0.090000 0.015000 
0.095000 0.015000 
0.100000 0.015000 
0.105000 0.015000 
0.110000 0.015000 
0.115000 0.015000 
0.120000 0.015000 
0.125000 0.015000 
0.130000 0.015000 
0.135000 0.015000 
0.140000 0.015000 
0.145000 0.015000 
0.005000 0.012000 
0.010000 0.012000 
0.015000 0.012000 
0.020000 0.012000 
0.025000 0.012000 
0.030000 0.012000 
0.035000 0.012000 
0.040000 0.012000 
0.045000 0.012000 
0.050000 0.012000 
0.055000 0.012000 
0.060000 0.012000 
0.065000 0.012000 
0.070000 0.012000 
0.075000 0.012000 
0.080000 0.012000 
0.085000 0.012000 
0.090000 0.012000 
0.095000 0.012000 
0.100000 0.012000 
0.105000 0.012000 
0.110000 0.012000 
0.115000 0.012000 
0.120000 0.012000 
0.125000 0.012000 
0.130000 0.012000 
0.135000 0.012000 
0.140000 0.012000 
0.145000 0.012000 
0.005000 0.009000 
0.010000 0.009000 
0.015000 0.009000 
0.020000 0.009000 
0.025000 0.009000 
0.030000 0.009000 
0.035000 0.009000 
0.040000 0.009000 
0.045000 0.009000 
0.050000 0.009000 
0.055000 0.009000 
0.060000 0.009000 
0.065000 0.009000 
0.070000 0.009000 
0.075000 0.009000 
0.080000 0.009000 
0.085000 0.009000 
0.090000 0.009000 
0.095000 0.009000 
0.100000 0.009000 
0.105000 0.009000 
0.110000 0.009000 
0.115000 0.009000 
0.120000 0.009000 
0.125000 0.009000 
0.130000 0.009000 
0.135000 0.009000 
0.140000 0.009000 
0.145000 0.009000 
0.005000 0.006000 
0.010000 0.006000 
0.015000 0.006000 
0.020000 0.006000 
0.025000 0.006000 
0.030000 0.006000 
0.035000 0.006000 
0.040000 0.006000 
0.045000 0.006000 
0.050000 0.006000 
0.055000 0.006000 
0.060000 0.006000 
0.065000 0.006000 
0.070000 0.006000 
0.075000 0.006000 
0.080000 0.006000 
0.085000 0.006000 
0.090000 0.006000 
0.095000 0.006000 
0.100000 0.006000 
0.105000 0.006000 
0.110000 0.006000 
0.115000 0.006000 
0.120000 0.006000 
0.125000 0.006000 
0.130000 0.006000 
0.135000 0.006000 
0.140000 0.006000 
0.145000 0.006000 
0.005000 0.003000 
0.010000 0.003000 
0.015000 0.003000 
0.020000 0.003000 
0.025000 0.003000 
0.030000 0.003000 
0.035000 0.003000 
0.040000 0.003000 
0.045000 0.003000 
0.050000 0.003000 
0.055000 0.003000 
0.060000 0.003000 
0.065000 0.003000 
0.070000 0.003000 
0.075000 0.003000 
0.080000 0.003000 
0.085000 0.003000 
0.090000 0.003000 
0.095000 0.003000 
0.100000 0.003000 
0.105000 0.003000 
0.110000 0.003000 
0.115000 0.003000 
0.120000 0.003000 
0.125000 0.003000 
0.130000 0.003000 
0.135000 0.003000 
0.140000 0.003000 
0.145000 0.003000 
*ELEMENT
num-elem: 300
num-elem-node: 4
elem-conn:
13 14 81 80
80 81 82 79
79 82 83 78
78 83 84 77
77 84 85 76
76 85 86 75
75 86 87 74
74 87 88 73
73 88 89 72
72 89 90 71
71 90 91 70
70 91 92 69
69 92 93 68
68 93 94 67
67 94 95 66
66 95 96 65
65 96 97 64
64 97 98 63
63 98 99 62
62 99 100 61
61 100 101 60
60 101 102 59
59 102 103 58
58 103 104 57
57 104 105 56
56 105 106 55
55 106 107 54
54 107 108 53
53 108 109 52
52 109 11 1
14 15 110 81
81 110 111 82
82 111 112 83
83 112 113 84
84 113 114 85
85 114 115 86
86 115 116 87
87 116 117 88
88 117 118 89
89 118 119 90
90 119 120 91
91 120 121 92
92 121 122 93
93 122 123 94
94 123 124 95
95 124 125 96
96 125 126 97
97 126 127 98
98 127 128 99
99 128 129 100
100 129 130 101
101 130 131 102
102 131 132 103
103 132 133 104
104 133 134 105
105 134 135 106
106 135 136 107
107 136 137 108
108 137 138 109
109 138 10 11
15 16 139 110
110 139 140 111
111 140 141 112
112 141 142 113
113 142 143 114
114 143 144 115
115 144 145 116
116 145 146 117
117 146 147 118
118 147 148 119
119 148 149 120
120 149 150 121
121 150 151 122
122 151 152 123
123 152 153 124
124 153 154 125
125 154 155 126
126 155 156 127
127 156 157 128
128 157 158 129
129 158 159 130
130 159 160 131
131 160 161 132
132 161 162 133
133 162 163 134
134 163 164 135
135 164 165 136
136 165 166 137
137 166 167 138
138 167 9 10
16 17 168 139
139 168 169 140
140 169 170 141
141 170 171 142
142 171 172 143
143 172 173 144
144 173 174 145
145 174 175 146
146 175 176 147
147 176 177 148
148 177 178 149
149 178 179 150
150 179 180 151
151 180 181 152
152 181 182 153
153 182 183 154
154 183 184 155
155 184 185 156
156 185 186 157
157 186 187 158
158 187 188 159
159 188 189 160
160 189 190 161
161 190 191 162
162 191 192 163
163 192 193 164
164 193 194 165
165 194 195 166
166 195 196 167
167 196 8 9
17 18 197 168
168 197 198 169
169 198 199 170
170 199 200 171
171 200 201 172
172 201 202 173
173 202 203 174
174 203 204 175
175 204 205 176
176 205 206 177
177 206 207 178
178 207 208 179
179 208 209 180
180 209 210 181
181 210 211 182
182 211 212 183
183 212 213 184
184 213 214 185
185 214 215 186
186 215 216 187
187 216 217 188
188 217 218 189
189 218 219 190
190 219 220 191
191 220 221 192
192 221 222 193
193 222 223 194
194 223 224 195
195 224 225 196
196 225 7 8
18 19 226 197
197 226 227 198
198 227 228 199
199 228 229 200
200 229 230 201
201 230 231 202
202 231 232 203
203 232 233 204
204 233 234 205
205 234 235 206
206 235 236 207
207 236 237 208
208 237 238 209
209 238 239 210
210 239 240 211
211 240 241 212
212 241 242 213
213 242 243 214
214 243 244 215
215 244 245 216
216 245 246 217
217 246 247 218
218 247 248 219
219 248 249 220
220 249 250 221
221 250 251 222
222 251 252 223
223 252 253 224
224 253 254 225
225 254 6 7
19 20 255 226
226 255 256 227
227 256 257 228
228 257 258 229
229 258 259 230
230 259 260 231
231 260 261 232
232 261 262 233
233 262 263 234
234 263 264 235
235 264 265 236
236 265 266 237
237 266 267 238
238 267 268 239
239 268 269 240
240 269 270 241
241 270 271 242
242 271 272 243
243 272 273 244
244 273 274 245
245 274 275 246
246 275 276 247
247 276 277 248
248 277 278 249
249 278 279 250
250 279 280 251
251 280 281 252
252 281 282 253
253 282 283 254
254 283 5 6
20 21 284 255
255 284 285 256
256 285 286 257
257 286 287 258
258 287 288 259
259 288 289 260
260 289 290 261
261 290 291 262
262 291 292 263
263 292 293 264
264 293 294 265
265 294 295 266
266 295 296 267
267 296 297 268
268 297 298 269
269 298 299 270
270 299 300 271
271 300 301 272
272 301 302 273
273 302 303 274
274 303 304 275
275 304 305 276
276 305 306 277
277 306 307 278
278 307 308 279
279 308 309 280
280 309 310 281
281 310 311 282
282 311 312 283
283 312 4 5
21 22 313 284
284 313 314 285
285 314 315 286
286 315 316 287
287 316 317 288
288 317 318 289
289 318 319 290
290 319 320 291
291 320 321 292
292 321 322 293
293 322 323 294
294 323 324 295
295 324 325 296
296 325 326 297
297 326 327 298
298 327 328 299
299 328 329 300
300 329 330 301
301 330 331 302
302 331 332 303
303 332 333 304
304 333 334 305
305 334 335 306
306 335 336 307
307 336 337 308
308 337 338 309
309 338 339 310
310 339 340 311
311 340 341 312
312 341 3 4
22 12 23 313
313 23 24 314
314 24 25 315
315 25 26 316
316 26 27 317
317 27 28 318
318 28 29 319
319 29 30 320
320 30 31 321
321 31 32 322
322 32 33 323
323 33 34 324
324 34 35 325
325 35 36 326
326 36 37 327
327 37 38 328
328 38 39 329
329 39 40 330
330 40 41 331
331 41 42 332
332 42 43 333
333 43 44 334
334 44 45 335
335 45 46 336
336 46 47 337
337 47 48 338
338 48 49 339
339 49 50 340
340 50 51 341
341 51 2 3
*BOUNDARY
num-prescribed-disp: 3
node#-dof#-disp:
12 1 0.0
12 2 0.0
2 2 0.0
num-prescribed-load: 0
elem#-face#-trac:
