*PARAMETER
num-dim: 2
*MATPROP
b-plane-strain: 1
young's-modulus: 1000000000000.0
poisson's-ratio: 0.3
*NODE
num-node: 65
nodal-coord:
0.040000 0.010000
0.040000 -0.010000
0.040000 -0.005000
0.040000 -0.000000
0.040000 0.005000
0.000000 -0.010000
0.000000 0.010000
0.000000 0.005000
0.000000 0.000000
0.000000 -0.005000
0.003333 -0.010000
0.006667 -0.010000
0.010000 -0.010000
0.013333 -0.010000
0.016667 -0.010000
0.020000 -0.010000
0.023333 -0.010000
0.026667 -0.010000
0.030000 -0.010000
0.033333 -0.010000
0.036667 -0.010000
0.036667 0.010000
0.033333 0.010000
0.030000 0.010000
0.026667 0.010000
0.023333 0.010000
0.020000 0.010000
0.016667 0.010000
0.013333 0.010000
0.010000 0.010000
0.006667 0.010000
0.003333 0.010000
0.003333 0.005000
0.006667 0.005000
0.010000 0.005000
0.013333 0.005000
0.016667 0.005000
0.020000 0.005000
0.023333 0.005000
0.026667 0.005000
0.030000 0.005000
0.033333 0.005000
0.036667 0.005000
0.003333 0.000000
0.006667 0.000000
0.010000 0.000000
0.013333 0.000000
0.016667 0.000000
0.020000 -0.000000
0.023333 -0.000000
0.026667 -0.000000
0.030000 -0.000000
0.033333 -0.000000
0.036667 -0.000000
0.003333 -0.005000
0.006667 -0.005000
0.010000 -0.005000
0.013333 -0.005000
0.016667 -0.005000
0.020000 -0.005000
0.023333 -0.005000
0.026667 -0.005000
0.030000 -0.005000
0.033333 -0.005000
0.036667 -0.005000
*ELEMENT
num-elem: 48
num-elem-node: 4
elem-conn:
7 8 33 32
32 33 34 31
31 34 35 30
30 35 36 29
29 36 37 28
28 37 38 27
27 38 39 26
26 39 40 25
25 40 41 24
24 41 42 23
23 42 43 22
22 43 5 1
8 9 44 33
33 44 45 34
34 45 46 35
35 46 47 36
36 47 48 37
37 48 49 38
38 49 50 39
39 50 51 40
40 51 52 41
41 52 53 42
42 53 54 43
43 54 4 5
9 10 55 44
44 55 56 45
45 56 57 46
46 57 58 47
47 58 59 48
48 59 60 49
49 60 61 50
50 61 62 51
51 62 63 52
52 63 64 53
53 64 65 54
54 65 3 4
10 6 11 55
55 11 12 56
56 12 13 57
57 13 14 58
58 14 15 59
59 15 16 60
60 16 17 61
61 17 18 62
62 18 19 63
63 19 20 64
64 20 21 65
65 21 2 3
*BOUNDARY
num-prescribed-disp: 10
node#-dof#-disp:
1 1 0.0
1 2 0.0
2 1 0.0
2 2 0.0
3 1 0.0
3 2 0.0
4 1 0.0
4 2 0.0
5 1 0.0
5 2 0.0
num-prescribed-load: 0
elem#-face#-trac:
