*PARAMETER
num-dim: 2
*MATPROP
b-plane-strain: 1
young's-modulus: 1000000000000.0
poisson's-ratio: 0.3
*NODE
num-node: 65
nodal-coord:
0.000000 -0.010000
0.060000 -0.010000
0.060000 0.010000
0.000000 0.010000
0.005000 -0.010000
0.010000 -0.010000
0.015000 -0.010000
0.020000 -0.010000
0.025000 -0.010000
0.030000 -0.010000
0.035000 -0.010000
0.040000 -0.010000
0.045000 -0.010000
0.050000 -0.010000
0.055000 -0.010000
0.060000 -0.005000
0.060000 -0.000000
0.060000 0.005000
0.055000 0.010000
0.050000 0.010000
0.045000 0.010000
0.040000 0.010000
0.035000 0.010000
0.030000 0.010000
0.025000 0.010000
0.020000 0.010000
0.015000 0.010000
0.010000 0.010000
0.005000 0.010000
0.000000 0.005000
0.000000 0.000000
0.000000 -0.005000
0.005000 -0.005000
0.005000 0.000000
0.005000 0.005000
0.010000 -0.005000
0.010000 0.000000
0.010000 0.005000
0.015000 -0.005000
0.015000 0.000000
0.015000 0.005000
0.020000 -0.005000
0.020000 0.000000
0.020000 0.005000
0.025000 -0.005000
0.025000 0.000000
0.025000 0.005000
0.030000 -0.005000
0.030000 0.000000
0.030000 0.005000
0.035000 -0.005000
0.035000 -0.000000
0.035000 0.005000
0.040000 -0.005000
0.040000 -0.000000
0.040000 0.005000
0.045000 -0.005000
0.045000 -0.000000
0.045000 0.005000
0.050000 -0.005000
0.050000 -0.000000
0.050000 0.005000
0.055000 -0.005000
0.055000 -0.000000
0.055000 0.005000
*ELEMENT
num-elem: 48
num-elem-node: 4
elem-conn:
1 5 33 32
32 33 34 31
31 34 35 30
30 35 29 4
5 6 36 33
33 36 37 34
34 37 38 35
35 38 28 29
6 7 39 36
36 39 40 37
37 40 41 38
38 41 27 28
7 8 42 39
39 42 43 40
40 43 44 41
41 44 26 27
8 9 45 42
42 45 46 43
43 46 47 44
44 47 25 26
9 10 48 45
45 48 49 46
46 49 50 47
47 50 24 25
10 11 51 48
48 51 52 49
49 52 53 50
50 53 23 24
11 12 54 51
51 54 55 52
52 55 56 53
53 56 22 23
12 13 57 54
54 57 58 55
55 58 59 56
56 59 21 22
13 14 60 57
57 60 61 58
58 61 62 59
59 62 20 21
14 15 63 60
60 63 64 61
61 64 65 62
62 65 19 20
15 2 16 63
63 16 17 64
64 17 18 65
65 18 3 19
*BOUNDARY
num-prescribed-disp: 10
node#-dof#-disp:
2 1 0.0
2 2 0.0
3 1 0.0
3 2 0.0
16 1 0.0
16 2 0.0
17 1 0.0
17 2 0.0
18 1 0.0
18 2 0.0
num-prescribed-load: 0
elem#-face#-trac:
