*PARAMETER
num-dim: 2
*MATPROP
b-plane-strain: 1
young's-modulus: 200.0
poisson's-ratio: 0.3
*NODE
num-node: 1240
nodal-coord:
-0.212153 -0.150304 
-0.206421 -0.141033 
-0.215099 -0.146056 
-0.209122 -0.154492 
-0.217961 -0.141751 
-0.206009 -0.158620 
-0.220736 -0.137389 
-0.202815 -0.162684 
-0.223424 -0.132973 
-0.226023 -0.128505 
-0.199540 -0.166684 
-0.228534 -0.123985 
-0.196187 -0.170619 
-0.230953 -0.119417 
-0.192756 -0.174486 
-0.233282 -0.114802 
-0.189249 -0.178283 
-0.235519 -0.110141 
-0.185666 -0.182011 
-0.237662 -0.105436 
-0.182011 -0.185666 
-0.239711 -0.100690 
-0.178283 -0.189249 
-0.241666 -0.095904 
-0.174486 -0.192756 
-0.243525 -0.091081 
-0.170619 -0.196187 
-0.245288 -0.086221 
-0.166684 -0.199540 
-0.246953 -0.081327 
-0.162684 -0.202815 
-0.248521 -0.076401 
-0.158620 -0.206009 
-0.249991 -0.071445 
-0.154492 -0.209122 
-0.251363 -0.066459 
-0.150304 -0.212153 
-0.252634 -0.061448 
-0.146056 -0.215099 
-0.253806 -0.056412 
-0.141751 -0.217961 
-0.137389 -0.220736 
-0.254878 -0.051354 
-0.132973 -0.223424 
-0.255849 -0.046275 
-0.128505 -0.226023 
-0.256718 -0.041179 
-0.123985 -0.228534 
-0.257486 -0.036067 
-0.119417 -0.230953 
-0.258152 -0.030940 
-0.114802 -0.233282 
-0.258717 -0.025802 
-0.110141 -0.235519 
-0.259178 -0.020654 
-0.105436 -0.237662 
-0.259538 -0.015498 
-0.100690 -0.239711 
-0.259794 -0.010336 
-0.095904 -0.241666 
-0.259949 -0.005169 
-0.091081 -0.243525 
-0.260000 0.000000 
-0.259949 0.005169 
-0.086221 -0.245288 
-0.259794 0.010336 
-0.081327 -0.246953 
-0.259538 0.015498 
-0.076401 -0.248521 
-0.259178 0.020654 
-0.071445 -0.249991 
-0.258717 0.025802 
-0.066459 -0.251363 
-0.258152 0.030940 
-0.061448 -0.252634 
-0.257486 0.036067 
-0.056412 -0.253806 
-0.256718 0.041179 
-0.051354 -0.254878 
-0.255849 0.046275 
-0.046275 -0.255849 
-0.254878 0.051354 
-0.041179 -0.256718 
-0.253806 0.056412 
-0.036067 -0.257486 
-0.252634 0.061448 
-0.030940 -0.258152 
-0.251363 0.066459 
-0.025802 -0.258717 
-0.249991 0.071445 
-0.020654 -0.259178 
-0.248521 0.076401 
-0.015498 -0.259538 
-0.010336 -0.259794 
-0.246953 0.081327 
-0.005169 -0.259949 
-0.245288 0.086221 
0.000000 -0.260000 
-0.243525 0.091081 
0.005169 -0.259949 
-0.241666 0.095904 
0.010336 -0.259794 
-0.239711 0.100690 
0.015498 -0.259538 
-0.237662 0.105436 
0.020654 -0.259178 
-0.235519 0.110141 
0.025802 -0.258717 
-0.233282 0.114802 
0.030940 -0.258152 
-0.230953 0.119417 
0.036067 -0.257486 
-0.228534 0.123985 
0.041179 -0.256718 
-0.226023 0.128505 
-0.223424 0.132973 
0.046275 -0.255849 
-0.220736 0.137389 
0.051354 -0.254878 
-0.217961 0.141751 
0.056412 -0.253806 
-0.215099 0.146056 
0.061448 -0.252634 
-0.212153 0.150304 
0.066459 -0.251363 
-0.209122 0.154492 
0.071445 -0.249991 
-0.206009 0.158620 
0.076401 -0.248521 
-0.202815 0.162684 
0.081327 -0.246953 
-0.199540 0.166684 
0.086221 -0.245288 
-0.196187 0.170619 
0.091081 -0.243525 
-0.192756 0.174486 
0.095904 -0.241666 
-0.189249 0.178283 
0.100690 -0.239711 
-0.185666 0.182011 
0.105436 -0.237662 
-0.182011 0.185666 
0.110141 -0.235519 
-0.178283 0.189249 
0.114802 -0.233282 
-0.174486 0.192756 
0.119417 -0.230953 
0.123985 -0.228534 
-0.170619 0.196187 
0.128505 -0.226023 
-0.166684 0.199540 
0.132973 -0.223424 
-0.162684 0.202815 
0.137389 -0.220736 
-0.158620 0.206009 
0.141751 -0.217961 
-0.154492 0.209122 
0.146056 -0.215099 
-0.150304 0.212153 
0.150304 -0.212153 
-0.146056 0.215099 
0.154492 -0.209122 
-0.141751 0.217961 
0.158620 -0.206009 
-0.137389 0.220736 
0.162684 -0.202815 
-0.132973 0.223424 
-0.128505 0.226023 
0.166684 -0.199540 
-0.123985 0.228534 
0.170619 -0.196187 
-0.119417 0.230953 
0.174486 -0.192756 
-0.114802 0.233282 
0.178283 -0.189249 
-0.110141 0.235519 
0.182011 -0.185666 
-0.105436 0.237662 
0.185666 -0.182011 
-0.100690 0.239711 
0.189249 -0.178283 
-0.095904 0.241666 
0.192756 -0.174486 
-0.091081 0.243525 
0.196187 -0.170619 
-0.086221 0.245288 
0.199540 -0.166684 
-0.081327 0.246953 
0.202815 -0.162684 
-0.076401 0.248521 
0.206009 -0.158620 
-0.071445 0.249991 
0.209122 -0.154492 
-0.066459 0.251363 
0.212153 -0.150304 
-0.061448 0.252634 
0.215099 -0.146056 
-0.056412 0.253806 
0.217961 -0.141751 
0.220736 -0.137389 
-0.051354 0.254878 
0.223424 -0.132973 
-0.046275 0.255849 
0.226023 -0.128505 
-0.041179 0.256718 
0.228534 -0.123985 
-0.036067 0.257486 
0.230953 -0.119417 
-0.030940 0.258152 
0.233282 -0.114802 
-0.025802 0.258717 
0.235519 -0.110141 
-0.020654 0.259178 
0.237662 -0.105436 
-0.015498 0.259538 
0.239711 -0.100690 
-0.010336 0.259794 
0.241666 -0.095904 
-0.005169 0.259949 
0.243525 -0.091081 
0.000000 0.260000 
0.245288 -0.086221 
0.005169 0.259949 
0.246953 -0.081327 
0.010336 0.259794 
0.248521 -0.076401 
0.015498 0.259538 
0.249991 -0.071445 
0.020654 0.259178 
0.251363 -0.066459 
0.025802 0.258717 
0.252634 -0.061448 
0.030940 0.258152 
0.253806 -0.056412 
0.036067 0.257486 
0.254878 -0.051354 
0.041179 0.256718 
0.255849 -0.046275 
0.046275 0.255849 
0.256718 -0.041179 
0.051354 0.254878 
0.257486 -0.036067 
0.056412 0.253806 
0.258152 -0.030940 
0.061448 0.252634 
0.258717 -0.025802 
0.066459 0.251363 
0.259178 -0.020654 
0.071445 0.249991 
0.259538 -0.015498 
0.076401 0.248521 
0.259794 -0.010336 
0.081327 0.246953 
0.259949 -0.005169 
0.086221 0.245288 
0.260000 0.000000 
0.091081 0.243525 
0.259949 0.005169 
0.095904 0.241666 
0.259794 0.010336 
0.100690 0.239711 
0.259538 0.015498 
0.105436 0.237662 
0.259178 0.020654 
0.110141 0.235519 
0.258717 0.025802 
0.114802 0.233282 
0.258152 0.030940 
0.119417 0.230953 
0.257486 0.036067 
0.123985 0.228534 
0.256718 0.041179 
0.128505 0.226023 
0.255849 0.046275 
0.132973 0.223424 
0.254878 0.051354 
0.137389 0.220736 
0.253806 0.056412 
0.141751 0.217961 
0.252634 0.061448 
0.146056 0.215099 
0.251363 0.066459 
0.150304 0.212153 
0.249991 0.071445 
0.154492 0.209122 
0.248521 0.076401 
0.158620 0.206009 
0.246953 0.081327 
0.162684 0.202815 
0.245288 0.086221 
0.166684 0.199540 
0.243525 0.091081 
0.170619 0.196187 
0.241666 0.095904 
0.174486 0.192756 
0.239711 0.100690 
0.178283 0.189249 
0.237662 0.105436 
0.182011 0.185666 
0.235519 0.110141 
0.185666 0.182011 
0.233282 0.114802 
0.189249 0.178283 
0.230953 0.119417 
0.192756 0.174486 
0.228534 0.123985 
0.196187 0.170619 
0.226023 0.128505 
0.199540 0.166684 
0.223424 0.132973 
0.202815 0.162684 
0.220736 0.137389 
0.206009 0.158620 
0.217961 0.141751 
0.209122 0.154492 
0.215099 0.146056 
0.212153 0.150304 
-0.203462 -0.145269 
-0.209292 -0.136737 
-0.200416 -0.149443 
-0.212073 -0.132382 
-0.197285 -0.153553 
-0.214764 -0.127971 
-0.194070 -0.157598 
-0.217362 -0.123505 
-0.190771 -0.161575 
-0.219868 -0.118987 
-0.187391 -0.165483 
-0.222281 -0.114417 
-0.183931 -0.169320 
-0.224598 -0.109799 
-0.180392 -0.173086 
-0.226819 -0.105134 
-0.176777 -0.176777 
-0.228943 -0.100424 
-0.173086 -0.180392 
-0.230970 -0.095671 
-0.169320 -0.183931 
-0.232898 -0.090877 
-0.165483 -0.187391 
-0.234726 -0.086044 
-0.161575 -0.190771 
-0.236454 -0.081175 
-0.157598 -0.194070 
-0.238081 -0.076271 
-0.153553 -0.197285 
-0.239607 -0.071334 
-0.149443 -0.200416 
-0.241030 -0.066366 
-0.145269 -0.203462 
-0.242350 -0.061370 
-0.141033 -0.206421 
-0.243567 -0.056347 
-0.136737 -0.209292 
-0.244680 -0.051301 
-0.132382 -0.212073 
-0.245688 -0.046232 
-0.127971 -0.214764 
-0.246591 -0.041144 
-0.123505 -0.217362 
-0.247389 -0.036039 
-0.118987 -0.219868 
-0.248081 -0.030919 
-0.114417 -0.222281 
-0.248667 -0.025786 
-0.109799 -0.224598 
-0.249146 -0.020642 
-0.105134 -0.226819 
-0.249520 -0.015489 
-0.100424 -0.228943 
-0.249786 -0.010330 
-0.095671 -0.230970 
-0.249947 -0.005166 
-0.090877 -0.232898 
-0.250000 0.000000 
-0.086044 -0.234726 
-0.249947 0.005166 
-0.081175 -0.236454 
-0.249786 0.010330 
-0.076271 -0.238081 
-0.249520 0.015489 
-0.071334 -0.239607 
-0.249146 0.020642 
-0.066366 -0.241030 
-0.248667 0.025786 
-0.061370 -0.242350 
-0.248081 0.030919 
-0.056347 -0.243567 
-0.247389 0.036039 
-0.051301 -0.244680 
-0.246591 0.041144 
-0.046232 -0.245688 
-0.245688 0.046232 
-0.041144 -0.246591 
-0.244680 0.051301 
-0.036039 -0.247389 
-0.243567 0.056347 
-0.030919 -0.248081 
-0.242350 0.061370 
-0.025786 -0.248667 
-0.241030 0.066366 
-0.020642 -0.249146 
-0.239607 0.071334 
-0.015489 -0.249520 
-0.238081 0.076271 
-0.010330 -0.249786 
-0.236454 0.081175 
-0.005166 -0.249947 
-0.234726 0.086044 
-0.000000 -0.250000 
-0.232898 0.090877 
0.005166 -0.249947 
-0.230970 0.095671 
0.010330 -0.249786 
-0.228943 0.100424 
0.015489 -0.249520 
-0.226819 0.105134 
0.020642 -0.249146 
-0.224598 0.109799 
0.025786 -0.248667 
-0.222281 0.114417 
0.030919 -0.248081 
-0.219868 0.118987 
0.036039 -0.247389 
-0.217362 0.123505 
0.041144 -0.246591 
-0.214764 0.127971 
0.046232 -0.245688 
-0.212073 0.132382 
0.051301 -0.244680 
-0.209292 0.136737 
0.056347 -0.243567 
-0.206421 0.141033 
0.061370 -0.242350 
-0.203462 0.145269 
0.066366 -0.241030 
-0.200416 0.149443 
0.071334 -0.239607 
-0.197285 0.153553 
0.076271 -0.238081 
-0.194070 0.157598 
0.081175 -0.236454 
-0.190771 0.161575 
0.086044 -0.234726 
-0.187391 0.165483 
0.090877 -0.232898 
-0.183931 0.169320 
0.095671 -0.230970 
-0.180392 0.173086 
0.100424 -0.228943 
-0.176777 0.176777 
0.105134 -0.226819 
-0.173086 0.180392 
0.109799 -0.224598 
-0.169320 0.183931 
0.114417 -0.222281 
-0.165483 0.187391 
0.118987 -0.219868 
-0.161575 0.190771 
0.123505 -0.217362 
-0.157598 0.194070 
0.127971 -0.214764 
-0.153553 0.197285 
0.132382 -0.212073 
-0.149443 0.200416 
0.136737 -0.209292 
-0.145269 0.203462 
0.141033 -0.206421 
-0.141033 0.206421 
0.145269 -0.203462 
-0.136737 0.209292 
0.149443 -0.200416 
-0.132382 0.212073 
0.153553 -0.197285 
-0.127971 0.214764 
0.157598 -0.194070 
-0.123505 0.217362 
0.161575 -0.190771 
-0.118987 0.219868 
0.165483 -0.187391 
-0.114417 0.222281 
0.169320 -0.183931 
-0.109799 0.224598 
0.173086 -0.180392 
-0.105134 0.226819 
0.176777 -0.176777 
-0.100424 0.228943 
0.180392 -0.173086 
-0.095671 0.230970 
0.183931 -0.169320 
-0.090877 0.232898 
0.187391 -0.165483 
-0.086044 0.234726 
0.190771 -0.161575 
-0.081175 0.236454 
0.194070 -0.157598 
-0.076271 0.238081 
0.197285 -0.153553 
-0.071334 0.239607 
0.200416 -0.149443 
-0.066366 0.241030 
0.203462 -0.145269 
-0.061370 0.242350 
0.206421 -0.141033 
-0.056347 0.243567 
0.209292 -0.136737 
-0.051301 0.244680 
0.212073 -0.132382 
-0.046232 0.245688 
0.214764 -0.127971 
-0.041144 0.246591 
0.217362 -0.123505 
-0.036039 0.247389 
0.219868 -0.118987 
-0.030919 0.248081 
0.222281 -0.114417 
-0.025786 0.248667 
0.224598 -0.109799 
-0.020642 0.249146 
0.226819 -0.105134 
-0.015489 0.249520 
0.228943 -0.100424 
-0.010330 0.249786 
0.230970 -0.095671 
-0.005166 0.249947 
0.232898 -0.090877 
0.000000 0.250000 
0.234726 -0.086044 
0.005166 0.249947 
0.236454 -0.081175 
0.010330 0.249786 
0.238081 -0.076271 
0.015489 0.249520 
0.239607 -0.071334 
0.020642 0.249146 
0.241030 -0.066366 
0.025786 0.248667 
0.242350 -0.061370 
0.030919 0.248081 
0.243567 -0.056347 
0.036039 0.247389 
0.244680 -0.051301 
0.041144 0.246591 
0.245688 -0.046232 
0.046232 0.245688 
0.246591 -0.041144 
0.051301 0.244680 
0.247389 -0.036039 
0.056347 0.243567 
0.248081 -0.030919 
0.061370 0.242350 
0.248667 -0.025786 
0.066366 0.241030 
0.249146 -0.020642 
0.071334 0.239607 
0.249520 -0.015489 
0.076271 0.238081 
0.249786 -0.010330 
0.081175 0.236454 
0.249947 -0.005166 
0.086044 0.234726 
0.250000 -0.000000 
0.090877 0.232898 
0.249947 0.005166 
0.095671 0.230970 
0.249786 0.010330 
0.100424 0.228943 
0.249520 0.015489 
0.105134 0.226819 
0.249146 0.020642 
0.109799 0.224598 
0.248667 0.025786 
0.114417 0.222281 
0.248081 0.030919 
0.118987 0.219868 
0.247389 0.036039 
0.123505 0.217362 
0.246591 0.041144 
0.127971 0.214764 
0.245688 0.046232 
0.132382 0.212073 
0.244680 0.051301 
0.136737 0.209292 
0.243567 0.056347 
0.141033 0.206421 
0.242350 0.061370 
0.145269 0.203462 
0.241030 0.066366 
0.149443 0.200416 
0.239607 0.071334 
0.153553 0.197285 
0.238081 0.076271 
0.157598 0.194070 
0.236454 0.081175 
0.161575 0.190771 
0.234726 0.086044 
0.165483 0.187391 
0.232898 0.090877 
0.169320 0.183931 
0.230970 0.095671 
0.173086 0.180392 
0.228943 0.100424 
0.176777 0.176777 
0.226819 0.105134 
0.180392 0.173086 
0.224598 0.109799 
0.183931 0.169320 
0.222281 0.114417 
0.187391 0.165483 
0.219868 0.118987 
0.190771 0.161575 
0.217362 0.123505 
0.194070 0.157598 
0.214764 0.127971 
0.197285 0.153553 
0.212073 0.132382 
0.200416 0.149443 
0.209292 0.136737 
0.206421 0.141033 
0.203462 0.145269 
-0.211239 -0.145764 
-0.207348 -0.145506 
-0.208235 -0.149997 
-0.210271 -0.141224 
-0.214114 -0.141448 
-0.204348 -0.149730 
-0.205202 -0.154186 
-0.213130 -0.136835 
-0.216922 -0.137075 
-0.201224 -0.153860 
-0.202031 -0.158271 
-0.215878 -0.132424 
-0.219710 -0.132611 
-0.198030 -0.157923 
-0.198804 -0.162319 
-0.218605 -0.127699 
-0.222365 -0.128140 
-0.224875 -0.124872 
-0.194761 -0.161929 
-0.195479 -0.166293 
-0.221918 -0.123192 
-0.226380 -0.121036 
-0.191411 -0.165867 
-0.192076 -0.170180 
-0.223993 -0.118092 
-0.228835 -0.116386 
-0.187988 -0.169741 
-0.188629 -0.174050 
-0.226621 -0.113165 
-0.231077 -0.111640 
-0.184488 -0.173541 
-0.185072 -0.177780 
-0.228918 -0.108399 
-0.233287 -0.106944 
-0.180913 -0.177266 
-0.181487 -0.181485 
-0.231106 -0.103709 
-0.235397 -0.102211 
-0.177263 -0.180925 
-0.177757 -0.185116 
-0.233157 -0.098942 
-0.237414 -0.097442 
-0.173562 -0.184499 
-0.173989 -0.188666 
-0.235110 -0.094195 
-0.239353 -0.092615 
-0.169783 -0.188037 
-0.170176 -0.192088 
-0.237036 -0.089400 
-0.241145 -0.087789 
-0.165867 -0.191421 
-0.166261 -0.195470 
-0.238795 -0.084500 
-0.242869 -0.082916 
-0.161926 -0.194766 
-0.162296 -0.198817 
-0.240480 -0.079619 
-0.244533 -0.078015 
-0.157923 -0.198067 
-0.158264 -0.202046 
-0.242098 -0.074704 
-0.246013 -0.073093 
-0.153833 -0.201229 
-0.154141 -0.205206 
-0.243529 -0.069697 
-0.247451 -0.068123 
-0.149674 -0.204349 
-0.149938 -0.208289 
-0.244899 -0.064716 
-0.248766 -0.063116 
-0.145447 -0.207383 
-0.145696 -0.211247 
-0.246147 -0.059719 
-0.249987 -0.058081 
-0.141114 -0.210324 
-0.141350 -0.214172 
-0.247314 -0.054684 
-0.251085 -0.053025 
-0.136554 -0.213213 
-0.136933 -0.217186 
-0.133850 -0.219680 
-0.248378 -0.049626 
-0.252118 -0.047967 
-0.132090 -0.216717 
-0.130020 -0.221252 
-0.249339 -0.044548 
-0.253006 -0.042863 
-0.126984 -0.218897 
-0.125536 -0.223876 
-0.250196 -0.039452 
-0.253814 -0.037756 
-0.122403 -0.221788 
-0.120909 -0.226359 
-0.250948 -0.034339 
-0.254531 -0.032639 
-0.117810 -0.224233 
-0.116302 -0.228773 
-0.251590 -0.029207 
-0.255162 -0.027498 
-0.113063 -0.226648 
-0.111626 -0.231076 
-0.252152 -0.024064 
-0.255682 -0.022349 
-0.108405 -0.228923 
-0.106956 -0.233292 
-0.252595 -0.018895 
-0.256048 -0.017181 
-0.103699 -0.231093 
-0.102209 -0.235408 
-0.252917 -0.013716 
-0.256371 -0.011977 
-0.098950 -0.233168 
-0.097430 -0.237419 
-0.253145 -0.008502 
-0.256525 -0.006784 
-0.094186 -0.235148 
-0.092626 -0.239323 
-0.253246 -0.003274 
-0.256590 -0.001533 
-0.089365 -0.237021 
-0.087789 -0.241137 
-0.256677 0.003861 
-0.253142 0.002166 
-0.257115 0.007822 
-0.084514 -0.238796 
-0.082921 -0.242867 
-0.253720 0.007776 
-0.256519 0.011763 
-0.079606 -0.240458 
-0.078018 -0.244489 
-0.252852 0.013320 
-0.256068 0.016920 
-0.074694 -0.242036 
-0.073082 -0.246010 
-0.252611 0.018669 
-0.255656 0.022234 
-0.069735 -0.243513 
-0.068114 -0.247458 
-0.252141 0.023990 
-0.255162 0.027444 
-0.064743 -0.244887 
-0.063092 -0.248749 
-0.251604 0.029164 
-0.254573 0.032595 
-0.059717 -0.246147 
-0.058069 -0.249993 
-0.250974 0.034287 
-0.253840 0.037734 
-0.054678 -0.247313 
-0.053013 -0.251111 
-0.250231 0.039411 
-0.253024 0.042842 
-0.049616 -0.248377 
-0.047935 -0.252120 
-0.249361 0.044517 
-0.252111 0.047933 
-0.044539 -0.249350 
-0.042840 -0.253023 
-0.248407 0.049594 
-0.251110 0.053004 
-0.039431 -0.250212 
-0.037704 -0.253860 
-0.247324 0.054669 
-0.249985 0.058059 
-0.034308 -0.250972 
-0.032585 -0.254550 
-0.246143 0.059708 
-0.248743 0.063082 
-0.029143 -0.251616 
-0.027438 -0.255160 
-0.244868 0.064718 
-0.247429 0.068085 
-0.023984 -0.252155 
-0.022275 -0.255652 
-0.243509 0.069698 
-0.245994 0.073043 
-0.018760 -0.252599 
-0.017016 -0.256101 
-0.242036 0.074652 
-0.244469 0.077981 
-0.013287 -0.252844 
-0.011794 -0.256461 
-0.007824 -0.257115 
-0.240463 0.079574 
-0.242849 0.082888 
-0.007799 -0.253734 
-0.003878 -0.256704 
-0.238789 0.084463 
-0.241130 0.087762 
-0.002313 -0.253282 
0.001488 -0.256626 
-0.237016 0.089317 
-0.239316 0.092601 
0.003275 -0.253251 
0.006791 -0.256518 
-0.235145 0.094134 
-0.237412 0.097406 
0.008519 -0.253134 
0.011961 -0.256352 
-0.233173 0.098919 
-0.235426 0.102191 
0.013685 -0.252913 
0.017142 -0.256059 
-0.231127 0.103687 
-0.233295 0.106912 
0.018872 -0.252578 
0.022325 -0.255665 
-0.228942 0.108390 
-0.231092 0.111624 
0.024038 -0.252148 
0.027480 -0.255157 
-0.226657 0.113049 
-0.228780 0.116278 
0.029190 -0.251600 
0.032621 -0.254550 
-0.224272 0.117709 
-0.226385 0.120864 
0.034318 -0.250961 
0.037740 -0.253831 
-0.221796 0.122264 
-0.223999 0.125456 
0.039411 -0.250224 
0.042847 -0.253042 
-0.218901 0.126938 
-0.221364 0.129767 
-0.219680 0.133847 
0.044518 -0.249355 
0.047933 -0.252121 
-0.216712 0.132054 
-0.217004 0.137072 
0.049586 -0.248413 
0.052994 -0.251107 
-0.213232 0.136466 
-0.214223 0.141523 
0.054657 -0.247336 
0.058052 -0.250005 
-0.210309 0.141140 
-0.211239 0.145727 
0.059678 -0.246219 
0.063074 -0.248801 
-0.207382 0.145398 
-0.208266 0.149943 
0.064707 -0.244891 
0.068065 -0.247437 
-0.204377 0.149636 
-0.205190 0.154130 
0.069691 -0.243505 
0.073032 -0.246030 
-0.201236 0.153821 
-0.202041 0.158266 
0.074644 -0.242033 
0.077971 -0.244510 
-0.198078 0.157909 
-0.198801 0.162297 
0.079563 -0.240462 
0.082879 -0.242869 
-0.194813 0.161942 
-0.195518 0.166295 
0.084448 -0.238801 
0.087756 -0.241183 
-0.191439 0.165882 
-0.192093 0.170171 
0.089300 -0.237046 
0.092599 -0.239343 
-0.188003 0.169744 
-0.188653 0.173995 
0.094143 -0.235202 
0.097411 -0.237436 
-0.184499 0.173533 
-0.185108 0.177774 
0.098956 -0.233189 
0.102214 -0.235430 
-0.180925 0.177258 
-0.181476 0.181471 
0.103685 -0.231103 
0.106930 -0.233289 
-0.177298 0.180905 
-0.177799 0.185107 
0.108419 -0.228930 
0.111656 -0.231091 
-0.173586 0.184506 
-0.174021 0.188619 
0.113144 -0.226627 
0.116347 -0.228895 
-0.169775 0.188019 
-0.170198 0.192078 
0.118125 -0.224048 
0.120958 -0.226462 
0.124847 -0.224898 
-0.165874 0.191414 
-0.166269 0.195460 
0.123118 -0.221704 
0.128317 -0.222427 
-0.161942 0.194765 
-0.162298 0.198777 
0.127741 -0.218738 
0.132718 -0.219773 
-0.157941 0.198061 
-0.158267 0.202017 
0.132458 -0.215906 
0.137099 -0.216943 
-0.153841 0.201233 
-0.154157 0.205176 
0.136835 -0.213143 
0.141446 -0.214140 
-0.149697 0.204336 
-0.149986 0.208241 
0.141204 -0.210307 
0.145766 -0.211267 
-0.145494 0.207364 
-0.145771 0.211274 
0.145482 -0.207382 
0.149974 -0.208247 
-0.141205 0.210328 
-0.141442 0.214144 
0.149675 -0.204345 
0.154126 -0.205199 
-0.136819 0.213112 
-0.137086 0.216926 
0.153844 -0.201265 
0.158238 -0.202080 
-0.132440 0.215878 
-0.132694 0.219723 
0.157910 -0.198046 
0.162291 -0.198796 
-0.127703 0.218560 
-0.128168 0.222340 
-0.124872 0.224869 
0.161934 -0.194783 
0.166261 -0.195477 
-0.123151 0.221907 
-0.120918 0.226405 
0.165879 -0.191440 
0.170170 -0.192099 
-0.117906 0.223946 
-0.116364 0.228838 
0.169751 -0.188007 
0.173993 -0.188654 
-0.113240 0.226633 
-0.111662 0.231084 
0.173542 -0.184492 
0.177760 -0.185096 
-0.108422 0.228922 
-0.106961 0.233288 
0.177261 -0.180914 
0.181485 -0.181471 
-0.103737 0.231113 
-0.102262 0.235399 
0.180916 -0.177255 
0.185091 -0.177759 
-0.098948 0.233164 
-0.097431 0.237399 
0.184491 -0.173524 
0.188622 -0.173999 
-0.094143 0.235127 
-0.092613 0.239321 
0.187992 -0.169728 
0.192102 -0.170181 
-0.089317 0.237012 
-0.087764 0.241132 
0.191418 -0.165860 
0.195491 -0.166265 
-0.084463 0.238789 
-0.082889 0.242851 
0.194761 -0.161927 
0.198782 -0.162297 
-0.079574 0.240463 
-0.077984 0.244481 
0.198034 -0.157937 
0.202051 -0.158287 
-0.074655 0.242028 
-0.073067 0.246024 
0.201260 -0.153870 
0.205213 -0.154172 
-0.069704 0.243501 
-0.068084 0.247440 
0.204378 -0.149650 
0.208273 -0.149949 
-0.064720 0.244869 
-0.063076 0.248748 
0.207393 -0.145398 
0.211241 -0.145689 
-0.059719 0.246146 
-0.058059 0.249953 
0.210313 -0.141108 
0.214198 -0.141341 
-0.054684 0.247314 
-0.053013 0.251069 
0.213186 -0.136480 
0.217027 -0.137061 
0.219675 -0.133904 
-0.049626 0.248378 
-0.047946 0.252085 
0.216699 -0.132106 
0.221261 -0.130034 
-0.044548 0.249339 
-0.042859 0.253000 
0.218972 -0.126947 
0.223829 -0.125513 
-0.039452 0.250196 
-0.037755 0.253811 
0.221761 -0.122278 
0.226348 -0.120860 
-0.034339 0.250948 
-0.032636 0.254520 
0.224241 -0.117692 
0.228771 -0.116275 
-0.029212 0.251597 
-0.027501 0.255124 
0.226657 -0.113049 
0.231079 -0.111599 
-0.024064 0.252125 
-0.022349 0.255632 
0.228947 -0.108402 
0.233301 -0.106928 
-0.018895 0.252587 
-0.017177 0.256059 
0.231124 -0.103682 
0.235410 -0.102221 
-0.013722 0.252906 
-0.011984 0.256358 
0.233165 -0.098925 
0.237410 -0.097418 
-0.008503 0.253124 
-0.006797 0.256513 
0.235127 -0.094138 
0.239324 -0.092617 
-0.003298 0.253224 
-0.001537 0.256626 
0.236998 -0.089320 
0.241141 -0.087778 
0.002151 0.253099 
0.003665 0.256640 
0.007850 0.257154 
0.238771 -0.084467 
0.242860 -0.082904 
0.007797 0.253617 
0.011936 0.256414 
0.240446 -0.079578 
0.244481 -0.077996 
0.013338 0.252784 
0.017146 0.256139 
0.242028 -0.074654 
0.246037 -0.073052 
0.018795 0.252575 
0.022298 0.255656 
0.243509 -0.069698 
0.247448 -0.068073 
0.023967 0.252157 
0.027442 0.255166 
0.244876 -0.064709 
0.248758 -0.063061 
0.029162 0.251616 
0.032604 0.254548 
0.246144 -0.059697 
0.249992 -0.058030 
0.034292 0.250979 
0.037736 0.253859 
0.247309 -0.054662 
0.251104 -0.052986 
0.039431 0.250218 
0.042858 0.253073 
0.248369 -0.049609 
0.252103 -0.047938 
0.044531 0.249396 
0.047946 0.252110 
0.249327 -0.044538 
0.253015 -0.042853 
0.049638 0.248392 
0.053019 0.251075 
0.250196 -0.039452 
0.253860 -0.037736 
0.054696 0.247309 
0.058069 0.249954 
0.251003 -0.034313 
0.254598 -0.032621 
0.059722 0.246136 
0.063114 0.248759 
0.251639 -0.029149 
0.255178 -0.027455 
0.064734 0.244874 
0.068093 0.247429 
0.252168 -0.023976 
0.255662 -0.022304 
0.069737 0.243542 
0.073050 0.246037 
0.252584 -0.018806 
0.256143 -0.017147 
0.074663 0.242036 
0.077996 0.244480 
0.252817 -0.013347 
0.256442 -0.011927 
0.257154 -0.007852 
0.079584 0.240452 
0.082921 0.242866 
0.253690 -0.007780 
0.256642 -0.003691 
0.084471 0.238773 
0.087778 0.241141 
0.253096 -0.002165 
0.256647 0.001559 
0.089321 0.236998 
0.092617 0.239324 
0.253243 0.003287 
0.256520 0.006794 
0.094136 0.235126 
0.097418 0.237410 
0.253129 0.008465 
0.256359 0.011971 
0.098915 0.233157 
0.102180 0.235399 
0.252942 0.013681 
0.256098 0.017161 
0.103663 0.231094 
0.106917 0.233294 
0.252587 0.018892 
0.255640 0.022345 
0.108396 0.228944 
0.111598 0.231082 
0.252126 0.024061 
0.255131 0.027498 
0.113048 0.226663 
0.116271 0.228781 
0.251586 0.029205 
0.254568 0.032637 
0.117706 0.224256 
0.120852 0.226357 
0.250942 0.034329 
0.253839 0.037736 
0.122248 0.221776 
0.125477 0.223846 
0.250188 0.039438 
0.253035 0.042843 
0.126912 0.218965 
0.130002 0.221279 
0.249333 0.044533 
0.252125 0.047929 
0.132108 0.216694 
0.133891 0.219601 
0.248369 0.049612 
0.251087 0.053006 
0.136550 0.213160 
0.137046 0.217019 
0.247301 0.054671 
0.249968 0.058053 
0.141152 0.210287 
0.141372 0.214174 
0.246134 0.059706 
0.248748 0.063076 
0.145482 0.207387 
0.145725 0.211231 
0.244867 0.064717 
0.247418 0.068075 
0.149697 0.204345 
0.149984 0.208266 
0.243509 0.069698 
0.246029 0.073052 
0.153835 0.201247 
0.154130 0.205204 
0.242036 0.074652 
0.244477 0.077982 
0.157903 0.198039 
0.158242 0.202054 
0.240463 0.079574 
0.242860 0.082888 
0.161909 0.194770 
0.162280 0.198807 
0.238789 0.084463 
0.241157 0.087764 
0.165849 0.191427 
0.166250 0.195508 
0.237021 0.089328 
0.239376 0.092639 
0.169721 0.188004 
0.170154 0.192121 
0.235172 0.094182 
0.237425 0.097450 
0.173527 0.184503 
0.173991 0.188648 
0.233173 0.098964 
0.235397 0.102209 
0.177263 0.180930 
0.177779 0.185108 
0.231102 0.103711 
0.233283 0.106944 
0.180917 0.177274 
0.181479 0.181481 
0.228922 0.108427 
0.231077 0.111631 
0.184496 0.173546 
0.185088 0.177792 
0.226606 0.113135 
0.228845 0.116324 
0.187993 0.169732 
0.188640 0.174022 
0.223969 0.118039 
0.226404 0.120897 
0.191413 0.165855 
0.192089 0.170164 
0.221863 0.123176 
0.224891 0.124847 
0.194756 0.161915 
0.195477 0.166261 
0.218540 0.127743 
0.222360 0.128216 
0.198020 0.157909 
0.198786 0.162290 
0.215874 0.132431 
0.219701 0.132630 
0.201205 0.153841 
0.202014 0.158253 
0.213147 0.136837 
0.216928 0.137078 
0.204316 0.149710 
0.210278 0.141207 
0.207360 0.145490 
0.205171 0.154172 
0.214149 0.141432 
0.208240 0.149993 
0.211214 0.145747 
*ELEMENT
num-elem: 1860
num-elem-node: 3
elem-conn:
621 3 1
1 623 621
622 621 623
623 626 622
318 622 626
626 320 318
320 626 630
630 322 320
322 630 634
634 324 322
324 634 639
639 326 324
326 639 643
643 328 326
328 643 647
647 330 328
330 647 651
651 332 330
332 651 655
655 334 332
334 655 659
659 336 334
336 659 663
663 338 336
338 663 667
667 340 338
340 667 671
671 342 340
342 671 675
675 344 342
344 675 679
679 346 344
346 679 683
683 348 346
348 683 687
687 350 348
350 687 691
691 352 350
352 691 695
695 354 352
354 695 699
699 356 354
356 699 704
704 358 356
358 704 708
708 360 358
360 708 712
712 362 360
362 712 716
716 364 362
364 716 720
720 366 364
366 720 724
724 368 366
368 724 728
728 370 368
370 728 732
732 372 370
372 732 736
736 374 372
374 736 740
740 376 374
376 740 745
745 378 376
378 745 749
749 380 378
380 749 753
753 382 380
382 753 757
757 384 382
384 757 761
761 386 384
386 761 765
765 388 386
388 765 769
769 390 388
390 769 773
773 392 390
392 773 777
777 394 392
394 777 781
781 396 394
396 781 785
785 398 396
398 785 789
789 400 398
400 789 793
793 402 400
402 793 797
797 404 402
404 797 801
801 406 404
406 801 806
806 408 406
408 806 810
810 410 408
410 810 814
814 412 410
412 814 818
818 414 412
414 818 822
822 416 414
416 822 826
826 418 416
418 826 830
830 420 418
420 830 834
834 422 420
422 834 838
838 424 422
424 838 842
842 426 424
426 842 847
847 428 426
428 847 851
851 430 428
430 851 855
855 432 430
432 855 859
859 434 432
434 859 863
863 436 434
436 863 867
867 438 436
438 867 871
871 440 438
440 871 875
875 442 440
442 875 879
879 444 442
444 879 883
883 446 444
446 883 887
887 448 446
448 887 891
891 450 448
450 891 895
895 452 450
452 895 899
899 454 452
454 899 903
903 456 454
456 903 907
907 458 456
458 907 912
912 460 458
460 912 916
916 462 460
462 916 920
920 464 462
464 920 924
924 466 464
466 924 928
928 468 466
468 928 932
932 470 468
470 932 936
936 472 470
472 936 940
940 474 472
474 940 944
944 476 474
476 944 949
949 478 476
478 949 953
953 480 478
480 953 957
957 482 480
482 957 961
961 484 482
484 961 965
965 486 484
486 965 969
969 488 486
488 969 973
973 490 488
490 973 977
977 492 490
492 977 981
981 494 492
494 981 985
985 496 494
496 985 989
989 498 496
498 989 993
993 500 498
500 993 997
997 502 500
502 997 1001
1001 504 502
504 1001 1005
1005 506 504
506 1005 1009
1009 508 506
508 1009 1014
1014 510 508
510 1014 1018
1018 512 510
512 1018 1022
1022 514 512
514 1022 1026
1026 516 514
516 1026 1030
1030 518 516
518 1030 1034
1034 520 518
520 1034 1038
1038 522 520
522 1038 1042
1042 524 522
524 1042 1046
1046 526 524
526 1046 1050
1050 528 526
528 1050 1055
1055 530 528
530 1055 1059
1059 532 530
532 1059 1063
1063 534 532
534 1063 1067
1067 536 534
536 1067 1071
1071 538 536
538 1071 1075
1075 540 538
540 1075 1079
1079 542 540
542 1079 1083
1083 544 542
544 1083 1087
1087 546 544
546 1087 1091
1091 548 546
548 1091 1095
1095 550 548
550 1095 1099
1099 552 550
552 1099 1103
1103 554 552
554 1103 1107
1107 556 554
556 1107 1111
1111 558 556
558 1111 1116
1116 560 558
560 1116 1120
1120 562 560
562 1120 1124
1124 564 562
564 1124 1128
1128 566 564
566 1128 1132
1132 568 566
568 1132 1136
1136 570 568
570 1136 1140
1140 572 570
572 1140 1144
1144 574 572
574 1144 1148
1148 576 574
576 1148 1152
1152 578 576
578 1152 1156
1156 580 578
580 1156 1160
1160 582 580
582 1160 1164
1164 584 582
584 1164 1168
1168 586 584
586 1168 1172
1172 588 586
588 1172 1176
1176 590 588
590 1176 1180
1180 592 590
592 1180 1184
1184 594 592
594 1184 1188
1188 596 594
596 1188 1192
1192 598 596
598 1192 1196
1196 600 598
600 1196 1200
1200 602 600
602 1200 1204
1204 604 602
604 1204 1208
1208 606 604
606 1208 1212
1212 608 606
608 1212 1216
1216 610 608
610 1216 1220
1220 612 610
612 1220 1224
1224 614 612
614 1224 1228
1228 616 614
616 1228 1232
1232 618 616
618 1232 1235
1235 619 618
619 1235 1236
1236 620 619
620 1236 1234
1234 617 620
617 1234 1230
1230 615 617
615 1230 1226
1226 613 615
613 1226 1222
1222 611 613
611 1222 1218
1218 609 611
609 1218 1214
1214 607 609
607 1214 1210
1210 605 607
605 1210 1206
1206 603 605
603 1206 1202
1202 601 603
601 1202 1198
1198 599 601
599 1198 1194
1194 597 599
597 1194 1190
1190 595 597
595 1190 1186
1186 593 595
593 1186 1182
1182 591 593
591 1182 1178
1178 589 591
589 1178 1174
1174 587 589
587 1174 1170
1170 585 587
585 1170 1166
1166 583 585
583 1166 1162
1162 581 583
581 1162 1158
1158 579 581
579 1158 1154
1154 577 579
577 1154 1150
1150 575 577
575 1150 1146
1146 573 575
573 1146 1142
1142 571 573
571 1142 1138
1138 569 571
569 1138 1134
1134 567 569
567 1134 1130
1130 565 567
565 1130 1126
1126 563 565
563 1126 1122
1122 561 563
561 1122 1118
1118 559 561
559 1118 1114
1114 557 559
557 1114 1109
1109 555 557
555 1109 1105
1105 553 555
553 1105 1101
1101 551 553
551 1101 1097
1097 549 551
549 1097 1093
1093 547 549
547 1093 1089
1089 545 547
545 1089 1085
1085 543 545
543 1085 1081
1081 541 543
541 1081 1077
1077 539 541
539 1077 1073
1073 537 539
537 1073 1069
1069 535 537
535 1069 1065
1065 533 535
533 1065 1061
1061 531 533
531 1061 1057
1057 529 531
529 1057 1052
1052 527 529
527 1052 1048
1048 525 527
525 1048 1044
1044 523 525
523 1044 1040
1040 521 523
521 1040 1036
1036 519 521
519 1036 1032
1032 517 519
517 1032 1028
1028 515 517
515 1028 1024
1024 513 515
513 1024 1020
1020 511 513
511 1020 1016
1016 509 511
509 1016 1012
1012 507 509
507 1012 1007
1007 505 507
505 1007 1003
1003 503 505
503 1003 999
999 501 503
501 999 995
995 499 501
499 995 991
991 497 499
497 991 987
987 495 497
495 987 983
983 493 495
493 983 979
979 491 493
491 979 975
975 489 491
489 975 971
971 487 489
487 971 967
967 485 487
485 967 963
963 483 485
483 963 959
959 481 483
481 959 955
955 479 481
479 955 951
951 477 479
477 951 946
946 475 477
475 946 942
942 473 475
473 942 938
938 471 473
471 938 934
934 469 471
469 934 930
930 467 469
467 930 926
926 465 467
465 926 922
922 463 465
463 922 918
918 461 463
461 918 914
914 459 461
459 914 910
910 457 459
457 910 905
905 455 457
455 905 901
901 453 455
453 901 897
897 451 453
451 897 893
893 449 451
449 893 889
889 447 449
447 889 885
885 445 447
445 885 881
881 443 445
443 881 877
877 441 443
441 877 873
873 439 441
439 873 869
869 437 439
437 869 865
865 435 437
435 865 861
861 433 435
433 861 857
857 431 433
431 857 853
853 429 431
429 853 849
849 427 429
427 849 844
844 425 427
425 844 840
840 423 425
423 840 836
836 421 423
421 836 832
832 419 421
419 832 828
828 417 419
417 828 824
824 415 417
415 824 820
820 413 415
413 820 816
816 411 413
411 816 812
812 409 411
409 812 808
808 407 409
407 808 804
804 405 407
405 804 799
799 403 405
403 799 795
795 401 403
401 795 791
791 399 401
399 791 787
787 397 399
397 787 783
783 395 397
395 783 779
779 393 395
393 779 775
775 391 393
391 775 771
771 389 391
389 771 767
767 387 389
387 767 763
763 385 387
385 763 759
759 383 385
383 759 755
755 381 383
381 755 751
751 379 381
379 751 747
747 377 379
377 747 743
743 375 377
375 743 738
738 373 375
373 738 734
734 371 373
371 734 730
730 369 371
369 730 726
726 367 369
367 726 722
722 365 367
365 722 718
718 363 365
363 718 714
714 361 363
361 714 710
710 359 361
359 710 706
706 357 359
357 706 702
702 355 357
355 702 697
697 353 355
353 697 693
693 351 353
351 693 689
689 349 351
349 689 685
685 347 349
347 685 681
681 345 347
345 681 677
677 343 345
343 677 673
673 341 343
341 673 669
669 339 341
339 669 665
665 337 339
337 665 661
661 335 337
335 661 657
657 333 335
333 657 653
653 331 333
331 653 649
649 329 331
329 649 645
645 327 329
327 645 641
641 325 327
325 641 636
636 323 325
323 636 632
632 321 323
321 632 628
628 319 321
319 628 624
624 2 319
2 624 622
625 624 628
628 629 625
5 625 629
629 7 5
7 629 633
633 9 7
9 633 637
637 10 9
10 637 638
638 12 10
12 638 642
642 14 12
14 642 646
646 16 14
16 646 650
650 18 16
18 650 654
654 20 18
20 654 658
658 22 20
22 658 662
662 24 22
24 662 666
666 26 24
26 666 670
670 28 26
28 670 674
674 30 28
30 674 678
678 32 30
32 678 682
682 34 32
34 682 686
686 36 34
36 686 690
690 38 36
38 690 694
694 40 38
40 694 698
698 43 40
43 698 703
703 45 43
45 703 707
707 47 45
47 707 711
711 49 47
49 711 715
715 51 49
51 715 719
719 53 51
53 719 723
723 55 53
55 723 727
727 57 55
57 727 731
731 59 57
59 731 735
735 61 59
61 735 739
739 63 61
63 739 742
742 64 63
64 742 744
744 66 64
66 744 748
748 68 66
68 748 752
752 70 68
70 752 756
756 72 70
72 756 760
760 74 72
74 760 764
764 76 74
76 764 768
768 78 76
78 768 772
772 80 78
80 772 776
776 82 80
82 776 780
780 84 82
84 780 784
784 86 84
86 784 788
788 88 86
88 788 792
792 90 88
90 792 796
796 92 90
92 796 800
800 95 92
95 800 805
805 97 95
97 805 809
809 99 97
99 809 813
813 101 99
101 813 817
817 103 101
103 817 821
821 105 103
105 821 825
825 107 105
107 825 829
829 109 107
109 829 833
833 111 109
111 833 837
837 113 111
113 837 841
841 115 113
115 841 845
845 116 115
116 845 846
846 118 116
118 846 850
850 120 118
120 850 854
854 122 120
122 854 858
858 124 122
124 858 862
862 126 124
126 862 866
866 128 126
128 866 870
870 130 128
130 870 874
874 132 130
132 874 878
878 134 132
134 878 882
882 136 134
136 882 886
886 138 136
138 886 890
890 140 138
140 890 894
894 142 140
142 894 898
898 144 142
144 898 902
902 146 144
146 902 906
906 149 146
149 906 911
911 151 149
151 911 915
915 153 151
153 915 919
919 155 153
155 919 923
923 157 155
157 923 927
927 159 157
159 927 931
931 161 159
161 931 935
935 163 161
163 935 939
939 165 163
165 939 943
943 167 165
167 943 947
947 168 167
168 947 948
948 170 168
170 948 952
952 172 170
172 952 956
956 174 172
174 956 960
960 176 174
176 960 964
964 178 176
178 964 968
968 180 178
180 968 972
972 182 180
182 972 976
976 184 182
184 976 980
980 186 184
186 980 984
984 188 186
188 984 988
988 190 188
190 988 992
992 192 190
192 992 996
996 194 192
194 996 1000
1000 196 194
196 1000 1004
1004 198 196
198 1004 1008
1008 201 198
201 1008 1013
1013 203 201
203 1013 1017
1017 205 203
205 1017 1021
1021 207 205
207 1021 1025
1025 209 207
209 1025 1029
1029 211 209
211 1029 1033
1033 213 211
213 1033 1037
1037 215 213
215 1037 1041
1041 217 215
217 1041 1045
1045 219 217
219 1045 1049
1049 221 219
221 1049 1053
1053 223 221
223 1053 1054
1054 225 223
225 1054 1058
1058 227 225
227 1058 1062
1062 229 227
229 1062 1066
1066 231 229
231 1066 1070
1070 233 231
233 1070 1074
1074 235 233
235 1074 1078
1078 237 235
237 1078 1082
1082 239 237
239 1082 1086
1086 241 239
241 1086 1090
1090 243 241
243 1090 1094
1094 245 243
245 1094 1098
1098 247 245
247 1098 1102
1102 249 247
249 1102 1106
1106 251 249
251 1106 1110
1110 253 251
253 1110 1115
1115 255 253
255 1115 1119
1119 257 255
257 1119 1123
1123 259 257
259 1123 1127
1127 261 259
261 1127 1131
1131 263 261
263 1131 1135
1135 265 263
265 1135 1139
1139 267 265
267 1139 1143
1143 269 267
269 1143 1147
1147 271 269
271 1147 1151
1151 273 271
273 1151 1155
1155 275 273
275 1155 1159
1159 277 275
277 1159 1163
1163 279 277
279 1163 1167
1167 281 279
281 1167 1171
1171 283 281
283 1171 1175
1175 285 283
285 1175 1179
1179 287 285
287 1179 1183
1183 289 287
289 1183 1187
1187 291 289
291 1187 1191
1191 293 291
293 1191 1195
1195 295 293
295 1195 1199
1199 297 295
297 1199 1203
1203 299 297
299 1203 1207
1207 301 299
301 1207 1211
1211 303 301
303 1211 1215
1215 305 303
305 1215 1219
1219 307 305
307 1219 1223
1223 309 307
309 1223 1227
1227 311 309
311 1227 1231
1231 313 311
313 1231 1237
1237 315 313
315 1237 1239
1239 317 315
317 1239 1240
1240 316 317
316 1240 1238
1238 314 316
314 1238 1233
1233 312 314
312 1233 1229
1229 310 312
310 1229 1225
1225 308 310
308 1225 1221
1221 306 308
306 1221 1217
1217 304 306
304 1217 1213
1213 302 304
302 1213 1209
1209 300 302
300 1209 1205
1205 298 300
298 1205 1201
1201 296 298
296 1201 1197
1197 294 296
294 1197 1193
1193 292 294
292 1193 1189
1189 290 292
290 1189 1185
1185 288 290
288 1185 1181
1181 286 288
286 1181 1177
1177 284 286
284 1177 1173
1173 282 284
282 1173 1169
1169 280 282
280 1169 1165
1165 278 280
278 1165 1161
1161 276 278
276 1161 1157
1157 274 276
274 1157 1153
1153 272 274
272 1153 1149
1149 270 272
270 1149 1145
1145 268 270
268 1145 1141
1141 266 268
266 1141 1137
1137 264 266
264 1137 1133
1133 262 264
262 1133 1129
1129 260 262
260 1129 1125
1125 258 260
258 1125 1121
1121 256 258
256 1121 1117
1117 254 256
254 1117 1113
1113 252 254
252 1113 1112
1112 250 252
250 1112 1108
1108 248 250
248 1108 1104
1104 246 248
246 1104 1100
1100 244 246
244 1100 1096
1096 242 244
242 1096 1092
1092 240 242
240 1092 1088
1088 238 240
238 1088 1084
1084 236 238
236 1084 1080
1080 234 236
234 1080 1076
1076 232 234
232 1076 1072
1072 230 232
230 1072 1068
1068 228 230
228 1068 1064
1064 226 228
226 1064 1060
1060 224 226
224 1060 1056
1056 222 224
222 1056 1051
1051 220 222
220 1051 1047
1047 218 220
218 1047 1043
1043 216 218
216 1043 1039
1039 214 216
214 1039 1035
1035 212 214
212 1035 1031
1031 210 212
210 1031 1027
1027 208 210
208 1027 1023
1023 206 208
206 1023 1019
1019 204 206
204 1019 1015
1015 202 204
202 1015 1011
1011 200 202
200 1011 1010
1010 199 200
199 1010 1006
1006 197 199
197 1006 1002
1002 195 197
195 1002 998
998 193 195
193 998 994
994 191 193
191 994 990
990 189 191
189 990 986
986 187 189
187 986 982
982 185 187
185 982 978
978 183 185
183 978 974
974 181 183
181 974 970
970 179 181
179 970 966
966 177 179
177 966 962
962 175 177
175 962 958
958 173 175
173 958 954
954 171 173
171 954 950
950 169 171
169 950 945
945 166 169
166 945 941
941 164 166
164 941 937
937 162 164
162 937 933
933 160 162
160 933 929
929 158 160
158 929 925
925 156 158
156 925 921
921 154 156
154 921 917
917 152 154
152 917 913
913 150 152
150 913 909
909 148 150
148 909 908
908 147 148
147 908 904
904 145 147
145 904 900
900 143 145
143 900 896
896 141 143
141 896 892
892 139 141
139 892 888
888 137 139
137 888 884
884 135 137
135 884 880
880 133 135
133 880 876
876 131 133
131 876 872
872 129 131
129 872 868
868 127 129
127 868 864
864 125 127
125 864 860
860 123 125
123 860 856
856 121 123
121 856 852
852 119 121
119 852 848
848 117 119
117 848 843
843 114 117
114 843 839
839 112 114
112 839 835
835 110 112
110 835 831
831 108 110
108 831 827
827 106 108
106 827 823
823 104 106
104 823 819
819 102 104
102 819 815
815 100 102
100 815 811
811 98 100
98 811 807
807 96 98
96 807 803
803 94 96
94 803 802
802 93 94
93 802 798
798 91 93
91 798 794
794 89 91
89 794 790
790 87 89
87 790 786
786 85 87
85 786 782
782 83 85
83 782 778
778 81 83
81 778 774
774 79 81
79 774 770
770 77 79
77 770 766
766 75 77
75 766 762
762 73 75
73 762 758
758 71 73
71 758 754
754 69 71
69 754 750
750 67 69
67 750 746
746 65 67
65 746 741
741 62 65
62 741 737
737 60 62
60 737 733
733 58 60
58 733 729
729 56 58
56 729 725
725 54 56
54 725 721
721 52 54
52 721 717
717 50 52
50 717 713
713 48 50
48 713 709
709 46 48
46 709 705
705 44 46
44 705 701
701 42 44
42 701 700
700 41 42
41 700 696
696 39 41
39 696 692
692 37 39
37 692 688
688 35 37
35 688 684
684 33 35
33 684 680
680 31 33
31 680 676
676 29 31
29 676 672
672 27 29
27 672 668
668 25 27
25 668 664
664 23 25
23 664 660
660 21 23
21 660 656
656 19 21
19 656 652
652 17 19
17 652 648
648 15 17
15 648 644
644 13 15
13 644 640
640 11 13
11 640 635
635 8 11
8 635 631
631 6 8
6 631 627
627 4 6
4 627 623
630 627 631
634 631 635
639 635 640
643 640 644
647 644 648
651 648 652
655 652 656
659 656 660
663 660 664
667 664 668
671 668 672
675 672 676
679 676 680
683 680 684
687 684 688
691 688 692
695 692 696
699 696 700
701 704 700
701 705 704
708 705 709
712 709 713
716 713 717
720 717 721
724 721 725
728 725 729
732 729 733
736 733 737
740 737 741
745 741 746
749 746 750
753 750 754
757 754 758
761 758 762
765 762 766
769 766 770
773 770 774
777 774 778
781 778 782
785 782 786
789 786 790
793 790 794
797 794 798
801 798 802
803 806 802
803 807 806
810 807 811
814 811 815
818 815 819
822 819 823
826 823 827
830 827 831
834 831 835
838 835 839
842 839 843
847 843 848
851 848 852
855 852 856
859 856 860
863 860 864
867 864 868
871 868 872
875 872 876
879 876 880
883 880 884
887 884 888
891 888 892
895 892 896
899 896 900
903 900 904
907 904 908
909 912 908
909 913 912
916 913 917
920 917 921
924 921 925
928 925 929
932 929 933
936 933 937
940 937 941
944 941 945
949 945 950
953 950 954
957 954 958
961 958 962
965 962 966
969 966 970
973 970 974
977 974 978
981 978 982
985 982 986
989 986 990
993 990 994
997 994 998
1001 998 1002
1005 1002 1006
1009 1006 1010
1011 1014 1010
1011 1015 1014
1018 1015 1019
1022 1019 1023
1026 1023 1027
1030 1027 1031
1034 1031 1035
1038 1035 1039
1042 1039 1043
1046 1043 1047
1050 1047 1051
1055 1051 1056
1059 1056 1060
1063 1060 1064
1067 1064 1068
1071 1068 1072
1075 1072 1076
1079 1076 1080
1083 1080 1084
1087 1084 1088
1091 1088 1092
1095 1092 1096
1099 1096 1100
1103 1100 1104
1107 1104 1108
1111 1108 1112
1113 1116 1112
1113 1117 1116
1120 1117 1121
1124 1121 1125
1128 1125 1129
1132 1129 1133
1136 1133 1137
1140 1137 1141
1144 1141 1145
1148 1145 1149
1152 1149 1153
1156 1153 1157
1160 1157 1161
1164 1161 1165
1168 1165 1169
1172 1169 1173
1176 1173 1177
1180 1177 1181
1184 1181 1185
1188 1185 1189
1192 1189 1193
1196 1193 1197
1200 1197 1201
1204 1201 1205
1208 1205 1209
1212 1209 1213
1216 1213 1217
1221 1220 1217
1221 1225 1220
1224 1225 1229
1228 1229 1233
1232 1233 1238
1235 1238 1240
1236 1240 1239
1234 1239 1237
1230 1237 1231
1226 1231 1227
1222 1227 1223
1218 1223 1219
1214 1219 1215
1210 1215 1211
1206 1211 1207
1202 1207 1203
1198 1203 1199
1194 1199 1195
1190 1195 1191
1186 1191 1187
1182 1187 1183
1178 1183 1179
1174 1179 1175
1170 1175 1171
1166 1171 1167
1162 1167 1163
1159 1158 1163
1159 1155 1158
1154 1155 1151
1150 1151 1147
1146 1147 1143
1142 1143 1139
1138 1139 1135
1134 1135 1131
1130 1131 1127
1126 1127 1123
1122 1123 1119
1118 1119 1115
1114 1115 1110
1109 1110 1106
1105 1106 1102
1101 1102 1098
1097 1098 1094
1093 1094 1090
1089 1090 1086
1085 1086 1082
1081 1082 1078
1077 1078 1074
1073 1074 1070
1069 1070 1066
1065 1066 1062
1061 1062 1058
1054 1057 1058
1054 1053 1057
1052 1053 1049
1048 1049 1045
1044 1045 1041
1040 1041 1037
1036 1037 1033
1032 1033 1029
1028 1029 1025
1024 1025 1021
1020 1021 1017
1016 1017 1013
1012 1013 1008
1007 1008 1004
1003 1004 1000
999 1000 996
995 996 992
991 992 988
987 988 984
983 984 980
979 980 976
975 976 972
971 972 968
967 968 964
963 964 960
959 960 956
955 956 952
948 951 952
948 947 951
946 947 943
942 943 939
938 939 935
934 935 931
930 931 927
926 927 923
922 923 919
918 919 915
914 915 911
910 911 906
905 906 902
901 902 898
897 898 894
893 894 890
889 890 886
885 886 882
881 882 878
877 878 874
873 874 870
869 870 866
865 866 862
861 862 858
857 858 854
853 854 850
846 849 850
846 845 849
845 841 844
840 841 837
836 837 833
832 833 829
828 829 825
824 825 821
820 821 817
816 817 813
812 813 809
808 809 805
804 805 800
799 800 796
795 796 792
791 792 788
787 788 784
783 784 780
779 780 776
775 776 772
771 772 768
767 768 764
763 764 760
759 760 756
755 756 752
751 752 748
744 747 748
744 742 747
743 742 739
738 739 735
734 735 731
730 731 727
726 727 723
722 723 719
718 719 715
714 715 711
710 711 707
706 707 703
702 703 698
697 698 694
693 694 690
689 690 686
685 686 682
681 682 678
677 678 674
673 674 670
669 670 666
665 666 662
661 662 658
657 658 654
653 654 650
649 650 646
645 646 642
638 641 642
638 637 641
636 637 633
632 633 629
625 5 3
624 625 621
629 628 632
633 632 636
637 636 641
642 641 645
646 645 649
650 649 653
654 653 657
658 657 661
662 661 665
666 665 669
670 669 673
674 673 677
678 677 681
682 681 685
686 685 689
690 689 693
694 693 697
698 697 702
703 702 706
707 706 710
711 710 714
715 714 718
719 718 722
723 722 726
727 726 730
731 730 734
735 734 738
739 738 743
742 743 747
748 747 751
752 751 755
756 755 759
760 759 763
764 763 767
768 767 771
772 771 775
776 775 779
780 779 783
784 783 787
788 787 791
792 791 795
796 795 799
800 799 804
805 804 808
809 808 812
813 812 816
817 816 820
821 820 824
825 824 828
829 828 832
833 832 836
837 836 840
841 840 844
845 844 849
850 849 853
854 853 857
858 857 861
862 861 865
866 865 869
870 869 873
874 873 877
878 877 881
882 881 885
886 885 889
890 889 893
894 893 897
898 897 901
902 901 905
906 905 910
911 910 914
915 914 918
919 918 922
923 922 926
927 926 930
931 930 934
935 934 938
939 938 942
943 942 946
947 946 951
952 951 955
956 955 959
960 959 963
964 963 967
968 967 971
972 971 975
976 975 979
980 979 983
984 983 987
988 987 991
992 991 995
996 995 999
1000 999 1003
1004 1003 1007
1008 1007 1012
1013 1012 1016
1017 1016 1020
1021 1020 1024
1025 1024 1028
1029 1028 1032
1033 1032 1036
1037 1036 1040
1041 1040 1044
1045 1044 1048
1049 1048 1052
1053 1052 1057
1058 1057 1061
1062 1061 1065
1066 1065 1069
1070 1069 1073
1074 1073 1077
1078 1077 1081
1082 1081 1085
1086 1085 1089
1090 1089 1093
1094 1093 1097
1098 1097 1101
1102 1101 1105
1106 1105 1109
1110 1109 1114
1115 1114 1118
1119 1118 1122
1123 1122 1126
1127 1126 1130
1131 1130 1134
1135 1134 1138
1139 1138 1142
1143 1142 1146
1147 1146 1150
1151 1150 1154
1155 1154 1158
1163 1158 1162
1167 1162 1166
1171 1166 1170
1175 1170 1174
1179 1174 1178
1183 1178 1182
1187 1182 1186
1191 1186 1190
1195 1190 1194
1199 1194 1198
1203 1198 1202
1207 1202 1206
1211 1206 1210
1215 1210 1214
1219 1214 1218
1223 1218 1222
1227 1222 1226
1231 1226 1230
1237 1230 1234
1239 1234 1236
1240 1236 1235
1238 1235 1232
1233 1232 1228
1229 1228 1224
1225 1224 1220
1217 1220 1216
1213 1216 1212
1209 1212 1208
1205 1208 1204
1201 1204 1200
1197 1200 1196
1193 1196 1192
1189 1192 1188
1185 1188 1184
1181 1184 1180
1177 1180 1176
1173 1176 1172
1169 1172 1168
1165 1168 1164
1161 1164 1160
1157 1160 1156
1153 1156 1152
1149 1152 1148
1145 1148 1144
1141 1144 1140
1137 1140 1136
1133 1136 1132
1129 1132 1128
1125 1128 1124
1121 1124 1120
1117 1120 1116
1112 1116 1111
1108 1111 1107
1104 1107 1103
1100 1103 1099
1096 1099 1095
1092 1095 1091
1088 1091 1087
1084 1087 1083
1080 1083 1079
1076 1079 1075
1072 1075 1071
1068 1071 1067
1064 1067 1063
1060 1063 1059
1056 1059 1055
1051 1055 1050
1047 1050 1046
1043 1046 1042
1039 1042 1038
1035 1038 1034
1031 1034 1030
1027 1030 1026
1023 1026 1022
1019 1022 1018
1015 1018 1014
1010 1014 1009
1006 1009 1005
1002 1005 1001
998 1001 997
994 997 993
990 993 989
986 989 985
982 985 981
978 981 977
974 977 973
970 973 969
966 969 965
962 965 961
958 961 957
954 957 953
950 953 949
945 949 944
941 944 940
937 940 936
933 936 932
929 932 928
925 928 924
921 924 920
917 920 916
913 916 912
908 912 907
904 907 903
900 903 899
896 899 895
892 895 891
888 891 887
884 887 883
880 883 879
876 879 875
872 875 871
868 871 867
864 867 863
860 863 859
856 859 855
852 855 851
848 851 847
843 847 842
839 842 838
835 838 834
831 834 830
827 830 826
823 826 822
819 822 818
815 818 814
811 814 810
807 810 806
802 806 801
798 801 797
794 797 793
790 793 789
786 789 785
782 785 781
778 781 777
774 777 773
770 773 769
766 769 765
762 765 761
758 761 757
754 757 753
750 753 749
746 749 745
741 745 740
737 740 736
733 736 732
729 732 728
725 728 724
721 724 720
717 720 716
713 716 712
709 712 708
705 708 704
700 704 699
696 699 695
692 695 691
688 691 687
684 687 683
680 683 679
676 679 675
672 675 671
668 671 667
664 667 663
660 663 659
656 659 655
652 655 651
648 651 647
644 647 643
640 643 639
635 639 634
631 634 630
627 630 626
622 318 2
626 623 627
621 622 624
623 1 4
3 621 625
*BOUNDARY
num-prescribed-disp: 0
node#-dof#-disp:
num-prescribed-load: 0
elem#-face#-trac:
