             2             8             9
           154           153           178
           178           153           176
           176           177           178
           290           269           289
           289           269           268
            21             8             1
            21             9             8
            22             9            21
           116            93           115
           116            94            93
            10             3             2
             2             9            10
           153           154           131
           132           131           154
           109           131           132
           163           187           188
           186           187           163
           211           187           210
           211           189           188
           188           187           211
           324           306           304
           324           304           323
           323           304           322
           277           256           276
           346           356           357
            31            49            32
            48            49            31
           115            93           114
           200           222           223
           223           222           245
           326           341           327
           327           309           326
           327           341           328
           328           311           327
           342           354           343
           343           328           342
           342           328           341
           245           222           244
           266           246           244
           244           246           245
           291           269           290
           288           289           287
           290           289           308
           308           309           290
           308           288           307
           289           288           308
           267           289           268
           287           289           267
           268           246           267
           266           287           267
           267           246           266
             7            21             1
             6             7             1
            21             7            20
            61            44            43
            61            45            44
            44            45            28
             3            10            11
            39            55            56
            39            40            22
            23            40            24
            24            11            23
            23            11            10
            22            40            23
            23             9            22
            23            10             9
           110            87           109
           110           132           111
           109           132           110
           276           256           255
            94           116            95
           117           139           140
           117            95           116
           140           139           162
           186           163           162
           209           187           186
           210           187           209
           125           146           147
           124           146           125
            64            63            83
            65            64            66
            66            64            85
           171           195           196
           199           175           198
           302           322           303
           303           304           283
           322           304           303
           283           304           305
           305           304           306
           305           284           283
           321           322           302
           281           301           302
           302           303           281
           337           321           320
           302           301           320
           320           321           302
           357           359           358
           358           346           357
           347           346           358
           348           334           347
           347           358           348
           348           358           359
           359           360           348
           335           318           317
           317           334           335
           324           323           340
           351           362           352
           264           284           286
           263           284           264
           264           242           263
            16            32            33
            33            32            49
           115           114           136
           136           114           113
            92           114            93
           181           204           205
           133           132           154
           111           132           133
           133           134           111
            88            68            67
           268           269           248
           247           246           268
           268           248           247
           201           177           200
           200           223           201
           178           177           201
           298           317           318
           318           299           298
           298           299           277
           325           326           309
           325           308           307
           309           308           325
           327           311           310
           310           309           327
           290           309           310
           310           291           290
            17            18             5
            36            18            35
            19            18            36
            36            20            19
            19            20             7
             7             6            19
            19             6             5
             5            18            19
            36            35            53
            56            55            75
            75            76            56
            96            76            75
            37            20            36
            36            53            37
            60            61            43
            62            63            45
            45            61            62
            83            63            62
            27            28            15
            44            28            27
            45            63            46
            46            28            45
            26            42            43
            43            44            26
            44            27            26
            26            27            13
             3            11            12
            25            26            13
            42            26            25
            25            12            11
            24            42            25
            25            11            24
            55            39            38
            38            37            55
            20            37            38
            38            39            22
            22            21            38
            21            20            38
           233           211           210
           210           232           233
           232           255           233
           140           162           141
           141           162           163
            96            95           118
           118           117           140
            95           117           118
           186           162           161
           161           162           139
           160           161           139
           184           161           160
           249           250           228
           205           204           227
           249           228           227
            86            85           106
            86            66            85
           103           124           125
           125           126           103
           106            85            84
            84            64            83
            85            64            84
           148           126           125
           125           147           148
           127           149           150
           150           128           127
           127           148           149
           126           148           127
           196           173           172
           173           151           172
           172           171           196
           149           171           172
           150           149           172
           172           151           150
           106           128           107
           175           152           174
           174           151           173
           174           198           175
           173           198           174
           240           263           241
           263           242           241
           239           261           240
           259           260           238
           238           239           216
           260           261           238
           261           239           238
           169           192           193
           221           242           243
           221           243           199
           199           198           221
           240           261           262
           262           263           240
           283           284           262
           262           284           263
           213           214           191
           235           214           213
           286           284           285
           284           305           285
           285           305           306
           339           323           322
           322           321           339
           339           340           323
           282           281           303
           282           303           283
           282           261           260
           260           281           282
           283           262           282
           282           262           261
           337           320           319
           319           318           335
           280           260           259
           280           281           260
           301           281           280
           301           280           279
           335           334           349
           334           348           349
           349           360           361
           349           348           360
           361           362           350
           362           351           350
           350           349           361
           243           242           265
           242           264           265
           265           264           286
            72            92            93
            93            94            72
            94            73            72
            50            33            49
            51            33            50
           180           181           157
           135           136           113
           113           134           135
           134           133           156
           157           135           156
           156           135           134
           156           180           157
            68            88            89
            89            90            68
            87           110            89
            89            88            87
            89           110           111
           269           291           270
           270           248           269
           249           248           270
           270           250           249
           270           291           271
           271           250           270
           276           255           254
           254           255           232
           275           274           295
           276           254           275
           275           254           274
           329           328           343
           311           328           329
           294           314           295
           291           310           292
           271           291           292
           292           293           271
           292           310           311
            34            35            18
            16            33            34
            34            33            51
            51            35            34
            34            17            16
            18            17            34
            52            35            51
            52            53            35
            73            53            52
            52            72            73
            96            75            74
            74            95            96
            74            73            94
            94            95            74
            54            53            73
            73            74            54
            54            74            75
            54            37            53
            54            75            55
            55            37            54
           100           122           101
            61            60            81
            81            62            61
            14            27            15
            13            27            14
            47            46            63
            47            64            65
            63            64            47
            15            28            29
            28            46            29
            24            40            41
            41            42            24
            57            39            56
            40            39            57
            57            41            40
            58            41            57
            78            58            77
            58            57            77
            56            76            77
            77            57            56
            59            60            43
            59            41            58
            43            42            59
            42            41            59
           256           257           234
           234           257           235
           234           255           256
           234           233           255
           188           189           165
           101           122           123
           123           124           101
           146           124           123
            97            76            96
            96           118            97
           142           143           121
           121           120           142
           119           118           140
           140           141           119
           120            97           119
           119            97           118
           141           142           119
           119           142           120
           205           183           182
           182           181           205
           157           181           182
           138           116           115
           138           160           139
           138           117           116
           139           117           138
           115           136           137
           137           138           115
           160           138           137
           229           208           207
           184           183           207
           209           208           231
           231           232           210
           210           209           231
           185           161           184
           184           207           185
           185           207           208
           186           161           185
           185           209           186
           185           208           209
           271           293           272
           272           250           271
           104           103           126
           104            84            83
           170           148           147
           170           147           169
           170           171           149
           149           148           170
           129           128           150
           129           107           128
           150           151           129
           129           130           107
           152           130           129
           151           174           129
           129           174           152
           196           195           219
           216           239           217
           217           193           216
           195           171           194
           194           217           195
           193           217           194
           169           193           194
           194           170           169
           171           170           194
           215           192           191
           215           193           192
           191           214           215
           216           193           215
           220           241           242
           242           221           220
           220           219           241
           235           257           236
           236           214           235
           235           213           212
           212           234           235
           233           234           212
           211           233           212
           189           211           212
           212           213           189
           340           339           353
           338           351           352
           352           353           338
           338           353           339
           338           339           321
           338           321           337
           337           351           338
           300           319           320
           300           279           299
           300           299           318
           318           319           300
           300           320           301
           301           279           300
           299           279           278
           256           277           278
           277           299           278
           278           257           256
           258           280           259
           258           279           280
           259           236           258
           258           236           257
           257           278           258
           258           278           279
           336           351           337
           336           350           351
           337           319           336
           336           319           335
           335           349           336
           349           350           336
           113           114            91
           114            92            91
           111           134           112
           112           134           113
           112            89           111
            90            89           112
           113            91           112
           112            91            90
            69            50            49
            68            90            69
            49            48            69
            69            48            67
            67            68            69
           155           133           154
           155           154           178
           155           156           133
           180           156           155
           226           247           248
           226           225           247
           226           248           249
           249           227           226
           226           227           204
           204           225           226
           202           201           223
           247           225           224
           245           246           224
           246           247           224
           225           202           224
           224           223           245
           224           202           223
           331           315           314
           314           294           313
           313           331           314
           347           334           333
           334           317           333
           297           298           277
           297           277           276
           276           275           297
            72            52            71
            92            72            71
            51            50            71
            71            52            51
            78           100            79
            79            58            78
            60            59            79
            79            59            58
           121           122            99
           122           100            99
            99           120           121
            99           100            78
            80            81            60
            80           100           101
            60            79            80
            80            79           100
            62            81            82
           103           104            82
            83            62            82
            82           104            83
            13            14             4
             4            25            13
            12            25             4
            46            47            30
            30            29            46
            30            47            65
           164           163           188
           188           165           164
           164           141           163
           164           165           143
           164           142           141
           143           142           164
           190           165           189
           189           213           190
           190           213           191
            98            77            76
            76            97            98
            78            77            98
            98            97           120
            98            99            78
           120            99            98
           158           135           157
           157           182           158
           136           135           158
           158           137           136
           206           207           183
           206           183           205
           206           228           229
           229           207           206
           205           227           206
           206           227           228
           274           254           253
           253           254           232
           232           231           253
           230           208           229
           230           231           208
           230           253           231
           273           272           293
           295           274           273
           273           294           295
           293           294           273
            84           104           105
           105           127           128
           126           127           105
           105           104           126
           105           128           106
           106            84           105
           107           130           108
           108            86           106
           106           107           108
           218           217           239
           218           239           240
           218           219           195
           195           217           218
           240           241           218
           241           219           218
           216           215           237
           259           238           237
           237           238           216
           237           236           259
           237           215           214
           214           236           237
           196           219           197
           219           220           197
           197           173           196
           197           198           173
           197           221           198
           197           220           221
            90            91            70
            50            69            70
            70            69            90
            70            91            92
            92            71            70
            70            71            50
           178           201           179
           179           155           178
           201           202           179
           180           155           179
           203           202           225
           204           181           203
           203           225           204
           181           180           203
           180           179           203
           203           179           202
           330           329           343
           330           313           329
           331           313           330
           315           331           332
           347           333           332
           332           333           315
           332           346           347
           329           313           312
           312           313           294
           311           329           312
           312           292           311
           312           294           293
           293           292           312
           315           333           316
           298           297           316
           317           298           316
           316           333           317
           103            82           102
           102            82            81
           124           103           102
           101           124           102
           102            80           101
            81            80           102
           143           165           166
           165           190           166
           137           158           159
           160           137           159
           159           182           183
           159           158           182
           159           183           184
           184           160           159
           251           230           229
           250           272           251
           229           228           251
           251           228           250
           253           230           252
           274           253           252
           252           251           272
           230           251           252
           252           273           274
           272           273           252
           343           354           344
           344           330           343
           344           354           355
           314           315           296
           315           316           296
           295           314           296
           296           316           297
           296           275           295
           296           297           275
           168           192           169
           169           147           168
           168           147           146
           121           143           144
           143           166           144
           144           122           121
           144           123           122
           167           166           190
           191           192           167
           167           190           191
           192           168           167
           331           330           345
           330           344           345
           346           332           345
           345           332           331
           356           346           345
           355           356           345
           345           344           355
           145           144           166
           166           167           145
           145           167           168
           123           144           145
           146           123           145
           145           168           146
