       -0.9763178982918416       -0.2163408477427771
       -0.9998335841518960       -0.0182429614943485
       -0.9956491541423754        0.0931813444215084
       -0.9569569745433557        0.2902298195360423
       -0.9080273215727147       -0.4189109471048727
       -0.9465956292316468       -0.3224231901892202
       -0.8857670982261103       -0.2451305627920289
       -0.9925685772198169       -0.1216865628776867
       -0.9030634454764400       -0.0634179137388900
       -0.9198164196344099        0.0341357929946242
       -0.8964012143621642        0.1306526332299537
       -0.9805569883508616        0.1962345335642229
       -0.8664812726360085        0.3110700149146893
       -0.9186305569979379        0.3951175751666900
       -0.8713525306152868        0.4906574840627854
       -0.8057374446580113       -0.5922728856285994
       -0.8606651043952390       -0.5091714643609657
       -0.7974001162801162       -0.4251194557948698
       -0.8415527563874524       -0.3366662726676516
       -0.7916129405622152       -0.2384479977720325
       -0.8728052616016039       -0.1524631307208004
       -0.8004722059141912       -0.0640827949748151
       -0.8320698754598723        0.0316801058295264
       -0.7943699337664974        0.1261645616124946
       -0.8603438785478082        0.2181042128543082
       -0.7740391298055730        0.3004944012323436
       -0.8164676813658436        0.4001794169811844
       -0.7667540751114315        0.4862245484600796
       -0.8142878799922133        0.5804612378056815
       -0.7472843112516212        0.6645044469144112
       -0.6799399287589972       -0.7332678190803786
       -0.7450284596255401       -0.6670326773236721
       -0.6871268606719216       -0.5915515315930102
       -0.7459158802781474       -0.5100800214153530
       -0.6891001880417393       -0.4210405820906301
       -0.7396160397552509       -0.3314498486868409
       -0.6885970088134020       -0.2389646885949182
       -0.7547989383050072       -0.1500487599766897
       -0.6929798559056707       -0.0618627767826349
       -0.7362981441786770        0.0300322768086645
       -0.6877801291968116        0.1212261104922281
       -0.7444643443229422        0.2110534458448929
       -0.6731580096378991        0.2990500154666114
       -0.7164642337788355        0.3920891579781399
       -0.6607982069673445        0.4819194029996823
       -0.7106434407569364        0.5687396048511835
       -0.6503476617274364        0.6521952427596683
       -0.6095277754419407       -0.7927647127005881
       -0.6229698054055415       -0.6724455128246671
       -0.5740466184298499       -0.5956027935709480
       -0.6334128363128660       -0.5075358956266702
       -0.5801635744231805       -0.4199102611353133
       -0.6341709845970612       -0.3303037184654878
       -0.5826143636175074       -0.2395630069208638
       -0.6421931492002260       -0.1499358278745750
       -0.5848515610306555       -0.0612351545095064
       -0.6334045436022265        0.0292663018119391
       -0.5807263704934091        0.1199487671940949
       -0.6335979896342185        0.2093621411823540
       -0.5702245565354725        0.3005627820816471
       -0.6140416871218178        0.3916677535435042
       -0.5583821069818848        0.4875594720481356
       -0.6030273323493672        0.5745192139270301
       -0.5651341614436994        0.6912629731649281
       -0.6676916495557619        0.7444379490242790
       -0.5900789996573279        0.8073455100662865
       -0.5368962306876519       -0.8436482896755524
       -0.4711155720963856       -0.7830980603773766
       -0.5342317309762014       -0.7082837560714353
       -0.4766423761115250       -0.6133147186526703
       -0.5243103153615184       -0.5106387725843091
       -0.4730481717476186       -0.4221561302542556
       -0.5273990852819125       -0.3303929121784816
       -0.4757288974752140       -0.2404674138400017
       -0.5323231027879196       -0.1503235822544275
       -0.4771983113092606       -0.0608689836387191
       -0.5280580758843442        0.0293183572585950
       -0.4744502802943408        0.1204515311970241
       -0.5259839123245209        0.2104514095430256
       -0.4680721540376973        0.3040927482067901
       -0.5132650817200151        0.3965651937378565
       -0.4629094183424330        0.4983652315081342
       -0.5117552104548541        0.5955168198975926
       -0.4568749792183344        0.6864601410722954
       -0.5024806878550599        0.7703895960527651
       -0.4951493381209155        0.8688078798482516
       -0.3702936387860202       -0.9289147550917336
       -0.4523248603750015       -0.8918532508257698
       -0.3751913301736250       -0.8054571062157698
       -0.4213464164023097       -0.7003499991664266
       -0.3693462605854910       -0.6100002681765010
       -0.4224639984026317       -0.5193305861550277
       -0.3691182960619727       -0.4268267741497029
       -0.4211594181247350       -0.3322791977833684
       -0.3693521665350664       -0.2419017122512584
       -0.4241260121169106       -0.1507784095454377
       -0.3703087895242306       -0.0605849295257367
       -0.4222441289663258        0.0299017916147223
       -0.3690603920751297        0.1215087676740149
       -0.4207075667249567        0.2125104728967838
       -0.3665072691402213        0.3062800696454068
       -0.4150497933260200        0.4011772824059335
       -0.3632231526496938        0.4942529550375128
       -0.4105964069706388        0.5923729799521281
       -0.3612916689340973        0.6924117397961675
       -0.4078767235156042        0.7949363829422845
       -0.3292355705640138        0.8621592434024613
       -0.4040722550463031        0.9147270694510580
       -0.2735339673608737       -0.9618623439828067
       -0.3009366199763038       -0.8646759343750431
       -0.2583219334012036       -0.7835532365909483
       -0.3205269263939818       -0.7069756186407712
       -0.2653272213767969       -0.6130767302771170
       -0.3163423220018148       -0.5188024014559913
       -0.2634930595485165       -0.4272006899651430
       -0.3163208761842490       -0.3349391490892000
       -0.2638871561836332       -0.2433200663879428
       -0.3172839511962872       -0.1513769756491183
       -0.2641898242233854       -0.0604734086367231
       -0.3166418996011599        0.0305318819479073
       -0.2639640284323096        0.1220287267918144
       -0.3163413140108260        0.2135891259409020
       -0.2629896425296480        0.3048567209219823
       -0.3136190232507428        0.3983966594221748
       -0.2628261274007110        0.4902178911409714
       -0.3139860234123776        0.5880991909606526
       -0.2617223173819557        0.6733361036793356
       -0.2998351705670879        0.7761376426455903
       -0.2292123572320286        0.8767647264559461
       -0.2939811299957402        0.9558112243298587
       -0.1793808517284423       -0.9837797059973648
       -0.2010837416176488       -0.8814006510812504
       -0.1527053728793127       -0.7940050753799954
       -0.2080801407183754       -0.6987331966963983
       -0.1566411475148320       -0.6102174181096586
       -0.2114274054101492       -0.5204129733057141
       -0.1584007662334884       -0.4278815071351188
       -0.2108771962786012       -0.3353423996572870
       -0.1583434794282843       -0.2435050777584221
       -0.2114095910254087       -0.1518872800306854
       -0.1585220538280858       -0.0605351720227662
       -0.2111886872680113        0.0307828627386670
       -0.1584859747915141        0.1217893121168196
       -0.2112741545737723        0.2129472235184991
       -0.1585203332142895        0.3035451350813947
       -0.2108252638625089        0.3958502237583993
       -0.1587300623572233        0.4846317318248209
       -0.2111046980634690        0.5777118380484468
       -0.1592312026624089        0.6651915998106727
       -0.2084808227911253        0.7612831093476087
       -0.1488224198401423        0.8339859099704763
       -0.1863458595275465        0.9824842087304678
       -0.0871410277279713       -0.9961959854915430
       -0.1021011254668182       -0.8957931045994013
       -0.0505142621061860       -0.8037969974845584
       -0.1024167622046095       -0.7048304552162145
       -0.0517291384677069       -0.6126602444233996
       -0.1048762518922221       -0.5191286681764864
       -0.0526559381315701       -0.4270452147318730
       -0.1056398833543179       -0.3355070267179389
       -0.0528641564596510       -0.2435294447685457
       -0.1056930907075798       -0.1519061732153670
       -0.0528268792962213       -0.0605810341096344
       -0.1056333625169305        0.0306373393180815
       -0.0528759636580916        0.1215945326090427
       -0.1057986565432502        0.2124834677478188
       -0.0528752375516442        0.3026100934355092
       -0.1059007081013528        0.3930223809243408
       -0.0534999398003431        0.4818663783632598
       -0.1066909453558359        0.5727880136466256
       -0.0520748744370426        0.6576409367092028
       -0.1016583216009552        0.7461293523366322
       -0.0503339572123007        0.8392286433318144
       -0.1166051950060789        0.9218521026621266
       -0.0617551098563630        0.9980913310644205
        0.0000000032743246       -1.0000000003947247
        0.0871410319445479       -0.9961959850512891
       -0.0000000024546661       -0.9033606619815524
        0.0505142604553694       -0.8037969982113709
       -0.0000000002469140       -0.7083452598158475
        0.0517291383371090       -0.6126602446044312
        0.0000000000163467       -0.5195236364768957
        0.0526559381919944       -0.4270452147798413
        0.0000000000493538       -0.3350750838508455
        0.0528641566300641       -0.2435294447613563
        0.0000000002017496       -0.1519918952245832
        0.0528268801357319       -0.0605810338845011
        0.0000000009399971        0.0306207504239838
        0.0528759672477552        0.1215945336451384
        0.0000000034453134        0.2121626664924060
        0.0528752510409774        0.3026100947170722
        0.0000000139034699        0.3925261355188092
        0.0535000357499129        0.4818663492369483
        0.0000001527403673        0.5687744406617958
        0.0520754160545073        0.6576412227759901
        0.0000004036279872        0.7483291517049390
        0.0503341166049363        0.8392297128878295
       -0.0000005753815425        0.9251504769847380
        0.0617537878522470        0.9980914136904562
        0.1793808537078170       -0.9837797054681787
        0.1021011223489424       -0.8957931054627351
        0.1527053713041581       -0.7940050761777245
        0.1024167615233129       -0.7048304558069651
        0.1566411472038720       -0.6102174185162819
        0.1048762518665802       -0.5191286683447669
        0.1584007662483047       -0.4278815072985540
        0.1056398834241792       -0.3355070267819742
        0.1583434794897287       -0.2435050777853030
        0.1056930910022501       -0.1519061730758795
        0.1585220542830942       -0.0605351714896757
        0.1056333640370285        0.0306373402696658
        0.1584859775523772        0.1217893144950565
        0.1057986634662411        0.2124834706906143
        0.1585203516763106        0.3035451380979021
        0.1059007493265053        0.3930223730416084
        0.1587301192004910        0.4846317742731406
        0.1066910960624675        0.5727880810416671
        0.1592311871906766        0.6651920592572922
        0.1016587488694557        0.7461305129736030
        0.1488223108359095        0.8339879556993308
        0.1166046881111855        0.9218538013506516
        0.2735339681855366       -0.9618623434052248
        0.2010837398425437       -0.8814006515286000
        0.2583219321822324       -0.7835532372245541
        0.2080801399240770       -0.6987331972973292
        0.2653272209574992       -0.6130767307172065
        0.2114274052844247       -0.5204129736166406
        0.2634930594983727       -0.4272006902306711
        0.2108771962753445       -0.3353423998119428
        0.2638871560926962       -0.2433200665285808
        0.2114095910290718       -0.1518872799292384
        0.2641898240652489       -0.0604734082874490
        0.2111886879380812        0.0307828640568636
        0.2639640299032496        0.1220287292641860
        0.2112741612959922        0.2129472275282090
        0.2629896475981566        0.3048567403287408
        0.2108252855510665        0.3958502571803423
        0.2628260939964547        0.4902180204834473
        0.2111046513885217        0.5777120703339276
        0.2617220336169729        0.6733364994198624
        0.2084804654817877        0.7612839834479148
        0.2292125078098588        0.8767651506187177
        0.1863457875642159        0.9824842223796080
        0.3702936408811296       -0.9289147532389211
        0.3009366186077413       -0.8646759353225519
        0.3751913290190563       -0.8054571064192398
        0.3205269255800148       -0.7069756190928629
        0.3693462601733836       -0.6100002685369033
        0.3163423218217241       -0.5188024018089499
        0.3691182959817978       -0.4268267745372220
        0.3163208761035299       -0.3349391493672858
        0.3693521663051177       -0.2419017125302572
        0.3172839509002988       -0.1513769757540342
        0.3703087888774609       -0.0605849296591175
        0.3166418991586690        0.0305318825945641
        0.3690603893114721        0.1215087705076843
        0.3163413130108559        0.2135891352984751
        0.3665072531086518        0.3062800937886019
        0.3136189986120079        0.3983967187613757
        0.3632230750779044        0.4942530262110980
        0.3139858848669752        0.5880993891740361
        0.3612916025610542        0.6924117169589227
        0.2998350454958078        0.7761376481757289
        0.3292357769633432        0.8621590553464975
        0.2939814817498383        0.9558111149152316
        0.4523248609889557       -0.8918532501215622
        0.4711155708821361       -0.7830980604787721
        0.4213464157375776       -0.7003499992128747
        0.4766423759123592       -0.6133147192213032
        0.4224639982570741       -0.5193305866486622
        0.4730481716001870       -0.4221561306763812
        0.4211594179536779       -0.3322791981476857
        0.4757288971449231       -0.2404674142539321
        0.4241260116229968       -0.1507784098961135
        0.4771983101058511       -0.0608689839277161
        0.4222441268744693        0.0299017919859790
        0.4744502742097551        0.1204515321843449
        0.4207075561278532        0.2125104795304240
        0.4680721327705221        0.3040927478810885
        0.4150497544045935        0.4011773027159525
        0.4629093864794135        0.4983651888084452
        0.4105963476929481        0.5923729253722028
        0.4568749821872619        0.6864600160067578
        0.4078768274749998        0.7949362322149525
        0.4951496599154147        0.8688076961497686
        0.4040726253166879        0.9147269055239042
        0.5368962315503220       -0.8436482891265508
        0.6095277766517623       -0.7927647123694297
        0.5342317307672497       -0.7082837569027026
        0.5740466181393180       -0.5956027940989198
        0.5243103151619872       -0.5106387730486340
        0.5801635742376881       -0.4199102615524955
        0.5273990850342878       -0.3303929126020105
        0.5826143631813144       -0.2395630074000810
        0.5323231020451513       -0.1503235827202299
        0.5848515595013785       -0.0612351551867264
        0.5280580728351041        0.0293183568878735
        0.5807263651813371        0.1199487643872391
        0.5259839014187733        0.2104514060297061
        0.5702245466406330        0.3005627642104240
        0.5132650611070861        0.3965651619510563
        0.5583820945382409        0.4875594193825771
        0.5117552005448855        0.5955167389693793
        0.5651342171816360        0.6912628651042079
        0.5024808013163068        0.7703894463117542
        0.5900792261563084        0.8073453450959109
        0.6799399298577903       -0.7332678167860082
        0.6229698054481205       -0.6724455132888071
        0.6871268606215193       -0.5915515317061456
        0.6334128360159026       -0.5075358960212590
        0.6891001878715726       -0.4210405824088196
        0.6341709842805539       -0.3303037188962894
        0.6885970083701443       -0.2389646891668069
        0.6421931482932455       -0.1499358285725430
        0.6929798546172315       -0.0618627783122752
        0.6334045410655369        0.0292662998069766
        0.6877801266427397        0.1212261049392218
        0.6335979843113995        0.2093621312378564
        0.6731580064438064        0.2990499985559720
        0.6140416807418513        0.3916677244897321
        0.6607982102466615        0.4819193623845950
        0.6030273423890578        0.5745191442260215
        0.6503477059983712        0.6521951625846787
        0.6676917980438989        0.7444378159670748
        0.7450284610650998       -0.6670326768089749
        0.8057374442908657       -0.5922728848072430
        0.7459158800438604       -0.5100800214733273
        0.7974001160175678       -0.4251194559576645
        0.7396160394973775       -0.3314498491908283
        0.7916129402951646       -0.2384479984827852
        0.7547989374936007       -0.1500487610558741
        0.8004722051979369       -0.0640827973260744
        0.7362981427344357        0.0300322734343837
        0.7943699331193200        0.1261645557630232
        0.7444643423509602        0.2110534355809648
        0.7740391303384930        0.3004943852081352
        0.7164642349845249        0.3920891332966575
        0.7667540861687174        0.4862245125032749
        0.7106434626522928        0.5687395490198055
        0.7472843944958502        0.6645043503530340
        0.8606651035004993       -0.5091714633025867
        0.9080273221865846       -0.4189109480101391
        0.8415527563076162       -0.3366662730877619
        0.8857670982365207       -0.2451305636256350
        0.8728052612407177       -0.1524631321477418
        0.9030634454245527       -0.0634179164326346
        0.8320698742891393        0.0316801020059593
        0.8964012147383719        0.1306526274641319
        0.8603438791601411        0.2181042024812286
        0.8664812754591429        0.3110699992727752
        0.8164676869026095        0.4001793939957467
        0.8713525529055349        0.4906574456493104
        0.8142879234439218        0.5804611763729753
        0.9465956289321829       -0.3224231910684103
        0.9763178970712367       -0.2163408486918841
        0.9925685769924595       -0.1216865640557546
        0.9998335840846850       -0.0182429651779616
        0.9198164181343630        0.0341357885803362
        0.9956491548154899        0.0931813372292327
        0.9805569904992868        0.1962345221126732
        0.9569569795778828        0.2902298018407852
        0.9186305692275775        0.3951175499193536
