       -1.0000000000000000       -1.0000000000000000
       -1.0000000000000000        1.0000000000000000
        1.0000000000000000       -1.0000000000000000
        1.0000000000000000        1.0000000000000000
       -1.0000000007635212       -0.6710449901245438
       -1.0000000007733727       -0.4570337722006095
       -1.0000000008331515       -0.3843347678107712
       -1.0000000008962469       -0.3104849021886862
       -1.0000000010094494        0.4948669367922720
       -1.0000000010446519        0.5665032793180399
       -1.0000000011991137        0.7109868476454411
       -1.0000000006390222        0.9322690669909843
       -1.0000000008038330       -0.9404383385534578
       -1.0000000006171259       -0.8787675126059427
       -1.0000000006609862       -0.8135534898413268
       -1.0000000007348582       -0.5288321823607693
       -0.9369426481199863       -0.4221240356686584
       -1.0000000010491816       -0.1620479962425867
       -1.0000000011619521       -0.0859094423523091
       -1.0000000008017982       -0.0068634280619684
       -1.0000000009294936        0.2809764055839651
       -0.9332671166639445       -0.8613418178908758
       -1.0000000008076011       -0.7425978633035067
       -1.0000000006907246       -0.5996032048361727
       -1.0000000009206578       -0.2370142036271201
       -1.0000000007219028        0.0648330096948115
       -1.0000000008632866        0.1374081995081879
       -1.0000000009036667        0.2094541189134332
       -0.9381685914465505        0.2466926804327970
       -1.0000000009883792        0.4233333823942222
       -1.0000000010947641        0.6383768109099491
       -1.0000000008921246        0.7861514413844631
       -1.0000000011354473        0.8554124936829258
       -0.9370970153243511       -0.7095363144972058
       -0.9381394514610089       -0.2748455329281051
       -0.8938623636060387       -0.0225596571025307
       -0.9333928284237124        0.0317725087319143
       -0.9408172528495600        0.6019222815460759
       -0.9460288168746473        0.7460904576826191
       -0.9475526983588782        0.8870887808087722
       -0.9416222396563240        1.0000000008657146
       -0.9476370374582282       -0.0486862915719119
       -1.0000000009557977        0.3521549951573217
       -0.9402831228660068        0.5305599345931167
       -0.9385370068420996       -0.7843296580958212
       -0.9357413923409474       -0.6363958008222320
       -0.9357396913165807       -0.4946744519214608
       -0.9390268594395123       -0.3478105484728012
       -0.9429952662604717       -0.1257354678149251
       -0.9373730162699733        0.1036258308059875
       -0.9379309291716460        0.1755434777687933
       -0.8752888876138386        0.2165817625349690
       -0.8808645757987199        0.4953599991999976
       -0.9420071967451691        0.6732248806335601
       -0.9334146844345187        0.8206277905723338
       -0.8758343440699932        1.0000000008098613
       -0.9415991664837441       -1.0000000006695720
       -0.8797975195931077       -0.8238565944230455
       -0.9338670745949669       -0.5644513799248583
       -0.8756618297919797       -0.3121528298648187
       -0.8798942035719579       -0.2358722701008711
       -0.9409895695632785       -0.2004163423852455
       -0.8864002053348013       -0.0930004717167847
       -0.8716436349393397        0.0799390436881792
       -0.8078248396007046        0.1225707397057674
       -0.8747166632667426        0.1473312258744119
       -0.8756725812854906        0.2854273187080346
       -0.9383989730104383        0.3172898455787704
       -0.9399246177965483        0.4587574523858453
       -0.8842856707015601        0.7054153103273962
       -0.8892639635794479        0.7722453490985177
       -0.8516156879756911        0.8189202544042902
       -0.9356869347020257       -0.9320602050695946
       -0.8767458987843236       -0.7486012180291060
       -0.8178907927349096       -0.1948468963943185
       -0.8813967509183940       -0.1640430940509112
       -0.8516088301322887        0.0204382820168497
       -0.9389528928641298        0.3877435169724663
       -0.8806408589498883        0.5673722768337440
       -0.8822428633780374       -1.0000000000515392
       -0.8736009348186832       -0.4608108501096304
       -0.8779117437159452       -0.3833255678008712
       -0.8215845011672730       -0.1247364672284703
       -0.8117282213697744        0.1886498083051333
       -0.8764965445718271        0.3542968309255214
       -0.8809884600990592        0.6368930634677872
       -0.8271798162100518        0.7467981372363092
       -0.8819456692774105        0.8755436628408290
       -0.8228719631735126       -1.0000000008429675
       -0.8741723822781207       -0.9177157630889177
       -0.8278707606453956       -0.8624541943344312
       -0.8175421782005948       -0.7880914037683985
       -0.8735851617126250       -0.6745471730985695
       -0.8108927286667386       -0.3493438457679381
       -0.7834210558079546       -0.0061392440603855
       -0.7960562673251476        0.0605796069658626
       -0.8785481034361793        0.4241142337997613
       -0.8198158009586752        0.6067884117143090
       -0.8130313356892150       -0.7147345860370180
       -0.8665435340999770       -0.5283281394855002
       -0.8222107116767452       -0.2695023013789209
       -0.7689996729842322       -0.0781654121632804
       -0.8318328218789871       -0.0523354167918781
       -0.8114393512157255        0.2569230789211232
       -0.8121629235388189        0.3232162858871271
       -0.8153964813841306        0.3912122801372124
       -0.8201212919871205        0.4619931182514538
       -0.9208210989529841        0.9416915904670965
       -0.7680882278738939       -0.8863252628110961
       -0.8709779162033792       -0.6007063672090424
       -0.7443757929569461        0.1620680879409695
       -0.7644338735547743        0.5717711061181124
       -0.8228852424602047        0.5340092635427401
       -0.8215182203492296        0.6767210665936575
       -0.8492691862979510        0.9332813509314541
       -0.8118379264723448        1.0000000009176968
       -0.8228351702946487       -0.4213959105153370
       -0.7654079639940812       -0.2939956963280526
       -0.7595698739173199       -0.2247935441820132
       -0.7172700404862153       -0.0252558657749504
       -0.6672501222211028        0.0226283880075179
       -0.7256740189028814        0.0382153984478305
       -0.7349202420107759        0.0997230404004036
       -0.7581310071922165        0.4293138103621841
       -0.7834285217649678        0.9395384882464259
       -0.8086711051490760       -0.9384211117948023
       -0.7315280127478544       -0.9400954338282077
       -0.7573645609979058       -0.8227584478635911
       -0.8105189309194692       -0.6391796099728733
       -0.8053636181368929       -0.5646376295502789
       -0.7980297557772659       -0.4891155668776139
       -0.7543234303045657       -0.1497322468351605
       -0.6703599317972362        0.0796192064134445
       -0.7491201650063433        0.2275527516995203
       -0.7598683841347162        0.6483655297571026
       -0.7845668910807782        0.7960226385372098
       -0.8070803672650737        0.8684638164902465
       -0.7590011025368487       -1.0000000008402792
       -0.7516941120312539       -0.6811415688126453
       -0.7451874136407610       -0.6087083766974757
       -0.6988850952114828       -0.1976161342244684
       -0.7059626380825496       -0.0880996173613046
       -0.7448938904334300        0.2949815159724977
       -0.7496987459868266        0.3589316499872725
       -0.7015738775360795        0.6890768584939811
       -0.7653681131435586        0.7206067942117900
       -0.7441619030219667        1.0000000009997170
       -0.7513069904925825       -0.7561137648349229
       -0.6942676981440178       -0.7247910302903295
       -0.7353025926720804       -0.3485011342890606
       -0.6826693901731887       -0.1416912727368805
       -0.7632484229405653        0.5011578882335832
       -0.7023781555788134        0.5363944108391659
       -0.6610182186049058        0.6345845313915461
       -0.7098547789332769        0.6066175132572528
       -0.7160100411136093        0.7625096534114107
       -0.7317450196800487        0.8285229361069409
       -0.7454051726432210        0.8870505039626337
       -0.6859532735840236       -0.6532015680662383
       -0.7227665923855356       -0.4703309448676758
       -0.6490107123770672       -0.0824900883608064
       -0.6763132811007231        0.1352312878307725
       -0.6832248165328133        0.1952444842153304
       -0.7096653363230679        0.9418258258304956
       -0.6908665292025755       -1.0000000009008525
       -0.6765103943591870       -0.5841904513495627
       -0.7631620276016265       -0.4143358997908124
       -0.7019786742166025       -0.2731836086963079
       -0.6081585983634666       -0.0424215660261297
       -0.6513618150993957        0.7431694523240628
       -0.7387765420352226       -0.5379967234682407
       -0.6930577025930894       -0.4028062135638133
       -0.6672377261977495       -0.3329274251490189
       -0.6521059144119010       -0.2273217363032881
       -0.6291403425084351       -0.1276661537913422
       -0.6608385909566765       -0.0325167067103683
       -0.6192436034135815        0.0579984164983576
       -0.6263794566556841        0.1660637531838312
       -0.6850159217700460        0.2594552984608915
       -0.6769863882149839        0.3298841057843381
       -0.7029314446124483        0.4692424491585322
       -0.6254331612553534        0.6815309072328852
       -0.6623311594201863        0.8127228643311805
       -0.6766690158197887        0.8774153470578486
       -0.6745762429412050        1.0000000009689098
       -0.6625648008792107       -0.9351102106775636
       -0.7015941455525484       -0.8723859407388725
       -0.6382875124402714       -0.7589380992947945
       -0.6305853254091298       -0.2763368132036013
       -0.5945664227289270       -0.2237439042300314
       -0.6282302786390701       -0.1775480360460778
       -0.6161606207011310        0.0062999927288406
       -0.6173429921272260        0.1113717832667706
       -0.5647022506630642        0.1126296847888889
       -0.6281960091741984        0.2222509497217481
       -0.6280154061380315        0.2805129240075774
       -0.6244033067496678        0.3844053633247605
       -0.6954748899380190        0.3960975908884493
       -0.6446251332494779        0.4412640513219502
       -0.6355582486960308        0.5015888119020858
       -0.6438196360362863        0.5653273414024481
       -0.6084803661025163        0.8670597196178036
       -0.6864377013507953       -0.8041182787270790
       -0.6233413302181560       -0.3834328326796455
       -0.5705850032730362       -0.2670865503231076
       -0.5706740366324733       -0.1800976515684396
       -0.5828235743372292       -0.1371508830986072
       -0.5949628106054786       -0.0882970441554892
       -0.5615543818518870       -0.0543173612054517
       -0.5742156890435359        0.0321867586662622
       -0.5736489288762100        0.0757345661030579
       -0.5777058857937716        0.1971843049296900
       -0.5766367234898633        0.2455952527324538
       -0.5793334402586581        0.4482797474453954
       -0.5996342195715180        0.6076288468958994
       -0.5982402029650592        0.7936753203946236
       -0.6242554618083705       -1.0000000007614775
       -0.6363825441144237       -0.8687063256336534
       -0.6471763783330465       -0.4513781236117917
       -0.5994309890143614       -0.3206968981230297
       -0.5413693750212736       -0.2202953312025500
       -0.5518128504163909       -0.0971356706325265
       -0.5700004318143798       -0.0116715580345951
       -0.5344410172021783        0.0131268371946744
       -0.5703669739579332        0.2911334683170487
       -0.5259236899349663        0.2744956998721390
       -0.6040805040659253        0.3334828035582284
       -0.5623997221275741        0.3834598811688252
       -0.5796803152288124        0.7277337758083056
       -0.6411877052905727        0.9348033502743642
       -0.6083414189853744        1.0000000009517473
       -0.6051361881010417       -0.8125796388982772
       -0.6265018657790211       -0.6941179683339850
       -0.6161907848033260       -0.6283958629518251
       -0.6044326840878724       -0.5614334218431574
       -0.6676396514232074       -0.5179731155324951
       -0.5413754502026741       -0.3083073098068586
       -0.5028043598147488       -0.1978752407922892
       -0.5394852882765121       -0.1367235287593508
       -0.5295197218411203       -0.0265499623122109
       -0.5774044432488457        0.1518803543234966
       -0.5330825571180291        0.1785969325204447
       -0.5337164878386612        0.2247414800739086
       -0.5413291607398429        0.3300728544220501
       -0.5763096692005740        0.5281441872180602
       -0.5403759110802655        1.0000000009340075
       -0.5333105750441453       -0.8056909311389808
       -0.5972836711683001       -0.4977417641115631
       -0.5743925578417545       -0.4256216595794663
       -0.5632349303821894       -0.3607024247698833
       -0.5197143627183447       -0.2615575164412099
       -0.5262639686632874       -0.1722916103455505
       -0.5123408654466546       -0.1030809779738996
       -0.5222206584619932       -0.0655248513779071
       -0.4875661219036438       -0.0754210412108319
       -0.5350472584803513        0.0541488885519962
       -0.5264428095404062        0.0932247385502560
       -0.5313231089755686        0.1392457691753474
       -0.4938966571177625        0.2403359846439160
       -0.5262354040165002        0.4814121555393177
       -0.4977426817694766        0.5448223794398497
       -0.5596245195960821        0.6599828682923928
       -0.5271609897791285        0.7621777669826977
       -0.5434252126983227        0.8294745897616768
       -0.5401057585307836        0.8870865173559043
       -0.5771384392384616        0.9380921927983014
       -0.5641962680225509       -0.8713554174391062
       -0.5223719742659774       -0.3894575713090049
       -0.5053446701516482       -0.3426048511418342
       -0.4915663437249532       -0.2292841750344220
       -0.4989205955710249       -0.1378356659154197
       -0.4993135983366099       -0.0053586864389722
       -0.4969159597230487        0.1985114832580158
       -0.4625536516658766        0.2188374228905149
       -0.4935229525058322        0.3169820456281300
       -0.5187873337310261        0.4199813546290652
       -0.4697019267122418        0.4923072367477943
       -0.5449749088445965        0.5844578810217518
       -0.5077396205817921        0.6999979311637261
       -0.4822292270387764        0.8069759830473751
       -0.5953459893708256       -0.9339751989981935
       -0.5267621558379258       -0.9354281413930049
       -0.4915350027902719       -0.2969870648271550
       -0.4715013139316310       -0.2595663839205478
       -0.4515130902025347       -0.2240643118767189
       -0.4818308542218546       -0.1659594596095059
       -0.4770672994208853       -0.1090384565768119
       -0.4570242277899493       -0.0836177963596484
       -0.4942974657323311       -0.0402497340784213
       -0.5021884035650600        0.0311926535890462
       -0.5009039489427692        0.1230018762394128
       -0.4915674009430956        0.1590523285137848
       -0.4545149260182658        0.2575496876734016
       -0.4816796779341656        0.2801885718482904
       -0.5051763367710100        0.3661402143059569
       -0.4704979870716576        0.4411950011780434
       -0.4993705357387888        0.6259296277423438
       -0.4728405772356813        0.8740021564010817
       -0.5036698379921297        0.9407726000207101
       -0.4708923701361881        1.0000000010506609
       -0.5575982242892181       -1.0000000007514491
       -0.5705707801388753       -0.7464229977649053
       -0.5481020841731729       -0.6070606469178612
       -0.5296081824553577       -0.5396529170774118
       -0.5376977129285806       -0.4747448991456708
       -0.5018630325950154       -0.4301471307673230
       -0.4337186147407320       -0.2517959858839225
       -0.4645431799630849       -0.1950906954505431
       -0.4603188242359125       -0.1385489213809152
       -0.4459424281205043       -0.1132389290009494
       -0.4643723593534440       -0.0523755488349446
       -0.4675585496079367       -0.0200361829765808
       -0.4733982419230875        0.0131128315831067
       -0.4697448951829520        0.0431743955124696
       -0.4977457959866398        0.0653498153165576
       -0.4629365961682104        0.0718259205843718
       -0.4845368327279719        0.0953638686996568
       -0.4679952763116902        0.1277871533792933
       -0.4523011787013259        0.1528333317709565
       -0.4628035553716675        0.1827954330255422
       -0.4454160529152217        0.3006208774538200
       -0.4576338067042429        0.3431637602294957
       -0.4467502107283645        0.5873608315813649
       -0.4524856469104868        0.7428143654158587
       -0.4030323223708385        1.0000000009792764
       -0.4899002745815799       -1.0000000008452039
       -0.4958462069626831       -0.8707475032338665
       -0.5581725440923271       -0.6796890746967377
       -0.4797388988784893       -0.4859379633330486
       -0.4683225664071393       -0.3795653806160261
       -0.4601609492015747       -0.3308054253837599
       -0.4480559815184736       -0.2895588946238588
       -0.4020659155938471       -0.2428071895664564
       -0.4182742834073902       -0.2183346149911103
       -0.4313622065445185       -0.1921201057700843
       -0.4451507196999187       -0.1649278108069749
       -0.4410166846936351       -0.0367742801874345
       -0.4402737031780384        0.0518630525992364
       -0.4345183479065783        0.0778172508571399
       -0.4517713672300855        0.1007183400789888
       -0.4355277182589266        0.1253611093156499
       -0.4292146911208009        0.1734416582596310
       -0.4333112960983087        0.2004600551976254
       -0.4214976242500711       -1.0000000008984054
       -0.4587772709357544       -0.9365876200377108
       -0.4658309305613278       -0.8065824648448374
       -0.4972421722246378       -0.6572235309645754
       -0.4262897850231648       -0.1397294438270997
       -0.4210749004897358       -0.1142445836916693
       -0.4299007052989545       -0.0888613023016860
       -0.4129733757363721       -0.0699758326257768
       -0.4368344033730279       -0.0627948873335112
       -0.4373097449270408       -0.0143311764137542
       -0.4484790507341793        0.0041328346457846
       -0.4432347068547861        0.0270116378115481
       -0.4224739226995024        0.1028379139244214
       -0.4050921777324053        0.1245608638618972
       -0.4205178733640281        0.1457076183049819
       -0.4008736449235656        0.1898891526091875
       -0.4308420364937770        0.2343136045604739
       -0.4650963870932052        0.3912378749161405
       -0.4235427291930211        0.8165541644450042
       -0.4008295789300643        0.8819428955286236
       -0.5018802557726875       -0.7368953718385505
       -0.4764613601267108       -0.5900049597921140
       -0.4515730347975666       -0.4306462426373386
       -0.4249019344089292       -0.3521129013431676
       -0.3895391478242091       -0.2133278991504584
       -0.4020879206936690       -0.1899198550683295
       -0.4143502167551339       -0.1653822051609528
       -0.3967970066648187       -0.1457228884045736
       -0.4012073930945481       -0.1233605022474457
       -0.4063379139284864       -0.0958599167673188
       -0.3933336244575851       -0.0727231721868361
       -0.4171979475730023       -0.0446883830757454
       -0.4167791578441601       -0.0196318377913691
       -0.4209346514846291        0.0069760127942841
       -0.3996232089336666        0.0173577287432881
       -0.4189130226842434        0.0316896633999045
       -0.3951561289389289        0.0620615324619431
       -0.4162367737768962        0.0558138266052443
       -0.4112703892673836        0.0793165345337443
       -0.4041654349092954        0.1654850922424104
       -0.4084210160089216        0.2142608418446825
       -0.3999160016460954        0.2418061808627102
       -0.4213045484979853        0.2687993291562086
       -0.4043368051328300        0.2968088464071454
       -0.4166703546340875        0.3307724344508982
       -0.4198817011657482        0.4691129114536156
       -0.4494681669563141        0.6663465918710010
       -0.3570737480550473        0.8299883160062224
       -0.3258472799493449        0.8905139709901000
       -0.4360805903293787        0.9376837527762817
       -0.4533551810761720       -0.5346818212920027
       -0.4226679484340261       -0.3927631445747432
       -0.3863991284288296       -0.3296353099107429
       -0.4194591475175042       -0.3135725482195762
       -0.3863122210698567       -0.2971943668102417
       -0.4124486992482924       -0.2767554136282034
       -0.3865241760738661       -0.1674200809015788
       -0.3781098977858858       -0.1305101725418164
       -0.3844754256949827       -0.1103569075791798
       -0.3893695044059789       -0.0916045233990787
       -0.3966671822432425       -0.0515281141975007
       -0.3989260148983304       -0.0292922270874011
       -0.3999656405629887       -0.0052427451469492
       -0.3979973506737150        0.0399763537870363
       -0.3911073638830678        0.0838750851341505
       -0.3994892823675663        0.1013211545570216
       -0.3838467353997989        0.1125241465662872
       -0.3923634644487154        0.1457728339661711
       -0.3816351579613178        0.1704703584147730
       -0.3721052684610580        0.2387531051444480
       -0.3870609925545857        0.2669043782873468
       -0.4221590083715374        0.3721292839430402
       -0.3852463514134100        0.3965537045482723
       -0.4282892901365689        0.5266535877671565
       -0.3857388261371711        0.7627801675697666
       -0.3638489103687547        0.9421136034810240
       -0.3334666338809876        1.0000000009817118
       -0.4262506928263535       -0.7530568678417807
       -0.4247352002758454       -0.4752269217881572
       -0.3811156338652243       -0.3967839043144660
       -0.3858736906638706       -0.3620503749330899
       -0.3557170531806797       -0.3141662857912319
       -0.3827651812212042       -0.2650848281994621
       -0.3748269350086499       -0.2353191997153201
       -0.3643232881864352       -0.2095799118384425
       -0.3758542073396543       -0.1889563432074968
       -0.3622765509943681       -0.1695750585126633
       -0.3709022575897818       -0.1497715437130135
       -0.3777017683686117        0.1316866511945617
       -0.3696493158471757        0.1528377678614022
       -0.3732971359737507        0.1928651259499227
       -0.3834014230549266        0.2148419082949484
       -0.3697474824959628        0.2898159385885045
       -0.3790500491966308        0.3206501413308372
       -0.4233497418753933        0.4189360376161284
       -0.3763100534811498        0.4969157808930414
       -0.3948173896809881        0.6959469592143389
       -0.3995039959109571       -0.4353276311097384
       -0.3513868859517791       -0.3447375207265103
       -0.3594217151339008       -0.2852718880571638
       -0.3375262661258408       -0.2748141322312941
       -0.3579390592487863       -0.2562242065279915
       -0.3375412680359109       -0.2476762220443271
       -0.3515286068998908       -0.2292075011232751
       -0.3416271979680030       -0.2080645516525485
       -0.3524673391019121       -0.1891210589636666
       -0.3600028077597996        0.1743501603190668
       -0.3495615503149854        0.1944395084289987
       -0.3594076325992427        0.2145392383193669
       -0.3474345105450279        0.2356133862716405
       -0.3584733494087076        0.2610070707881019
       -0.3845215074714161        0.3554872384256236
       -0.3806404732516089        0.4431601503484974
       -0.3352289019091003        0.5340090854265074
       -0.3173954147361560        0.7779149336316904
       -0.3521650249000076       -1.0000000009385128
       -0.4280985119198444       -0.8751527918999452
       -0.3974218756768709       -0.5129515201123365
       -0.3481258935344915       -0.3776692301881959
       -0.3249960158843219       -0.3260377966039427
       -0.3307687441906392       -0.2991540879142984
       -0.3100723101540994       -0.2836824605713454
       -0.3210526558469235       -0.2640065351532037
       -0.3298029506483870       -0.2263404823215795
       -0.3376297743811561        0.2144904085723094
       -0.3250495903829350        0.2331153443368974
       -0.3339782406850033        0.2547952043145844
       -0.3416130177707095        0.2811302549890332
       -0.3469069278602639        0.3092474710061527
       -0.3502453967894791        0.3391006020310579
       -0.3517940235808913        0.3735295149526080
       -0.3481881065096647        0.4123252929023329
       -0.3403891561458650        0.4540888225971531
       -0.3851515403677636        0.5574848279836846
       -0.3377716901659554        0.6488565911987082
       -0.2822820229026777       -1.0000000009478749
       -0.4474396694449674       -0.6941393074754285
       -0.4241059191772984       -0.6302177855879815
       -0.3510104643678839       -0.5194171095701371
       -0.3658021237841485       -0.4677563412771349
       -0.3540982167771404       -0.4223767855609418
       -0.3221842314623315       -0.3965344122572887
       -0.3181952315850744       -0.3568588501972575
       -0.3169688020470932       -0.2439892999327161
       -0.3117147982372383        0.2506668796228999
       -0.2974231291987597        0.2674686564229895
       -0.3188879532705004        0.2723598143020708
       -0.3204231615311622        0.2984324833842529
       -0.3202229004238217        0.3234757917027695
       -0.3219954566650941        0.3537333475015300
       -0.3275783043512993        0.4897856616269873
       -0.3370715842258138        0.5883136165222823
       -0.3947727423257126        0.6224472265120047
       -0.3310315540019902        0.7147186719838596
       -0.3891037751204313       -0.9382625153391798
       -0.3552579070676231       -0.8802471110614482
       -0.3951232748557332       -0.8197361897676804
       -0.3805171162938591       -0.6895635669131913
       -0.3576194892719422       -0.6196828059466041
       -0.3977591865164863       -0.5687228910051991
       -0.3207038089735743       -0.4783599468048703
       -0.2853045329841419       -0.4459348504359320
       -0.3222161474908402       -0.4380166920551913
       -0.2950261137840944       -0.3769068975688766
       -0.3036108589030788       -0.3046272071876762
       -0.2886332993005347       -0.2769310717413633
       -0.3024087492853818       -0.2618185410961604
       -0.2813130002255406        0.2843641957114636
       -0.2966509283816430        0.3341328017472611
       -0.3193136522594544        0.3881936172123455
       -0.3110198151135954        0.4260663815372611
       -0.2926652196877533        0.4624211441689101
       -0.2775082090925076        0.6624478078299726
       -0.2857716374133638        0.8402770757293178
       -0.2857685841466832        0.9424645135476404
       -0.3169670670752730       -0.9397207719997902
       -0.3085644404912104       -0.6567063394701133
       -0.2904013660601640       -0.6036341099835243
       -0.3324220978348081       -0.5659929442742311
       -0.2979930435346860       -0.3309297688967016
       -0.2820039257248779       -0.3096884778442008
       -0.2755853892699704       -0.2899184253549735
       -0.3009243935058191        0.2876561249588998
       -0.2932513878684895        0.3079205169449503
       -0.2741891877673890        0.3451748107948862
       -0.2946378210453806        0.3647254804793137
       -0.2878143104411792        0.3967012499480493
       -0.2746999297086902        0.4265137454208090
       -0.2513246026990525        0.4850531821840439
       -0.2876168193922981        0.5069054648845580
       -0.2646739023091656        0.7265035242742743
       -0.2491150669641261        0.7867991201204348
       -0.2457200725532338        0.8906436109202245
       -0.2442370373627885       -0.9390402418879472
       -0.3219219692558881       -0.8231646777294793
       -0.2715793381595540       -0.5573046943108575
       -0.3001895176255289       -0.5205830374188247
       -0.2591766149804154       -0.4170930908261288
       -0.2910909896563187       -0.4102808067422593
       -0.2665991437285400       -0.3839587296956546
       -0.2842050810374606       -0.3518567970124064
       -0.2692866592186066       -0.3281838100970814
       -0.2454463028087056       -0.3158419103556628
       -0.2600788918326377       -0.3039061861229270
       -0.2670265212352266        0.2978201418825338
       -0.2730662723989891        0.3193789086754458
       -0.2317958560458880        0.3472997099628679
       -0.2669128957339330        0.3743055033287035
       -0.2540652020860631        0.3991384530800789
       -0.2539819311904142        0.4536265262427533
       -0.2875118124765056        0.5535920551322897
       -0.2165233759111314        0.6804842271932936
       -0.2665549006087444        1.0000000009414935
       -0.2812554653847943       -0.8813670597467995
       -0.3600464090338551       -0.7638754309050358
       -0.2829222422088683       -0.7697363370134939
       -0.3213135770243826       -0.7167019358651866
       -0.2320526921483893       -0.5929585574631355
       -0.2764426350764147       -0.4811907324146525
       -0.2596863601838700       -0.3565184982774807
       -0.2493045364349135       -0.3360112553963518
       -0.2506241050281366        0.3117491909244260
       -0.2526107499837641        0.3320948050361928
       -0.2514987696193833        0.3555087711175471
       -0.2357967452083149        0.3746921540886820
       -0.2241777891528687        0.3996736960011493
       -0.2387191663446457        0.4263244178582583
       -0.2450506438881480        0.5258181637191707
       -0.1952345464356878        0.7503248862374858
       -0.2059957127291462        0.9428800005142889
       -0.2064344245985127        1.0000000011193337
       -0.2057639756836914       -0.8798403393945490
       -0.2474063563720353       -0.8245383430756683
       -0.2549406387748764       -0.7057704195393006
       -0.2432572198661606       -0.6456922179966265
       -0.1802314981603107       -0.5322596810899909
       -0.2498800205745888       -0.5159790675842354
       -0.2370029263053015       -0.4789811397901258
       -0.2474291401384414       -0.4459941511074743
       -0.2213090309936656       -0.4213437959255544
       -0.2390884857386237       -0.3982985783420153
       -0.2383692429943340       -0.3720957530227235
       -0.2320167350664569       -0.3497999203458561
       -0.2282040079572012       -0.3285162562122156
       -0.2321640917949982        0.3257296951984880
       -0.2130391397237236        0.3385473745647146
       -0.2845280316028336        0.6050774186839423
       -0.2094561830076457        0.8326799245348586
       -0.1789754017979900       -0.8166460716671324
       -0.2121508787645023       -0.7605208170300607
       -0.1440985099162085       -0.7445993745639806
       -0.1922488383915576       -0.6926748262556640
       -0.1860755596454421       -0.6330971115109376
       -0.2192551767176024       -0.5452973614186385
       -0.2058480602953998       -0.4982416706349630
       -0.1910850335328982       -0.4301381036038881
       -0.2150114144027371       -0.3884150021011146
       -0.1933839232987556       -0.3738609733183914
       -0.2131051354821773       -0.3626959713966628
       -0.2106967697068638       -0.3400101044949922
       -0.1937789995468952        0.3499281344474110
       -0.2133910703164509        0.3604170551347788
       -0.2089053462566246        0.3823908007671493
       -0.2092493633887687        0.4233930575537183
       -0.2175115750736781        0.4563746459847180
       -0.2129077871222336        0.4936913354575534
       -0.2020844944641796        0.5353805720570773
       -0.1585085198030129        0.5437253620498554
       -0.2374912324723538        0.5710045836845119
       -0.2305842596211626        0.6211916187314324
       -0.1289990724171851        0.9396313939971072
       -0.1682044731685859       -0.4928285938936928
       -0.2117545518467928       -0.4552774476781146
       -0.1949254505341519       -0.4018894931277503
       -0.1694716082997946       -0.4091473944892227
       -0.1741837132016733       -0.3835968337775935
       -0.1927722390167717       -0.3504837568217712
       -0.1736682531236108        0.3603322604605246
       -0.1903754444400580        0.3720292901942970
       -0.1719639509266654        0.3845175455162855
       -0.1919145858262178        0.4010973672353789
       -0.1866440259245861        0.4345700002599846
       -0.1846403571532388        0.4672311800006329
       -0.1746641704489529        0.5037992370965416
       -0.1368292909515856        0.5077963242429474
       -0.1875201518581900        0.5800946024035494
       -0.1696994291417294        0.8848174188372919
       -0.2135927852745188       -1.0000000009020285
       -0.1322535621135289       -0.8766018302145849
       -0.1375284903248416       -0.6732868842325826
       -0.1347248079177059       -0.6154439502913153
       -0.1826183030297422       -0.5825400731969844
       -0.1464292266232274       -0.5614760686845819
       -0.1813526920582097       -0.4632008476275141
       -0.1618603443387950       -0.4356194773685537
       -0.1528833953174640       -0.3909702246633331
       -0.1557750934426192       -0.3684211179871519
       -0.1744034455661313       -0.3599769969055481
       -0.1545175946681404        0.3689502852011091
       -0.1510630776450141        0.3925094256185702
       -0.1684938548018099        0.4117621373776402
       -0.1438138912403219        0.4190184606882256
       -0.1600152361388988        0.4423015950991960
       -0.1797602590510776        0.6285573083278340
       -0.1553432062472594        0.8024701911216952
       -0.1460466255378604        1.0000000008816503
       -0.1473402446525736       -1.0000000009826968
       -0.1723455302414947       -0.9375476768585318
       -0.0861593765776082       -0.7055467962724253
       -0.1098541220168922       -0.5763659366628590
       -0.1067773159108535       -0.5341194743555289
       -0.1407534972014449       -0.5201110129278314
       -0.1468857763184918       -0.4597442258394190
       -0.1426458872765927       -0.4150574924506499
       -0.1307114228670947       -0.3958856285182660
       -0.1362475568844379       -0.3760805803367049
       -0.1348131420263598        0.3765971541508120
       -0.1295023914959697        0.3992614310437836
       -0.1321397553775905        0.4475950282827239
       -0.1515356181905050        0.4742196414396072
       -0.1368128321086227        0.5863322508759629
       -0.1606017452012335        0.6892576469150736
       -0.0814307274445387       -1.0000000008876246
       -0.1197373464417867       -0.8106711492579944
       -0.1335980003531686       -0.4853219176879904
       -0.1294961963651519       -0.4360580373679688
       -0.1145657329036861       -0.4091483564522908
       -0.1151295756892146       -0.3830733362280460
       -0.1145497345352087        0.3832471243490704
       -0.1184853237090652        0.4243890379019145
       -0.1029641230221838        0.4489922468582974
       -0.1182032896503824        0.4762266686694439
       -0.1333160717034907        0.6373158413441401
       -0.1169042424483518        0.8495637547509828
       -0.0769815618245716       -0.6015642681638337
       -0.1047882373234538       -0.4973798596495798
       -0.1108769577415023       -0.4619877992444875
       -0.0788624340433500       -0.4799693615334119
       -0.1049869759382778       -0.4326016887657003
       -0.0921848022097380       -0.4074740798787270
       -0.0968513629484021       -0.3880976855152438
       -0.0753727657351471       -0.3928345024483714
       -0.0936924847075646        0.3888723677676261
       -0.1074393196788467        0.4046786275880506
       -0.0997830737350530        0.5045234997310909
       -0.0474301767491951        0.6027596278518207
       -0.0909256136603383        0.6199285037405438
       -0.1235474783273467        0.7396756425903589
       -0.0829425663841042        0.7867136613544097
       -0.0806715945280741        1.0000000009514918
       -0.0729591596009015       -0.7685531576607200
       -0.0860816796848372       -0.6467315434515519
       -0.0722145571129184       -0.5145576469574122
       -0.0828931586936997       -0.4525515625677078
       -0.0818890231101137       -0.4270121704289868
       -0.0666322373822601       -0.4113989318763694
       -0.0712405437917604        0.3936048588449265
       -0.0843273484368558        0.4070470931203357
       -0.0918254729339559        0.4261993616133714
       -0.0851132358401609        0.4719059699624054
       -0.0643123570894726        0.4962727653076259
       -0.1168799884993976        0.5425680210005717
       -0.0765524040024898        0.5323684797936138
       -0.0888671389649435        0.5740491653596338
       -0.0985260589110296        0.6809568140181448
       -0.0447493732839623        0.8396893765111582
       -0.0818960017968178        0.8974395051670124
       -0.0477234661641897        0.9460285229936511
       -0.0331032340685557       -0.6720574142937273
       -0.0716026068112110       -0.5545922469061121
       -0.0458056379774580       -0.4930185134033256
       -0.0343677357088234       -0.4421585630053028
       -0.0592604608607658       -0.4364907730958710
       -0.0442011672467180       -0.4174292053191042
       -0.0528563916793680       -0.3964923731813110
       -0.0519938788206010        0.3966064000564620
       -0.0649619014768957        0.4180123954837520
       -0.0470612105291358        0.4393723913413358
       -0.0731899658518779        0.4436330033978518
       -0.0539443986368181        0.4661958079031843
       -0.0390191319500965        0.5190262977402975
       -0.0461168087340818        0.5578955199048509
       -0.0496695522639537        0.6562105457289962
       -0.0526747855180179        0.7205100550179282
       -0.0084822299245366        1.0000000011971018
       -0.1024170563836375       -0.9415238716774380
       -0.0621528105945887       -0.8939344209415245
       -0.0602645263268925       -0.8378642089365966
       -0.0212579385247825       -0.7303406726749535
       -0.0327013590987227       -0.6207826560195984
       -0.0531808510334580       -0.4630047191520311
       -0.0221012021344526       -0.4193145118969838
       -0.0317148922414820       -0.3987407249503123
       -0.0312496110965424        0.3987774588309322
       -0.0424904462932151        0.4172335747276393
       -0.0207002306763011        0.4354712645759704
       -0.0247349330243712        0.4585442559560088
       -0.0293194902591255        0.4869617315773320
       -0.0075375487519540        0.5362632087303363
       -0.0080857711831063        0.5780435295198455
       -0.0133429590037145        0.7807359435095760
       -0.0067229025709156        0.8884734912167643
       -0.0224556471303210       -1.0000000010551775
        0.0418903208052255       -0.7499896980321421
        0.0151481119571439       -0.6368910148711876
       -0.0353667905816886       -0.5748259418431628
       -0.0389141755037431       -0.5324193961927358
       -0.0162989596851755       -0.5081759424830476
       -0.0231455866432863       -0.4700609194476174
       -0.0103150016021888       -0.4424775328665265
        0.0002908045102647       -0.4191856653889297
       -0.0105751000111087       -0.3998601844822241
       -0.0085694942973710        0.3999081941986811
       -0.0202122004744829        0.4151878108128818
        0.0046091194686322        0.4462841427329527
        0.0013430661358521        0.4710680843438183
       -0.0013495884272405        0.5044318954204275
       -0.0076183369397142       -0.8010043686886250
        0.0271205512865117       -0.6892764128165064
       -0.0014704328272600       -0.5470819172198667
        0.0023569418512296       -0.4871606137936308
        0.0079127494941452       -0.4614532440973201
        0.0161003700695324       -0.4376291919729808
        0.0239870618860112       -0.4163914355342522
        0.0109145769589132       -0.3998510622412768
        0.0111052340257922        0.3998458126140305
        0.0016215735452958        0.4218931086782399
        0.0345753240728742        0.4602816466859275
        0.0255451726722233        0.4870359714949806
       -0.0025724748843969        0.6238150485469439
        0.0001674289851394        0.6745252103686378
        0.0131715143574431        0.7263484111080852
        0.0293940640321038        0.8263151555511608
        0.0077997504880048       -0.8732317458882763
        0.0696190463930489       -0.6491494445106366
        0.0076299089218895       -0.5871467770565825
        0.0196723818318697       -0.5197253243401274
        0.0318217153606942       -0.4878713022147431
        0.0332325053642411        0.3986171101519167
        0.0221097291967257        0.4160931203100901
        0.0349085953006952        0.5187313714249894
        0.0253319192164209        0.5521847105550052
        0.0369656646320415        0.5931842014380416
       -0.0228656009120970       -0.9413582839479366
        0.0499531170516670       -0.5992501103645050
        0.0426976119198042       -0.5536494091994278
        0.0409785777704767       -0.4351164753565963
        0.0477170172785257       -0.4143019916328115
        0.0333210250180283       -0.3986097201483533
        0.0541627196066039        0.3963160353323696
        0.0446600813465226        0.4168626515853633
        0.0532438388521077        0.4384086833098932
        0.0267755804922229        0.4364750950010819
        0.0631902723014093        0.5540253093085876
        0.0488116421246337        0.6393848771778577
        0.0623905898009928        0.6905152464145298
        0.0266379606563200        0.9434368312433895
        0.0360682800255888       -1.0000000008509762
        0.0559853385463591       -0.8179157381317734
        0.0905947343295382       -0.6973186602170955
        0.0545854776891753       -0.5152720302145427
        0.0611842337040505       -0.4811415743791073
        0.0357794514522156       -0.4598564006520329
        0.0668766922845028       -0.4302381162568026
        0.0715696283113237       -0.4108202538843439
        0.0554151889972845       -0.3961428489040421
        0.0748498274675437        0.3929344771023490
        0.0666722981442730        0.4145701772380756
        0.0889600203080707        0.4101727756770174
        0.0680373047553369        0.4602270150506552
        0.0556527289705935        0.4871330276355674
        0.0831774466799232        0.5953443438866526
        0.1030545449498050        0.6406470492926348
        0.0636732845141473        0.8845205217363332
        0.0627772284496308        1.0000000011497465
        0.0842963966119920       -0.5305704874604046
        0.0630867509489230       -0.4525272793017958
        0.0927122491089468       -0.4116920594325291
        0.0769023033985945       -0.3925379417369254
        0.0958501014195668       -0.3883461831733444
        0.0955891164612385        0.3884105054170568
        0.0798210384888243        0.4347867876917184
        0.0733674558816544        0.5168693769913423
        0.1015276182360268        0.5487085504988193
        0.1345856280034129        0.8833493631727718
        0.0456670340823481       -0.9368498111392094
        0.1167582622551068       -0.9403225723255033
        0.0801518215622016       -0.8802446901688831
        0.0841300840751804       -0.5683187987767346
        0.0882049383178342       -0.4947526064949285
        0.1194017763484083       -0.5076126166804545
        0.0876741662781985       -0.4615596746145360
        0.1141791691373098       -0.4458119303617813
        0.0904952570592969       -0.4339263383826910
        0.1109052570852766       -0.4022796800152136
        0.1108267210482690        0.4029803665855136
        0.1054911006852384        0.4285787669384553
        0.1000006243733330        0.4545144857552453
        0.0888343848908510        0.4846134041623444
        0.1121934679768491        0.5121682581383860
        0.1441266943143881        0.5422805963133920
        0.1268318933912997        0.5834028812261383
        0.1138306462542047        0.7060815178620220
        0.0650334185979034        0.7634425978063781
        0.0983616332254226        0.9417524809066461
        0.0967586308910346       -1.0000000009184573
        0.1235616011199773       -0.8244322196873999
        0.1315943176074147       -0.5865039710251886
        0.1223193080941011       -0.5452579177690005
        0.1150042438174064       -0.4728912997544741
        0.1412216884720050       -0.4458118139689831
        0.1186654568105709       -0.4227559139830992
        0.1166108500411708       -0.3826250247800885
        0.1169758578708718        0.3825135926146004
        0.1346240300432369        0.3969842987258707
        0.1281964475671484        0.4188162869426844
        0.1522794285712761        0.4188720268928407
        0.1311197600220181        0.4438506677694938
        0.1204848403761578        0.4765251137550505
        0.0982156581869258        0.8250336138499934
        0.1046563906457720       -0.7604914905803222
        0.0976800547584360       -0.6122104463555992
        0.1548775882944741       -0.5171882512076513
        0.1427332207139918       -0.4782142432590116
        0.1446832301283628       -0.4182699605568377
        0.1318976147600812       -0.3989995646536006
        0.1515273068272161       -0.3910063096007029
        0.1357591162632982       -0.3762571758217753
        0.1373350911603903        0.3756848049696801
        0.1553691959824704        0.3905058353190859
        0.1493185944240511        0.4660498145336870
        0.1470867717880707        0.5018328074383757
        0.1533726496570367        0.6609704642418402
        0.1621405112689452       -1.0000000010713128
        0.1890058770048702       -0.9424862260272404
        0.1522457442488354       -0.8847640588371970
        0.1337256377025290       -0.6465115436188338
        0.1661967266647034       -0.5544281764781429
        0.1703348212498986       -0.4556183096993263
        0.1722148970591687       -0.3792715433834190
        0.1550570427725598       -0.3687238988597790
        0.1748292726781285        0.3597703785907077
        0.1567353513041348        0.3680136271821213
        0.1737854993995248        0.4059686386662595
        0.1659459942409984        0.4424894632567859
        0.1773646803291156        0.4796727603148134
        0.1806781561664167        0.5212844495963714
        0.1538833524379814        0.6120038949873137
        0.2060589414544226        0.8848924394277057
        0.1693818517024237        0.9419551707999495
        0.1719515246294572       -0.6045134861987334
        0.1968922319338122       -0.5136274560741301
        0.1729772631220700       -0.4868241048666501
        0.2035976166924126       -0.4739577961757138
        0.1694738542798623       -0.4284426822745320
        0.1688738379408885       -0.4040787859622533
        0.1908614247884500       -0.3905929227012445
        0.1753260050969277       -0.3595285688059659
        0.1938846036339406       -0.3498696336046604
        0.1925131660557830        0.3506261271180431
        0.1778570516612454        0.3819656914060803
        0.2183291158969628        0.4263901846288028
        0.1889047591138459        0.4253466536955609
        0.1983667920154696        0.4547032863150395
        0.1815802885883979        0.5678778846357099
        0.1344708624692106        0.7684339475009623
        0.1698839126400780        0.8258460625770231
        0.2412152022433749        0.9402940848406204
        0.1331766705969619        1.0000000011257220
        0.1505034011930560       -0.7005144472957676
        0.1987094510321170       -0.4411058293787749
        0.1959492649576152       -0.4130002782214663
        0.1958446641279046       -0.3694992299411560
        0.2107636924939109       -0.3399686249396443
        0.2084196026245888        0.3414107042517781
        0.1968333677325159        0.3707372488743365
        0.2174580642129491        0.3806649346271774
        0.2011330723212700        0.3990352766194498
        0.2307758525819916        0.4633502365825577
        0.2100775733298926        0.4942464999103775
        0.2197286175171076        0.5386234022723972
        0.2025053195183223        0.6148115172363476
        0.1814249844644494        0.7158281877471154
        0.2401887056626252        0.8283710421434938
        0.1922484399610519       -0.8292171476607323
        0.2049434093971338       -0.5540668146630030
        0.2362525253030897       -0.4870542582235998
        0.2230432451997170       -0.4183523468622793
        0.2152430142423641       -0.3878177117285438
        0.2160661668958836       -0.3603232434226496
        0.2359023736345311       -0.3451358526847410
        0.2263539275769866       -0.3297937224800538
        0.2242067745167655        0.3312571842453408
        0.2182910845180741        0.3565326609357553
        0.2339682379726537        0.4004704740837507
        0.2482041471300228        0.5032980272751046
        0.2375495964956710        0.5834474771804999
        0.2623652208062469        0.6387955602971404
        0.2071079634047202        0.7681351169742463
        0.2799281676751876        0.8786136130566095
        0.1677759940087245       -0.7667779098912398
        0.2370121291472719       -0.5237596995510169
        0.2304721485574395       -0.4505062622858848
        0.2551173276349909       -0.4307832237507488
        0.2405490594581721       -0.3977097191470212
        0.2627500217477668       -0.3777461462601691
        0.2366955480373563       -0.3701957885511827
        0.2563749455402201       -0.3294111147912107
        0.2411740502711680       -0.3191160875282212
        0.2405784256193523        0.3195653625087501
        0.2398911549567176        0.3443043637776543
        0.2398016199054692        0.3698786698560050
        0.2686738842125752        0.5461088466102707
        0.2112508006371668        0.6648292176456210
        0.2573038328810753        0.7057078348469881
        0.2698805063474765        0.7678426309378175
        0.2725948254771401        1.0000000009386316
        0.2035449187005395        1.0000000010673147
        0.2304859580279686       -1.0000000011289942
        0.2618766242529796       -0.9429525625823845
        0.2337444518651687       -0.7735537547061900
        0.2127894531075855       -0.7110492262800814
        0.1957851662533684       -0.6517385770475486
        0.2168078445996451       -0.5921586920474713
        0.2770225881857256       -0.5073818943122222
        0.2675015662181631       -0.4643121931178378
        0.2686796792780015       -0.4058409656015513
        0.2579106386718324       -0.3526099345599168
        0.2760236582504295       -0.3136285121296543
        0.2574876931675453       -0.3061047005189168
        0.2731046829033006        0.2922564494157032
        0.2571592864455586        0.3063806478692539
        0.2595776667331503        0.3295329999792929
        0.2626263721807630        0.3812626039296378
        0.3238972056076060        0.7350991306593195
        0.3118437494669269        0.8136038083148046
        0.2244976068817559       -0.8877957691376598
        0.3034776016626320       -0.7810720812892358
        0.2616019517401735       -0.6704319519821025
        0.2932201868205644       -0.4307604820955720
        0.2851105567774705       -0.3626349763227468
        0.2788423023857739       -0.3367426289402786
        0.2737590222676238       -0.2916436143186638
        0.2899971259051519       -0.2755025714646849
        0.2945922456227672        0.2989883546347829
        0.2779423580257601        0.3149042877939739
        0.2841799667382827        0.3395509107761348
        0.2628259416216591        0.3541413681071749
        0.2896093870480361        0.3676746928966440
        0.2623152480945833        0.4082233432099707
        0.2690210042695933        0.4673001794760990
        0.2937099250924238        0.5974104205412412
        0.3202127805565772        0.6656309047098712
        0.3383882080024782        1.0000000010334509
        0.2980373478499312       -0.8873993599123962
        0.2489689188395951       -0.6208263632190767
        0.2587498866667780       -0.5587201992132770
        0.3096718366455683       -0.5447671542128207
        0.3047095740090827       -0.4682340920773982
        0.2935136585198221       -0.3929469041780071
        0.3050621169136659       -0.3415518419301071
        0.2993536114590120       -0.3180640762264164
        0.2932014907512827       -0.2956809166870419
        0.3120359546737467       -0.2784071361670082
        0.3046186898628117       -0.2592440044061614
        0.3034468803740960        0.2606146405326515
        0.2884661757773520        0.2771051526293722
        0.2929356630516451        0.3977538802529242
        0.2867522172286180        0.4325719573769847
        0.2488005123653237        0.4346773489262172
        0.3094091820313309        0.9348088665047738
        0.2624666890422029       -0.8334922419015415
        0.2843546516878055       -0.7264333150351294
        0.3150502523969483       -0.6426088598440164
        0.3239050937797133       -0.5050803987960668
        0.3146628919194310       -0.3704060748762649
        0.3274701933225324       -0.3183850610946721
        0.3163615566177680       -0.2981804996506762
        0.3281368289084500       -0.2647712639552702
        0.3173747511456421       -0.2434610180599560
        0.3300956358831315        0.2259134148519902
        0.3179708888763777        0.2426819184638895
        0.3243473126792319        0.2617595307276948
        0.3097169010456990        0.2813096050491853
        0.3203995801433794        0.3031043789557168
        0.3034979859444523        0.3227828775391728
        0.3126533502716132        0.3505458975900008
        0.3224355784745562        0.3826138184571747
        0.2922823489317530        0.5042003125835586
        0.3185927382822887        0.5481732394632385
        0.3479049166077163        0.6021613421913469
        0.3364310935871790       -0.8318470967947974
        0.3683248262196442       -0.5302707047782743
        0.3237423699669734       -0.4049871885140070
        0.3464937645717504       -0.3746835660010353
        0.3617955940665080       -0.3423245395203422
        0.3327351172849956       -0.3441950737091687
        0.3550574186374075       -0.3153091882111562
        0.3396485267721681       -0.2894107164386657
        0.3540228893122924       -0.2684505355412659
        0.3294747428299397       -0.2268179749945165
        0.3407081691123598       -0.2095660841256801
        0.3426800629876667        0.2063258939915175
        0.3412612707455839        0.2483940654868823
        0.3344655374207240        0.2798799281635749
        0.3325189872436989        0.3288951661138382
        0.3231197161841203        0.4189787062297581
        0.3103522667727190        0.4618317398775188
        0.3681323758761708        0.5405990125478847
        0.3837653274878654        0.7194692977875440
        0.3708502686899520        0.7891842740039744
        0.3491169086314514        0.8663152661924144
        0.3000149685569680       -1.0000000011598766
        0.3338512473345319       -0.9428288385030639
        0.3701136390819053       -0.8858427696676974
        0.3628011452351869       -0.7611497169649737
        0.3381857926448602       -0.7011185448686567
        0.3467833349843004       -0.5832247788161320
        0.2921471043754178       -0.5939742834851504
        0.3334117033473570       -0.4389118145308157
        0.3712208530732042       -0.2958580128951071
        0.3409382007733384       -0.2465446065501920
        0.3686465304753421       -0.2443518560974908
        0.3530551025025958       -0.2280780179972526
        0.3617973777037388       -0.2091577418049471
        0.3515817853567883       -0.1907622820150722
        0.3609910380031021       -0.1722947198416389
        0.3638801726134051        0.1661060504824809
        0.3539642769494595        0.1863042957823224
        0.3755819120201671        0.1835967829714121
        0.3505277388273429        0.2259513506470535
        0.3569070031247522        0.2713143307789053
        0.3480250867579193        0.3018090971800728
        0.3450413533915062        0.3601021777736605
        0.3371202203812221        0.4974316365550787
        0.4289807151676281       -0.7588973668797114
        0.3629538494850120       -0.4046211988874840
        0.3834033896048230       -0.3674290679311094
        0.3919772185038899       -0.3297110283998639
        0.3970333652146508       -0.2427171615800743
        0.3810350185029288       -0.2190910983399038
        0.3739523485362014       -0.1916659817740825
        0.3850582610659856       -0.1722392323670034
        0.3692401859136992       -0.1538235517095243
        0.3886800013759303       -0.1510862262989241
        0.3773362615114961       -0.1327303499797647
        0.3846081043825412       -0.1098936115690960
        0.3897700023059611        0.0898851778478494
        0.3793897954217154        0.1267414027903769
        0.3722626910800358        0.1463574008720430
        0.3868798445170440        0.1603336430369179
        0.3643621912773969        0.2036842344326930
        0.3738186361684456        0.2221177566823283
        0.3658519627286188        0.2459605683258350
        0.3631245840524108        0.3282575307615276
        0.3489269315893155        0.4471274386834984
        0.4056601251436281        0.5851105538489380
        0.4061599683791412        1.0000000010685548
        0.4044748231262628       -0.9421731478633945
        0.3536772041266085       -0.4770907140973636
        0.3769626849229013       -0.4396557192194265
        0.4050776312697680       -0.3991180828445884
        0.3809047636935168       -0.2694292403323382
        0.3971606895362492       -0.1953095889306598
        0.4080015132329300       -0.1457329244044301
        0.3955317324914259       -0.1262016651552292
        0.4032150352580405       -0.1021096996568471
        0.3904102861176276       -0.0870620943601738
        0.4140695795869389       -0.0790759627705843
        0.3943693569704054       -0.0668790740441761
        0.3977051012524598       -0.0427861261862849
        0.3994303991034659       -0.0213390780279858
        0.3999947528724464        0.0020488405185812
        0.3991782487276145        0.0256266570753927
        0.3971361127488229        0.0477797865760282
        0.3939012068896854        0.0695833246664678
        0.4091036278410279        0.0887602172217448
        0.3850816613557039        0.1082225204258357
        0.3948912822608145        0.1390791912630922
        0.3978569758112065        0.1787986730568294
        0.3920810424838492        0.2037019514200258
        0.3855199752703209        0.2640102785273172
        0.3957008801167428        0.3228143826000360
        0.3775799303255897        0.3598402461634496
        0.3804172967319294        0.4837236935760622
        0.3711157950148183        0.9393996808371856
        0.4365567161263862       -0.8806048576776156
        0.4032037061152516       -0.6987841189028131
        0.3769560386810382       -0.6376200231299355
        0.3989044153807162       -0.4850105356969416
        0.4197585655840989       -0.4373388213278093
        0.4335193610685991       -0.2481248321082316
        0.4095435658236562       -0.2200018547839152
        0.4110556319749827       -0.1693034267530404
        0.4173019304608150       -0.1217786693634253
        0.4181166568169603       -0.0354338989791398
        0.4164611503140850       -0.0120321581384741
        0.4165923564929017        0.0150123957706638
        0.4173354261606655        0.0394672033748921
        0.4130785024479803        0.0647318614172496
        0.4234993038066736        0.1082733771681981
        0.4011208217524082        0.1135312391647938
        0.4159699252850076        0.1322311037031273
        0.4146430326022292        0.1574385561899803
        0.4196051024867606        0.1865576621074638
        0.4163059338109866        0.2160744333858781
        0.3939629815186664        0.2346645169652555
        0.4161481539769560        0.2520637612990402
        0.3757976022757843        0.2951243939655698
        0.4066642710119491        0.2858707712855629
        0.3585426158602198        0.3989909356230076
        0.4073589775498113        0.8874973843525350
        0.4005327611539056       -0.8205460838138022
        0.4923329530336173       -0.7590782443754529
        0.4429540099501982       -0.6373438804059146
        0.4042058465393373       -0.5780054636567168
        0.4291348576747027       -0.5246546549804659
        0.4228891520065037       -0.3629861359337740
        0.4021766826245909       -0.2987914113901138
        0.4101201929188077       -0.2681943161750802
        0.4374294128485267       -0.2177287756873805
        0.4435220814389536       -0.1691769268732098
        0.4311767326645554       -0.1447392543607953
        0.4424317476017532       -0.1162743779718281
        0.4255344345363556       -0.0977400017204609
        0.4440364368161345       -0.0836805608826618
        0.4101074286708363       -0.0570051731145035
        0.4386375975127062       -0.0281089505616485
        0.4537210433254680       -0.0009212256831184
        0.4326027524775467       -0.0004300489554369
        0.4387893332288396        0.0263410908171988
        0.4341579486353340        0.0567895659677066
        0.4329353961566082        0.0828897857947073
        0.4474059406424132        0.1087727882175288
        0.4395182361526363        0.1359532732158815
        0.4452657452151446        0.1972731445633205
        0.4418161190934470        0.2732795632259513
        0.4305184305306378        0.3099074296501032
        0.4194630539529762        0.5210811122189360
        0.3871565459499478        0.6559062376790421
        0.4194677562900834        0.8276867687293470
        0.4754018338025111        1.0000000011259116
        0.3696749899997071       -1.0000000011704504
        0.4691005162962736       -0.6959554962870781
        0.4638668474821303       -0.3575496407687622
        0.4302181713396154       -0.3251500938827711
        0.4375288370952809       -0.2871013871402711
        0.4246801170414198       -0.1916667263234921
        0.4594873203428594       -0.1421585008099656
        0.4676812170555646       -0.1104748565143863
        0.4711153022520888       -0.0817875292386237
        0.4305392304576965       -0.0583193360083455
        0.4646645488329582       -0.0273897586883263
        0.4592338534181547        0.0778454181221228
        0.4690065878249146        0.1393647839451434
        0.4424467085289017        0.1642404148223383
        0.4416618867353649        0.2319721030301151
        0.4691781306799430        0.2507563328122610
        0.4728355388240816        0.2984360378474533
        0.4529074184644704        0.3387321000175580
        0.4169476334923858        0.3532702603095835
        0.4542039418418726        0.3820168770765276
        0.4006899628143343        0.3894338628307770
        0.3869788648670859        0.4336512527867628
        0.4281817853815861        0.4675302647827786
        0.4422045070032729        0.7649511778463375
        0.4723970687108544        0.8774641707690571
        0.4423300849124790        0.9424960261411693
        0.4387948384470480       -1.0000000011758199
        0.4673864048611584       -0.8204386905469804
        0.5322065664228369       -0.6979229561276028
        0.4668436998081810       -0.5755143037065787
        0.4540109311808114       -0.4053666348632925
        0.4687463015074503       -0.3117271664696022
        0.4677295595603248       -0.2671255150679997
        0.4598431140155643       -0.1949871037142524
        0.4811125130258460       -0.1689266568346968
        0.4518448368298499       -0.0543951024694648
        0.4831469154321607       -0.0032775746032980
        0.4674511834927575        0.0236876188529574
        0.4548958423008127        0.0487659544447340
        0.4724126758629550        0.1071824540871447
        0.4726364414874103        0.1740904324223471
        0.5073666469419600        0.1896201696039163
        0.4290439817430746        0.4181100455022254
        0.4776068378229884        0.4969386697022210
        0.5420563836431909        1.0000000010165955
        0.4722447831648844       -0.9407114085096761
        0.5259686195874267       -0.5590168149680829
        0.5061612502571956       -0.3376917236642857
        0.5046839861236982       -0.2873610499834731
        0.5466790552328523       -0.3102230820892324
        0.5036486798348146       -0.2426594540695359
        0.4681533041887975       -0.2300241260477055
        0.5357410884089717       -0.2104511690526412
        0.4966231536135761       -0.2015691484486876
        0.4913302203317500       -0.1377735869279343
        0.4995280821611453       -0.1021368287595677
        0.4789953656821092       -0.0548693367320294
        0.4977402964061842       -0.0331582907900453
        0.5000317228153132        0.0247051670184937
        0.4823843798046699        0.0531433679464731
        0.4930323436907184        0.0826778145450480
        0.5020560146521276        0.1180044852969770
        0.5038051172912303        0.1521307343510789
        0.4741144320605006        0.2119217939713154
        0.5002882370045468        0.2695555373048626
        0.5030866988915027        0.3871782199673319
        0.4630055138358530        0.5588383569186947
        0.5069052966460648       -1.0000000010516046
        0.5038601810884928       -0.8812491825526813
        0.4858987992082435       -0.5086104621612114
        0.5435522739053300       -0.2585437680888775
        0.5810781518667044       -0.2253129002418807
        0.5224203205825589       -0.1676456468980609
        0.5067002327262013       -0.0713367411313051
        0.5298475086316260       -0.0471836769278094
        0.5299947545204633        0.0899573256308262
        0.5080929143868910        0.2298066356606077
        0.5254704952553392        0.3024054784452344
        0.4922173983297949        0.3404094116717360
        0.4722742549457264        0.4362076328369810
        0.4499932558961782        0.7034610224392860
        0.4909158284526057        0.8136842490079508
        0.5403083525774465       -0.9381717388479744
        0.5108765828129145       -0.6327728764581038
        0.4508685903039937       -0.4672129388469977
        0.4954365782284563       -0.4440590775428510
        0.5026235177640493       -0.3906935881580476
        0.5678670273899328       -0.1772131244666950
        0.5241188475114517       -0.1278644404479344
        0.5402588908342104       -0.0910336987845675
        0.5172173314157477       -0.0072949324865896
        0.5175562472109202        0.0553251198714307
        0.5438672242971634        0.1670814547604108
        0.4478115300979810        0.6359587782349455
        0.5735144586873536       -1.0000000010126302
        0.5539766706143747       -0.7628361545967148
        0.5825467989221395       -0.6602544721819629
        0.5429654457082050       -0.4881986269068509
        0.5510972652873769       -0.4285451516607706
        0.5950019218720471       -0.3365446163991405
        0.5531609110669390       -0.0153248088985854
        0.5381498780269764        0.0231774378435560
        0.5583606406701339        0.0580488466849423
        0.5473911384982436        0.2108471649751200
        0.5457315332468381        0.2582936884533243
        0.5210908434247037        0.4396545481161802
        0.5032354634472788        0.6123918017201924
        0.5081609365520799        0.6814840602662872
        0.5160816246676907        0.7501822143019866
        0.5367753828184546        0.8739492739239179
        0.5086643485062459        0.9376764782872734
        0.5996621447929975       -0.7266402739478988
        0.5894552206195343       -0.5384264944034629
        0.6106419261313976       -0.4723098620930385
        0.6020284243926151       -0.4019645673113965
        0.5497548824386109       -0.3678378322037046
        0.5593724837801042       -0.1347019032545292
        0.5740911430356836        0.0948619520823403
        0.5400165797071556        0.1271102536584053
        0.5888054558975655        0.1859754222731925
        0.5415523802869180        0.3442687353685153
        0.5308696566410124        0.5546984257845383
        0.5941253066667518        0.7597580162006756
        0.5590855939351126        0.8121919794779763
        0.5727091437569806       -0.8737185548381019
        0.5340347323675644       -0.8218205106806961
        0.5713875018909050       -0.6020892879196322
        0.5901565382734415       -0.2787427522247501
        0.5664722473932179       -0.0576342119843052
        0.5952057530592674       -0.0196222527435913
        0.5808310603153357        0.0204457697727224
        0.6217085186914268        0.1006771789715808
        0.5614639476122948        0.3964424513004151
        0.5703732573537196        0.7016500044826743
        0.5738638610302470        0.9380265675082150
        0.6089239014878142        1.0000000010606189
        0.6349277470781584       -0.6030774003155601
        0.7119801856727805       -0.3937150957059176
        0.6515369766613121       -0.3627526987538581
        0.6456543714048730       -0.3001958400899874
        0.6343148298249388       -0.2424850339044196
        0.6066986378463115       -0.1413594399849585
        0.5853003027903441       -0.0975089441018492
        0.6382314312811215       -0.0991107790351700
        0.6137523793899683       -0.0562293419146736
        0.6332533754634601        0.0052850621767079
        0.6071689378782895        0.0541706318109221
        0.5835738740126517        0.1386981671474296
        0.5937875423714951        0.3504728407117599
        0.5870949786754869        0.4472550581502400
        0.6347716404271143       -0.8725478231277075
        0.6043526757739072       -0.8055202505274259
        0.6484709139136752       -0.5356876051643609
        0.6644141083485452       -0.4322985854260681
        0.6985773425163313       -0.2640395149195312
        0.6199238250759802       -0.1891088703628150
        0.6633451679292597       -0.1500063188900800
        0.5905530623254324        0.2384803687465678
        0.5816501683565226        0.2955146615215352
        0.5336526214623236        0.4918670874024779
        0.5601227418771769        0.6320034639009660
        0.6303768888858601        0.8219979381598488
        0.6015427812108114        0.8773753325782921
        0.6446575006005887       -0.6732163028398558
        0.6981975352765710       -0.6273902846383723
        0.6601880509299373       -0.0445805264247534
        0.6900810183004432        0.0082760949296471
        0.6588444484434203        0.0557164605714283
        0.6764362114370736        0.1093644370240880
        0.6330678956371371        0.1515641498721839
        0.6382536072107815        0.2061604893530108
        0.6413923506058681        0.3243598725490290
        0.6973236269152652        0.3627438528603745
        0.6351275413273572        0.3969360302591723
        0.6488995827793385        0.4672769513354615
        0.5940420547307884        0.5144237884087733
        0.5924543355834095        0.5792669887582758
        0.6047213976651418       -0.9369033646024504
        0.6682584022532645       -0.9381093607631974
        0.6678404951703202       -0.8133014394804096
        0.6537858870891473       -0.7474602286597889
        0.7655144016441533       -0.5728821951039298
        0.7010681715829895       -0.5671280926781073
        0.7398130914712542       -0.5132687157983690
        0.6853568250503017       -0.4875164283941296
        0.7446546644518348       -0.4441991966930399
        0.6802489891411163       -0.2049064996615803
        0.6371070116289718        0.2658785581417357
        0.6934626751867226        0.2294767413408916
        0.6998367764159384        0.2935737756824540
        0.6996308802064967        0.4288563613905306
        0.6537891477304929        0.5353777825689895
        0.6530192637459143        0.6003698636851630
        0.6215341058229144        0.6519780875140782
        0.6705579081821195        0.8837411384726679
        0.6409243540937980        0.9403779741524592
        0.6393203745426572       -1.0000000010284835
        0.7057020604817452       -1.0000000011753933
        0.6990360660765622       -0.8798231819171320
        0.7590570017542627       -0.6382782474959531
        0.7972986871712446       -0.4958728351345216
        0.7635902668121768       -0.2961304619568217
        0.7293953005905415       -0.1644161576763899
        0.6949324629521401       -0.1011534525163258
        0.7173534755082734       -0.0464597918372072
        0.7417349098585211        0.1229853813182968
        0.7585058670799153        0.3263049555815442
        0.7599847565013271        0.3935597733876266
        0.7345370609070532       -0.9434923173807744
        0.7310272337110469       -0.8229940185565670
        0.7162706833272465       -0.7580986384135761
        0.7048258692577731       -0.6935257209121815
        0.8262950574843192       -0.5439541901636292
        0.7713972505686367       -0.3715132304782757
        0.7114220923386053       -0.3295614856279225
        0.7524869826394907       -0.2262230080585966
        0.8031050401180853       -0.1785682053074075
        0.7224012293580682        0.0649897435752931
        0.6899422639654927        0.1671835397706583
        0.6967256737734162        0.6493954487298977
        0.7072644852236170        0.7160288578143349
        0.6431159336576177        0.7074947968071642
        0.6666818612596421        0.7704563408310660
        0.7034661123239375        0.8314339721517382
        0.7118378295312181        0.9407546941201016
        0.7751895725280532       -1.0000000011428420
        0.7672953132230467       -0.7048352329862301
        0.8236542536642651       -0.6075345922987813
        0.8125386067067429       -0.4381655323119567
        0.8326599306670438       -0.3801927211366655
        0.7595680678566562       -0.1117463258277939
        0.7591514462929870        0.2568404123288751
        0.7591161899607527        0.4612646782502981
        0.7110324730473625        0.5748480187309631
        0.7721058928641791        0.7352726354249388
        0.7372472608922821        0.7823660249146202
        0.7447806923275782        0.8836574823233391
        0.7838521055739325        0.9399035904866311
        0.6771738464137964        1.0000000010557748
        0.7457629388219631        1.0000000010179197
        0.7647744574617092       -0.8883141778706102
        0.7940620502012803       -0.8359176465126329
        0.8234429317078404       -0.6700155771650911
        0.8711690675092301       -0.4900287679558820
        0.8223940099121237       -0.3170091183863292
        0.8152748913217533       -0.2479822094080918
        0.7561014544539555        0.0144530553807473
        0.7544059602965452        0.1914734328787568
        0.8177252456141485        0.2899680674018250
        0.8195746476455160        0.3592267195192734
        0.7665637003393773        0.5373061399111734
        0.7621796163932926        0.6090097461020132
        0.8441480363776305       -1.0000000014385779
        0.8426141728412740       -0.8047013343561017
        0.7788797581315879       -0.7708276023895595
        0.8788434920639777       -0.2845072319533771
        0.7096551417925557        0.5019326236977677
        0.8178735244763287        0.7809048033888176
        0.8133955888739723        1.0000000010772563
        0.8048076622898077       -0.9406711016996543
        0.8716426364051927       -0.9504544510536741
        0.8844548475028563       -0.5620861291748933
        0.7785146663708158       -0.0497388636216938
        0.7992373082165325        0.0765236826177320
        0.8189393583203489        0.2184699450459048
        0.8205339276279358        0.4281673515721663
        0.8134661517266975        0.4960600752312583
        0.7616347948184180        0.6722905358564953
        0.8278036942748040        0.7091825452278251
        0.7834814411723068        0.8300630274539778
        0.8387019639734815       -0.8835515308639484
        0.8841878965580948       -0.6302547898174453
        0.8739118797265363       -0.1561728957951384
        0.8211982865394243       -0.1156725888783184
        0.8367813804502366       -0.0520442479937778
        0.8734099281111947        0.0467147332001117
        0.8198521025537343        0.0128057319397727
        0.8681529133028361        0.1044958069108771
        0.8033932843612858        0.1448463563295062
        0.8665621321456241        0.8272502448882262
        0.8316087613863989       -0.7360333195506796
        0.8818099232428874       -0.4253772923668898
        0.8875966808979214       -0.3521809406811137
        0.8710500326450152       -0.2175390732609855
        0.8625387302548619        0.1606428427315227
        0.8808966033825100        0.3958991391546915
        0.8816447609424850        0.4604821430734212
        0.8227593595242084        0.6434168200876998
        0.8857019721669418        0.6896659894409283
        0.8798951404853547        0.7586132805334014
        0.8184892478109695        0.8819275839562879
        0.8912605770303599       -0.8420103113866459
        0.9415202685115477       -0.3920596669427044
        0.9409129378799814       -0.1251125676652703
        0.8230366606243884        0.5738988129731214
        0.8814601547904639        0.6244685554845949
        0.9412579080485353        1.0000000008156527
        0.9442950660619904       -0.8061619948305164
        0.8921829501666130       -0.7669486439470329
        0.8858908775111607       -0.6977826690690019
        0.9428408978130226       -0.6640818467465457
        0.9371809587483210       -0.5248500159433868
        0.9369217967298180       -0.2534350822389493
        0.8877948488545118       -0.0906711532440390
        0.8878296437359108       -0.0174151458961765
        0.8924087495056917        0.5666376197341059
        0.9421407611088788        0.6543766018967343
        0.8849131009739321        0.8886269255285705
        0.8559990366165331        0.9436201405669552
        0.9506289830897410       -0.9535787509557633
        0.9037233461888070       -0.9071612490295754
        0.9527793179006097       -0.8771351863550002
        0.9453678498041961       -0.7336802800252851
        0.9429962834565530       -0.5947435608777727
        1.0000000010505457       -0.5613502684284236
        0.9424376422294540       -0.3204587581711095
        0.9355808087700082        0.0855480945824685
        0.8898691904019286        0.2078443777014011
        0.8777141699556219        0.2654853395387607
        0.8674127282670815        0.5175429017552630
        1.0000000010991301        0.6886027077925048
        0.9346885075979859        0.7962556753224429
        1.0000000010911401       -0.2894738303624152
        0.9363226524026578       -0.1898385021260932
        0.9406816062038300        0.0192157597199272
        0.8795960948484726        0.3301331643274968
        1.0000000010560832        0.4134279300198020
        0.9402215217850014        0.3678863459940939
        0.9412876516313834        0.4388463279241469
        0.9416357634181129        0.7266421747408486
        0.8815376658572178        1.0000000008730860
        0.9194007384145398       -1.0000000014225801
        1.0000000014585624       -0.9220233510321256
        1.0000000012476871       -0.7730811914689870
        0.9383583796288714       -0.4609034594254301
        0.9343248614828110        0.1512949957203609
        0.9446241570826434        0.2268079238540776
        1.0000000009766212        0.3488648383787807
        0.9393760147479121        0.2970730806128097
        0.9384507273097414        0.5100216788572787
        0.9472130640590537        0.5842467169970332
        1.0000000009487868        0.7567519505809532
        0.9391276965368592        0.8608793457513932
        1.0000000012230748       -0.6313321437804070
        1.0000000010356063       -0.4946050226982490
        1.0000000010702315       -0.1580858591437895
        0.9432722654900988       -0.0532808516084242
        1.0000000011181842       -0.0902724829434878
        1.0000000011009147       -0.0213123059756707
        1.0000000008052705        0.1084926520645812
        1.0000000009735959        0.2880034315814120
        1.0000000010956651        0.5475962837320664
        1.0000000012953623        0.6196045585847927
        0.9328849492999260        0.9349659168028722
        1.0000000007354188        0.9427376769149052
        1.0000000014721251       -0.8446886141500378
        1.0000000010629093       -0.4273389804230732
        1.0000000011177153       -0.3584684417922780
        1.0000000009714127       -0.2235809722877156
        1.0000000010133152        0.0453009316354600
        1.0000000011877106        0.2294517329364361
        1.0000000009963528        0.4805859157147800
        1.0000000009358747        0.8203510044328232
        1.0000000007247289        0.8849007929790988
        1.0000000012834320       -0.7013730672920168
        1.0000000007582457        0.1695355317777091
