*PARAMETER
num-dim: 2
*MATPROP
b-plane-strain: 1
young's-modulus: 100.0
poisson's-ratio: 0.3
*NODE
num-node: 1551
nodal-coord:
-1.000000 -1.000000
-1.000000 1.000000
1.000000 -1.000000
1.000000 1.000000
-1.000000 -0.671045
-1.000000 -0.457034
-1.000000 -0.384335
-1.000000 -0.310485
-1.000000 0.494867
-1.000000 0.566503
-1.000000 0.710987
-1.000000 0.932269
-1.000000 -0.940438
-1.000000 -0.878768
-1.000000 -0.813553
-1.000000 -0.528832
-0.936943 -0.422124
-1.000000 -0.162048
-1.000000 -0.085909
-1.000000 -0.006863
-1.000000 0.280976
-0.933267 -0.861342
-1.000000 -0.742598
-1.000000 -0.599603
-1.000000 -0.237014
-1.000000 0.064833
-1.000000 0.137408
-1.000000 0.209454
-0.938169 0.246693
-1.000000 0.423333
-1.000000 0.638377
-1.000000 0.786151
-1.000000 0.855412
-0.937097 -0.709536
-0.938139 -0.274846
-0.893862 -0.022560
-0.933393 0.031773
-0.940817 0.601922
-0.946029 0.746090
-0.947553 0.887089
-0.941622 1.000000
-0.947637 -0.048686
-1.000000 0.352155
-0.940283 0.530560
-0.938537 -0.784330
-0.935741 -0.636396
-0.935740 -0.494674
-0.939027 -0.347811
-0.942995 -0.125735
-0.937373 0.103626
-0.937931 0.175543
-0.875289 0.216582
-0.880865 0.495360
-0.942007 0.673225
-0.933415 0.820628
-0.875834 1.000000
-0.941599 -1.000000
-0.879798 -0.823857
-0.933867 -0.564451
-0.875662 -0.312153
-0.879894 -0.235872
-0.940990 -0.200416
-0.886400 -0.093000
-0.871644 0.079939
-0.807825 0.122571
-0.874717 0.147331
-0.875673 0.285427
-0.938399 0.317290
-0.939925 0.458757
-0.884286 0.705415
-0.889264 0.772245
-0.851616 0.818920
-0.935687 -0.932060
-0.876746 -0.748601
-0.817891 -0.194847
-0.881397 -0.164043
-0.851609 0.020438
-0.938953 0.387744
-0.880641 0.567372
-0.882243 -1.000000
-0.873601 -0.460811
-0.877912 -0.383326
-0.821585 -0.124736
-0.811728 0.188650
-0.876497 0.354297
-0.880988 0.636893
-0.827180 0.746798
-0.881946 0.875544
-0.822872 -1.000000
-0.874172 -0.917716
-0.827871 -0.862454
-0.817542 -0.788091
-0.873585 -0.674547
-0.810893 -0.349344
-0.783421 -0.006139
-0.796056 0.060580
-0.878548 0.424114
-0.819816 0.606788
-0.813031 -0.714735
-0.866544 -0.528328
-0.822211 -0.269502
-0.769000 -0.078165
-0.831833 -0.052335
-0.811439 0.256923
-0.812163 0.323216
-0.815396 0.391212
-0.820121 0.461993
-0.920821 0.941692
-0.768088 -0.886325
-0.870978 -0.600706
-0.744376 0.162068
-0.764434 0.571771
-0.822885 0.534009
-0.821518 0.676721
-0.849269 0.933281
-0.811838 1.000000
-0.822835 -0.421396
-0.765408 -0.293996
-0.759570 -0.224794
-0.717270 -0.025256
-0.667250 0.022628
-0.725674 0.038215
-0.734920 0.099723
-0.758131 0.429314
-0.783429 0.939538
-0.808671 -0.938421
-0.731528 -0.940095
-0.757365 -0.822758
-0.810519 -0.639180
-0.805364 -0.564638
-0.798030 -0.489116
-0.754323 -0.149732
-0.670360 0.079619
-0.749120 0.227553
-0.759868 0.648366
-0.784567 0.796023
-0.807080 0.868464
-0.759001 -1.000000
-0.751694 -0.681142
-0.745187 -0.608708
-0.698885 -0.197616
-0.705963 -0.088100
-0.744894 0.294982
-0.749699 0.358932
-0.701574 0.689077
-0.765368 0.720607
-0.744162 1.000000
-0.751307 -0.756114
-0.694268 -0.724791
-0.735303 -0.348501
-0.682669 -0.141691
-0.763248 0.501158
-0.702378 0.536394
-0.661018 0.634585
-0.709855 0.606618
-0.716010 0.762510
-0.731745 0.828523
-0.745405 0.887051
-0.685953 -0.653202
-0.722767 -0.470331
-0.649011 -0.082490
-0.676313 0.135231
-0.683225 0.195244
-0.709665 0.941826
-0.690867 -1.000000
-0.676510 -0.584190
-0.763162 -0.414336
-0.701979 -0.273184
-0.608159 -0.042422
-0.651362 0.743169
-0.738777 -0.537997
-0.693058 -0.402806
-0.667238 -0.332927
-0.652106 -0.227322
-0.629140 -0.127666
-0.660839 -0.032517
-0.619244 0.057998
-0.626379 0.166064
-0.685016 0.259455
-0.676986 0.329884
-0.702931 0.469242
-0.625433 0.681531
-0.662331 0.812723
-0.676669 0.877415
-0.674576 1.000000
-0.662565 -0.935110
-0.701594 -0.872386
-0.638288 -0.758938
-0.630585 -0.276337
-0.594566 -0.223744
-0.628230 -0.177548
-0.616161 0.006300
-0.617343 0.111372
-0.564702 0.112630
-0.628196 0.222251
-0.628015 0.280513
-0.624403 0.384405
-0.695475 0.396098
-0.644625 0.441264
-0.635558 0.501589
-0.643820 0.565327
-0.608480 0.867060
-0.686438 -0.804118
-0.623341 -0.383433
-0.570585 -0.267087
-0.570674 -0.180098
-0.582824 -0.137151
-0.594963 -0.088297
-0.561554 -0.054317
-0.574216 0.032187
-0.573649 0.075735
-0.577706 0.197184
-0.576637 0.245595
-0.579333 0.448280
-0.599634 0.607629
-0.598240 0.793675
-0.624255 -1.000000
-0.636383 -0.868706
-0.647176 -0.451378
-0.599431 -0.320697
-0.541369 -0.220295
-0.551813 -0.097136
-0.570000 -0.011672
-0.534441 0.013127
-0.570367 0.291133
-0.525924 0.274496
-0.604081 0.333483
-0.562400 0.383460
-0.579680 0.727734
-0.641188 0.934803
-0.608341 1.000000
-0.605136 -0.812580
-0.626502 -0.694118
-0.616191 -0.628396
-0.604433 -0.561433
-0.667640 -0.517973
-0.541375 -0.308307
-0.502804 -0.197875
-0.539485 -0.136724
-0.529520 -0.026550
-0.577404 0.151880
-0.533083 0.178597
-0.533716 0.224741
-0.541329 0.330073
-0.576310 0.528144
-0.540376 1.000000
-0.533311 -0.805691
-0.597284 -0.497742
-0.574393 -0.425622
-0.563235 -0.360702
-0.519714 -0.261558
-0.526264 -0.172292
-0.512341 -0.103081
-0.522221 -0.065525
-0.487566 -0.075421
-0.535047 0.054149
-0.526443 0.093225
-0.531323 0.139246
-0.493897 0.240336
-0.526235 0.481412
-0.497743 0.544822
-0.559625 0.659983
-0.527161 0.762178
-0.543425 0.829475
-0.540106 0.887087
-0.577138 0.938092
-0.564196 -0.871355
-0.522372 -0.389458
-0.505345 -0.342605
-0.491566 -0.229284
-0.498921 -0.137836
-0.499314 -0.005359
-0.496916 0.198511
-0.462554 0.218837
-0.493523 0.316982
-0.518787 0.419981
-0.469702 0.492307
-0.544975 0.584458
-0.507740 0.699998
-0.482229 0.806976
-0.595346 -0.933975
-0.526762 -0.935428
-0.491535 -0.296987
-0.471501 -0.259566
-0.451513 -0.224064
-0.481831 -0.165959
-0.477067 -0.109038
-0.457024 -0.083618
-0.494297 -0.040250
-0.502188 0.031193
-0.500904 0.123002
-0.491567 0.159052
-0.454515 0.257550
-0.481680 0.280189
-0.505176 0.366140
-0.470498 0.441195
-0.499371 0.625930
-0.472841 0.874002
-0.503670 0.940773
-0.470892 1.000000
-0.557598 -1.000000
-0.570571 -0.746423
-0.548102 -0.607061
-0.529608 -0.539653
-0.537698 -0.474745
-0.501863 -0.430147
-0.433719 -0.251796
-0.464543 -0.195091
-0.460319 -0.138549
-0.445942 -0.113239
-0.464372 -0.052376
-0.467559 -0.020036
-0.473398 0.013113
-0.469745 0.043174
-0.497746 0.065350
-0.462937 0.071826
-0.484537 0.095364
-0.467995 0.127787
-0.452301 0.152833
-0.462804 0.182795
-0.445416 0.300621
-0.457634 0.343164
-0.446750 0.587361
-0.452486 0.742814
-0.403032 1.000000
-0.489900 -1.000000
-0.495846 -0.870748
-0.558173 -0.679689
-0.479739 -0.485938
-0.468323 -0.379565
-0.460161 -0.330805
-0.448056 -0.289559
-0.402066 -0.242807
-0.418274 -0.218335
-0.431362 -0.192120
-0.445151 -0.164928
-0.441017 -0.036774
-0.440274 0.051863
-0.434518 0.077817
-0.451771 0.100718
-0.435528 0.125361
-0.429215 0.173442
-0.433311 0.200460
-0.421498 -1.000000
-0.458777 -0.936588
-0.465831 -0.806582
-0.497242 -0.657224
-0.426290 -0.139729
-0.421075 -0.114245
-0.429901 -0.088861
-0.412973 -0.069976
-0.436834 -0.062795
-0.437310 -0.014331
-0.448479 0.004133
-0.443235 0.027012
-0.422474 0.102838
-0.405092 0.124561
-0.420518 0.145708
-0.400874 0.189889
-0.430842 0.234314
-0.465096 0.391238
-0.423543 0.816554
-0.400830 0.881943
-0.501880 -0.736895
-0.476461 -0.590005
-0.451573 -0.430646
-0.424902 -0.352113
-0.389539 -0.213328
-0.402088 -0.189920
-0.414350 -0.165382
-0.396797 -0.145723
-0.401207 -0.123361
-0.406338 -0.095860
-0.393334 -0.072723
-0.417198 -0.044688
-0.416779 -0.019632
-0.420935 0.006976
-0.399623 0.017358
-0.418913 0.031690
-0.395156 0.062062
-0.416237 0.055814
-0.411270 0.079317
-0.404165 0.165485
-0.408421 0.214261
-0.399916 0.241806
-0.421305 0.268799
-0.404337 0.296809
-0.416670 0.330772
-0.419882 0.469113
-0.449468 0.666347
-0.357074 0.829988
-0.325847 0.890514
-0.436081 0.937684
-0.453355 -0.534682
-0.422668 -0.392763
-0.386399 -0.329635
-0.419459 -0.313573
-0.386312 -0.297194
-0.412449 -0.276755
-0.386524 -0.167420
-0.378110 -0.130510
-0.384475 -0.110357
-0.389370 -0.091605
-0.396667 -0.051528
-0.398926 -0.029292
-0.399966 -0.005243
-0.397997 0.039976
-0.391107 0.083875
-0.399489 0.101321
-0.383847 0.112524
-0.392363 0.145773
-0.381635 0.170470
-0.372105 0.238753
-0.387061 0.266904
-0.422159 0.372129
-0.385246 0.396554
-0.428289 0.526654
-0.385739 0.762780
-0.363849 0.942114
-0.333467 1.000000
-0.426251 -0.753057
-0.424735 -0.475227
-0.381116 -0.396784
-0.385874 -0.362050
-0.355717 -0.314166
-0.382765 -0.265085
-0.374827 -0.235319
-0.364323 -0.209580
-0.375854 -0.188956
-0.362277 -0.169575
-0.370902 -0.149772
-0.377702 0.131687
-0.369649 0.152838
-0.373297 0.192865
-0.383401 0.214842
-0.369747 0.289816
-0.379050 0.320650
-0.423350 0.418936
-0.376310 0.496916
-0.394817 0.695947
-0.399504 -0.435328
-0.351387 -0.344738
-0.359422 -0.285272
-0.337526 -0.274814
-0.357939 -0.256224
-0.337541 -0.247676
-0.351529 -0.229208
-0.341627 -0.208065
-0.352467 -0.189121
-0.360003 0.174350
-0.349562 0.194440
-0.359408 0.214539
-0.347435 0.235613
-0.358473 0.261007
-0.384522 0.355487
-0.380640 0.443160
-0.335229 0.534009
-0.317395 0.777915
-0.352165 -1.000000
-0.428099 -0.875153
-0.397422 -0.512952
-0.348126 -0.377669
-0.324996 -0.326038
-0.330769 -0.299154
-0.310072 -0.283682
-0.321053 -0.264007
-0.329803 -0.226340
-0.337630 0.214490
-0.325050 0.233115
-0.333978 0.254795
-0.341613 0.281130
-0.346907 0.309247
-0.350245 0.339101
-0.351794 0.373530
-0.348188 0.412325
-0.340389 0.454089
-0.385152 0.557485
-0.337772 0.648857
-0.282282 -1.000000
-0.447440 -0.694139
-0.424106 -0.630218
-0.351010 -0.519417
-0.365802 -0.467756
-0.354098 -0.422377
-0.322184 -0.396534
-0.318195 -0.356859
-0.316969 -0.243989
-0.311715 0.250667
-0.297423 0.267469
-0.318888 0.272360
-0.320423 0.298432
-0.320223 0.323476
-0.321995 0.353733
-0.327578 0.489786
-0.337072 0.588314
-0.394773 0.622447
-0.331032 0.714719
-0.389104 -0.938263
-0.355258 -0.880247
-0.395123 -0.819736
-0.380517 -0.689564
-0.357619 -0.619683
-0.397759 -0.568723
-0.320704 -0.478360
-0.285305 -0.445935
-0.322216 -0.438017
-0.295026 -0.376907
-0.303611 -0.304627
-0.288633 -0.276931
-0.302409 -0.261819
-0.281313 0.284364
-0.296651 0.334133
-0.319314 0.388194
-0.311020 0.426066
-0.292665 0.462421
-0.277508 0.662448
-0.285772 0.840277
-0.285769 0.942465
-0.316967 -0.939721
-0.308564 -0.656706
-0.290401 -0.603634
-0.332422 -0.565993
-0.297993 -0.330930
-0.282004 -0.309688
-0.275585 -0.289918
-0.300924 0.287656
-0.293251 0.307921
-0.274189 0.345175
-0.294638 0.364725
-0.287814 0.396701
-0.274700 0.426514
-0.251325 0.485053
-0.287617 0.506905
-0.264674 0.726504
-0.249115 0.786799
-0.245720 0.890644
-0.244237 -0.939040
-0.321922 -0.823165
-0.271579 -0.557305
-0.300190 -0.520583
-0.259177 -0.417093
-0.291091 -0.410281
-0.266599 -0.383959
-0.284205 -0.351857
-0.269287 -0.328184
-0.245446 -0.315842
-0.260079 -0.303906
-0.267027 0.297820
-0.273066 0.319379
-0.231796 0.347300
-0.266913 0.374306
-0.254065 0.399138
-0.253982 0.453627
-0.287512 0.553592
-0.216523 0.680484
-0.266555 1.000000
-0.281255 -0.881367
-0.360046 -0.763875
-0.282922 -0.769736
-0.321314 -0.716702
-0.232053 -0.592959
-0.276443 -0.481191
-0.259686 -0.356518
-0.249305 -0.336011
-0.250624 0.311749
-0.252611 0.332095
-0.251499 0.355509
-0.235797 0.374692
-0.224178 0.399674
-0.238719 0.426324
-0.245051 0.525818
-0.195235 0.750325
-0.205996 0.942880
-0.206434 1.000000
-0.205764 -0.879840
-0.247406 -0.824538
-0.254941 -0.705770
-0.243257 -0.645692
-0.180231 -0.532260
-0.249880 -0.515979
-0.237003 -0.478981
-0.247429 -0.445994
-0.221309 -0.421344
-0.239088 -0.398299
-0.238369 -0.372096
-0.232017 -0.349800
-0.228204 -0.328516
-0.232164 0.325730
-0.213039 0.338547
-0.284528 0.605077
-0.209456 0.832680
-0.178975 -0.816646
-0.212151 -0.760521
-0.144099 -0.744599
-0.192249 -0.692675
-0.186076 -0.633097
-0.219255 -0.545297
-0.205848 -0.498242
-0.191085 -0.430138
-0.215011 -0.388415
-0.193384 -0.373861
-0.213105 -0.362696
-0.210697 -0.340010
-0.193779 0.349928
-0.213391 0.360417
-0.208905 0.382391
-0.209249 0.423393
-0.217512 0.456375
-0.212908 0.493691
-0.202084 0.535381
-0.158509 0.543725
-0.237491 0.571005
-0.230584 0.621192
-0.128999 0.939631
-0.168204 -0.492829
-0.211755 -0.455277
-0.194925 -0.401889
-0.169472 -0.409147
-0.174184 -0.383597
-0.192772 -0.350484
-0.173668 0.360332
-0.190375 0.372029
-0.171964 0.384518
-0.191915 0.401097
-0.186644 0.434570
-0.184640 0.467231
-0.174664 0.503799
-0.136829 0.507796
-0.187520 0.580095
-0.169699 0.884817
-0.213593 -1.000000
-0.132254 -0.876602
-0.137528 -0.673287
-0.134725 -0.615444
-0.182618 -0.582540
-0.146429 -0.561476
-0.181353 -0.463201
-0.161860 -0.435619
-0.152883 -0.390970
-0.155775 -0.368421
-0.174403 -0.359977
-0.154518 0.368950
-0.151063 0.392509
-0.168494 0.411762
-0.143814 0.419018
-0.160015 0.442302
-0.179760 0.628557
-0.155343 0.802470
-0.146047 1.000000
-0.147340 -1.000000
-0.172346 -0.937548
-0.086159 -0.705547
-0.109854 -0.576366
-0.106777 -0.534119
-0.140753 -0.520111
-0.146886 -0.459744
-0.142646 -0.415057
-0.130711 -0.395886
-0.136248 -0.376081
-0.134813 0.376597
-0.129502 0.399261
-0.132140 0.447595
-0.151536 0.474220
-0.136813 0.586332
-0.160602 0.689258
-0.081431 -1.000000
-0.119737 -0.810671
-0.133598 -0.485322
-0.129496 -0.436058
-0.114566 -0.409148
-0.115130 -0.383073
-0.114550 0.383247
-0.118485 0.424389
-0.102964 0.448992
-0.118203 0.476227
-0.133316 0.637316
-0.116904 0.849564
-0.076982 -0.601564
-0.104788 -0.497380
-0.110877 -0.461988
-0.078862 -0.479969
-0.104987 -0.432602
-0.092185 -0.407474
-0.096851 -0.388098
-0.075373 -0.392835
-0.093692 0.388872
-0.107439 0.404679
-0.099783 0.504523
-0.047430 0.602760
-0.090926 0.619929
-0.123547 0.739676
-0.082943 0.786714
-0.080672 1.000000
-0.072959 -0.768553
-0.086082 -0.646732
-0.072215 -0.514558
-0.082893 -0.452552
-0.081889 -0.427012
-0.066632 -0.411399
-0.071241 0.393605
-0.084327 0.407047
-0.091825 0.426199
-0.085113 0.471906
-0.064312 0.496273
-0.116880 0.542568
-0.076552 0.532368
-0.088867 0.574049
-0.098526 0.680957
-0.044749 0.839689
-0.081896 0.897440
-0.047723 0.946029
-0.033103 -0.672057
-0.071603 -0.554592
-0.045806 -0.493019
-0.034368 -0.442159
-0.059260 -0.436491
-0.044201 -0.417429
-0.052856 -0.396492
-0.051994 0.396606
-0.064962 0.418012
-0.047061 0.439372
-0.073190 0.443633
-0.053944 0.466196
-0.039019 0.519026
-0.046117 0.557896
-0.049670 0.656211
-0.052675 0.720510
-0.008482 1.000000
-0.102417 -0.941524
-0.062153 -0.893934
-0.060265 -0.837864
-0.021258 -0.730341
-0.032701 -0.620783
-0.053181 -0.463005
-0.022101 -0.419315
-0.031715 -0.398741
-0.031250 0.398777
-0.042490 0.417234
-0.020700 0.435471
-0.024735 0.458544
-0.029319 0.486962
-0.007538 0.536263
-0.008086 0.578044
-0.013343 0.780736
-0.006723 0.888473
-0.022456 -1.000000
0.041890 -0.749990
0.015148 -0.636891
-0.035367 -0.574826
-0.038914 -0.532419
-0.016299 -0.508176
-0.023146 -0.470061
-0.010315 -0.442478
0.000291 -0.419186
-0.010575 -0.399860
-0.008569 0.399908
-0.020212 0.415188
0.004609 0.446284
0.001343 0.471068
-0.001350 0.504432
-0.007618 -0.801004
0.027121 -0.689276
-0.001470 -0.547082
0.002357 -0.487161
0.007913 -0.461453
0.016100 -0.437629
0.023987 -0.416391
0.010915 -0.399851
0.011105 0.399846
0.001622 0.421893
0.034575 0.460282
0.025545 0.487036
-0.002572 0.623815
0.000167 0.674525
0.013172 0.726348
0.029394 0.826315
0.007800 -0.873232
0.069619 -0.649149
0.007630 -0.587147
0.019672 -0.519725
0.031822 -0.487871
0.033233 0.398617
0.022110 0.416093
0.034909 0.518731
0.025332 0.552185
0.036966 0.593184
-0.022866 -0.941358
0.049953 -0.599250
0.042698 -0.553649
0.040979 -0.435116
0.047717 -0.414302
0.033321 -0.398610
0.054163 0.396316
0.044660 0.416863
0.053244 0.438409
0.026776 0.436475
0.063190 0.554025
0.048812 0.639385
0.062391 0.690515
0.026638 0.943437
0.036068 -1.000000
0.055985 -0.817916
0.090595 -0.697319
0.054585 -0.515272
0.061184 -0.481142
0.035779 -0.459856
0.066877 -0.430238
0.071570 -0.410820
0.055415 -0.396143
0.074850 0.392934
0.066672 0.414570
0.088960 0.410173
0.068037 0.460227
0.055653 0.487133
0.083177 0.595344
0.103055 0.640647
0.063673 0.884521
0.062777 1.000000
0.084296 -0.530570
0.063087 -0.452527
0.092712 -0.411692
0.076902 -0.392538
0.095850 -0.388346
0.095589 0.388411
0.079821 0.434787
0.073367 0.516869
0.101528 0.548709
0.134586 0.883349
0.045667 -0.936850
0.116758 -0.940323
0.080152 -0.880245
0.084130 -0.568319
0.088205 -0.494753
0.119402 -0.507613
0.087674 -0.461560
0.114179 -0.445812
0.090495 -0.433926
0.110905 -0.402280
0.110827 0.402980
0.105491 0.428579
0.100001 0.454514
0.088834 0.484613
0.112193 0.512168
0.144127 0.542281
0.126832 0.583403
0.113831 0.706082
0.065033 0.763443
0.098362 0.941752
0.096759 -1.000000
0.123562 -0.824432
0.131594 -0.586504
0.122319 -0.545258
0.115004 -0.472891
0.141222 -0.445812
0.118665 -0.422756
0.116611 -0.382625
0.116976 0.382514
0.134624 0.396984
0.128196 0.418816
0.152279 0.418872
0.131120 0.443851
0.120485 0.476525
0.098216 0.825034
0.104656 -0.760491
0.097680 -0.612210
0.154878 -0.517188
0.142733 -0.478214
0.144683 -0.418270
0.131898 -0.399000
0.151527 -0.391006
0.135759 -0.376257
0.137335 0.375685
0.155369 0.390506
0.149319 0.466050
0.147087 0.501833
0.153373 0.660970
0.162141 -1.000000
0.189006 -0.942486
0.152246 -0.884764
0.133726 -0.646512
0.166197 -0.554428
0.170335 -0.455618
0.172215 -0.379272
0.155057 -0.368724
0.174829 0.359770
0.156735 0.368014
0.173785 0.405969
0.165946 0.442489
0.177365 0.479673
0.180678 0.521284
0.153883 0.612004
0.206059 0.884892
0.169382 0.941955
0.171952 -0.604513
0.196892 -0.513627
0.172977 -0.486824
0.203598 -0.473958
0.169474 -0.428443
0.168874 -0.404079
0.190861 -0.390593
0.175326 -0.359529
0.193885 -0.349870
0.192513 0.350626
0.177857 0.381966
0.218329 0.426390
0.188905 0.425347
0.198367 0.454703
0.181580 0.567878
0.134471 0.768434
0.169884 0.825846
0.241215 0.940294
0.133177 1.000000
0.150503 -0.700514
0.198709 -0.441106
0.195949 -0.413000
0.195845 -0.369499
0.210764 -0.339969
0.208420 0.341411
0.196833 0.370737
0.217458 0.380665
0.201133 0.399035
0.230776 0.463350
0.210078 0.494246
0.219729 0.538623
0.202505 0.614812
0.181425 0.715828
0.240189 0.828371
0.192248 -0.829217
0.204943 -0.554067
0.236253 -0.487054
0.223043 -0.418352
0.215243 -0.387818
0.216066 -0.360323
0.235902 -0.345136
0.226354 -0.329794
0.224207 0.331257
0.218291 0.356533
0.233968 0.400470
0.248204 0.503298
0.237550 0.583447
0.262365 0.638796
0.207108 0.768135
0.279928 0.878614
0.167776 -0.766778
0.237012 -0.523760
0.230472 -0.450506
0.255117 -0.430783
0.240549 -0.397710
0.262750 -0.377746
0.236696 -0.370196
0.256375 -0.329411
0.241174 -0.319116
0.240578 0.319565
0.239891 0.344304
0.239802 0.369879
0.268674 0.546109
0.211251 0.664829
0.257304 0.705708
0.269881 0.767843
0.272595 1.000000
0.203545 1.000000
0.230486 -1.000000
0.261877 -0.942953
0.233744 -0.773554
0.212789 -0.711049
0.195785 -0.651739
0.216808 -0.592159
0.277023 -0.507382
0.267502 -0.464312
0.268680 -0.405841
0.257911 -0.352610
0.276024 -0.313629
0.257488 -0.306105
0.273105 0.292256
0.257159 0.306381
0.259578 0.329533
0.262626 0.381263
0.323897 0.735099
0.311844 0.813604
0.224498 -0.887796
0.303478 -0.781072
0.261602 -0.670432
0.293220 -0.430760
0.285111 -0.362635
0.278842 -0.336743
0.273759 -0.291644
0.289997 -0.275503
0.294592 0.298988
0.277942 0.314904
0.284180 0.339551
0.262826 0.354141
0.289609 0.367675
0.262315 0.408223
0.269021 0.467300
0.293710 0.597410
0.320213 0.665631
0.338388 1.000000
0.298037 -0.887399
0.248969 -0.620826
0.258750 -0.558720
0.309672 -0.544767
0.304710 -0.468234
0.293514 -0.392947
0.305062 -0.341552
0.299354 -0.318064
0.293201 -0.295681
0.312036 -0.278407
0.304619 -0.259244
0.303447 0.260615
0.288466 0.277105
0.292936 0.397754
0.286752 0.432572
0.248801 0.434677
0.309409 0.934809
0.262467 -0.833492
0.284355 -0.726433
0.315050 -0.642609
0.323905 -0.505080
0.314663 -0.370406
0.327470 -0.318385
0.316362 -0.298180
0.328137 -0.264771
0.317375 -0.243461
0.330096 0.225913
0.317971 0.242682
0.324347 0.261760
0.309717 0.281310
0.320400 0.303104
0.303498 0.322783
0.312653 0.350546
0.322436 0.382614
0.292282 0.504200
0.318593 0.548173
0.347905 0.602161
0.336431 -0.831847
0.368325 -0.530271
0.323742 -0.404987
0.346494 -0.374684
0.361796 -0.342325
0.332735 -0.344195
0.355057 -0.315309
0.339649 -0.289411
0.354023 -0.268451
0.329475 -0.226818
0.340708 -0.209566
0.342680 0.206326
0.341261 0.248394
0.334466 0.279880
0.332519 0.328895
0.323120 0.418979
0.310352 0.461832
0.368132 0.540599
0.383765 0.719469
0.370850 0.789184
0.349117 0.866315
0.300015 -1.000000
0.333851 -0.942829
0.370114 -0.885843
0.362801 -0.761150
0.338186 -0.701119
0.346783 -0.583225
0.292147 -0.593974
0.333412 -0.438912
0.371221 -0.295858
0.340938 -0.246545
0.368647 -0.244352
0.353055 -0.228078
0.361797 -0.209158
0.351582 -0.190762
0.360991 -0.172295
0.363880 0.166106
0.353964 0.186304
0.375582 0.183597
0.350528 0.225951
0.356907 0.271314
0.348025 0.301809
0.345041 0.360102
0.337120 0.497432
0.428981 -0.758897
0.362954 -0.404621
0.383403 -0.367429
0.391977 -0.329711
0.397033 -0.242717
0.381035 -0.219091
0.373952 -0.191666
0.385058 -0.172239
0.369240 -0.153824
0.388680 -0.151086
0.377336 -0.132730
0.384608 -0.109894
0.389770 0.089885
0.379390 0.126741
0.372263 0.146357
0.386880 0.160334
0.364362 0.203684
0.373819 0.222118
0.365852 0.245961
0.363125 0.328258
0.348927 0.447127
0.405660 0.585111
0.406160 1.000000
0.404475 -0.942173
0.353677 -0.477091
0.376963 -0.439656
0.405078 -0.399118
0.380905 -0.269429
0.397161 -0.195310
0.408002 -0.145733
0.395532 -0.126202
0.403215 -0.102110
0.390410 -0.087062
0.414070 -0.079076
0.394369 -0.066879
0.397705 -0.042786
0.399430 -0.021339
0.399995 0.002049
0.399178 0.025627
0.397136 0.047780
0.393901 0.069583
0.409104 0.088760
0.385082 0.108223
0.394891 0.139079
0.397857 0.178799
0.392081 0.203702
0.385520 0.264010
0.395701 0.322814
0.377580 0.359840
0.380417 0.483724
0.371116 0.939400
0.436557 -0.880605
0.403204 -0.698784
0.376956 -0.637620
0.398904 -0.485011
0.419759 -0.437339
0.433519 -0.248125
0.409544 -0.220002
0.411056 -0.169303
0.417302 -0.121779
0.418117 -0.035434
0.416461 -0.012032
0.416592 0.015012
0.417335 0.039467
0.413079 0.064732
0.423499 0.108273
0.401121 0.113531
0.415970 0.132231
0.414643 0.157439
0.419605 0.186558
0.416306 0.216074
0.393963 0.234665
0.416148 0.252064
0.375798 0.295124
0.406664 0.285871
0.358543 0.398991
0.407359 0.887497
0.400533 -0.820546
0.492333 -0.759078
0.442954 -0.637344
0.404206 -0.578005
0.429135 -0.524655
0.422889 -0.362986
0.402177 -0.298791
0.410120 -0.268194
0.437429 -0.217729
0.443522 -0.169177
0.431177 -0.144739
0.442432 -0.116274
0.425534 -0.097740
0.444036 -0.083681
0.410107 -0.057005
0.438638 -0.028109
0.453721 -0.000921
0.432603 -0.000430
0.438789 0.026341
0.434158 0.056790
0.432935 0.082890
0.447406 0.108773
0.439518 0.135953
0.445266 0.197273
0.441816 0.273280
0.430518 0.309907
0.419463 0.521081
0.387157 0.655906
0.419468 0.827687
0.475402 1.000000
0.369675 -1.000000
0.469101 -0.695955
0.463867 -0.357550
0.430218 -0.325150
0.437529 -0.287101
0.424680 -0.191667
0.459487 -0.142159
0.467681 -0.110475
0.471115 -0.081788
0.430539 -0.058319
0.464665 -0.027390
0.459234 0.077845
0.469007 0.139365
0.442447 0.164240
0.441662 0.231972
0.469178 0.250756
0.472836 0.298436
0.452907 0.338732
0.416948 0.353270
0.454204 0.382017
0.400690 0.389434
0.386979 0.433651
0.428182 0.467530
0.442205 0.764951
0.472397 0.877464
0.442330 0.942496
0.438795 -1.000000
0.467386 -0.820439
0.532207 -0.697923
0.466844 -0.575514
0.454011 -0.405367
0.468746 -0.311727
0.467730 -0.267126
0.459843 -0.194987
0.481113 -0.168927
0.451845 -0.054395
0.483147 -0.003278
0.467451 0.023688
0.454896 0.048766
0.472413 0.107182
0.472636 0.174090
0.507367 0.189620
0.429044 0.418110
0.477607 0.496939
0.542056 1.000000
0.472245 -0.940711
0.525969 -0.559017
0.506161 -0.337692
0.504684 -0.287361
0.546679 -0.310223
0.503649 -0.242659
0.468153 -0.230024
0.535741 -0.210451
0.496623 -0.201569
0.491330 -0.137774
0.499528 -0.102137
0.478995 -0.054869
0.497740 -0.033158
0.500032 0.024705
0.482384 0.053143
0.493032 0.082678
0.502056 0.118004
0.503805 0.152131
0.474114 0.211922
0.500288 0.269556
0.503087 0.387178
0.463006 0.558838
0.506905 -1.000000
0.503860 -0.881249
0.485899 -0.508610
0.543552 -0.258544
0.581078 -0.225313
0.522420 -0.167646
0.506700 -0.071337
0.529848 -0.047184
0.529995 0.089957
0.508093 0.229807
0.525470 0.302405
0.492217 0.340409
0.472274 0.436208
0.449993 0.703461
0.490916 0.813684
0.540308 -0.938172
0.510877 -0.632773
0.450869 -0.467213
0.495437 -0.444059
0.502624 -0.390694
0.567867 -0.177213
0.524119 -0.127864
0.540259 -0.091034
0.517217 -0.007295
0.517556 0.055325
0.543867 0.167081
0.447812 0.635959
0.573514 -1.000000
0.553977 -0.762836
0.582547 -0.660254
0.542965 -0.488199
0.551097 -0.428545
0.595002 -0.336545
0.553161 -0.015325
0.538150 0.023177
0.558361 0.058049
0.547391 0.210847
0.545732 0.258294
0.521091 0.439655
0.503235 0.612392
0.508161 0.681484
0.516082 0.750182
0.536775 0.873949
0.508664 0.937676
0.599662 -0.726640
0.589455 -0.538426
0.610642 -0.472310
0.602028 -0.401965
0.549755 -0.367838
0.559372 -0.134702
0.574091 0.094862
0.540017 0.127110
0.588805 0.185975
0.541552 0.344269
0.530870 0.554698
0.594125 0.759758
0.559086 0.812192
0.572709 -0.873719
0.534035 -0.821821
0.571388 -0.602089
0.590157 -0.278743
0.566472 -0.057634
0.595206 -0.019622
0.580831 0.020446
0.621709 0.100677
0.561464 0.396442
0.570373 0.701650
0.573864 0.938027
0.608924 1.000000
0.634928 -0.603077
0.711980 -0.393715
0.651537 -0.362753
0.645654 -0.300196
0.634315 -0.242485
0.606699 -0.141359
0.585300 -0.097509
0.638231 -0.099111
0.613752 -0.056229
0.633253 0.005285
0.607169 0.054171
0.583574 0.138698
0.593788 0.350473
0.587095 0.447255
0.634772 -0.872548
0.604353 -0.805520
0.648471 -0.535688
0.664414 -0.432299
0.698577 -0.264040
0.619924 -0.189109
0.663345 -0.150006
0.590553 0.238480
0.581650 0.295515
0.533653 0.491867
0.560123 0.632003
0.630377 0.821998
0.601543 0.877375
0.644658 -0.673216
0.698198 -0.627390
0.660188 -0.044581
0.690081 0.008276
0.658844 0.055716
0.676436 0.109364
0.633068 0.151564
0.638254 0.206160
0.641392 0.324360
0.697324 0.362744
0.635128 0.396936
0.648900 0.467277
0.594042 0.514424
0.592454 0.579267
0.604721 -0.936903
0.668258 -0.938109
0.667840 -0.813301
0.653786 -0.747460
0.765514 -0.572882
0.701068 -0.567128
0.739813 -0.513269
0.685357 -0.487516
0.744655 -0.444199
0.680249 -0.204906
0.637107 0.265879
0.693463 0.229477
0.699837 0.293574
0.699631 0.428856
0.653789 0.535378
0.653019 0.600370
0.621534 0.651978
0.670558 0.883741
0.640924 0.940378
0.639320 -1.000000
0.705702 -1.000000
0.699036 -0.879823
0.759057 -0.638278
0.797299 -0.495873
0.763590 -0.296130
0.729395 -0.164416
0.694932 -0.101153
0.717353 -0.046460
0.741735 0.122985
0.758506 0.326305
0.759985 0.393560
0.734537 -0.943492
0.731027 -0.822994
0.716271 -0.758099
0.704826 -0.693526
0.826295 -0.543954
0.771397 -0.371513
0.711422 -0.329561
0.752487 -0.226223
0.803105 -0.178568
0.722401 0.064990
0.689942 0.167184
0.696726 0.649395
0.707264 0.716029
0.643116 0.707495
0.666682 0.770456
0.703466 0.831434
0.711838 0.940755
0.775190 -1.000000
0.767295 -0.704835
0.823654 -0.607535
0.812539 -0.438166
0.832660 -0.380193
0.759568 -0.111746
0.759151 0.256840
0.759116 0.461265
0.711032 0.574848
0.772106 0.735273
0.737247 0.782366
0.744781 0.883657
0.783852 0.939904
0.677174 1.000000
0.745763 1.000000
0.764774 -0.888314
0.794062 -0.835918
0.823443 -0.670016
0.871169 -0.490029
0.822394 -0.317009
0.815275 -0.247982
0.756101 0.014453
0.754406 0.191473
0.817725 0.289968
0.819575 0.359227
0.766564 0.537306
0.762180 0.609010
0.844148 -1.000000
0.842614 -0.804701
0.778880 -0.770828
0.878843 -0.284507
0.709655 0.501933
0.817874 0.780905
0.813396 1.000000
0.804808 -0.940671
0.871643 -0.950454
0.884455 -0.562086
0.778515 -0.049739
0.799237 0.076524
0.818939 0.218470
0.820534 0.428167
0.813466 0.496060
0.761635 0.672291
0.827804 0.709183
0.783481 0.830063
0.838702 -0.883552
0.884188 -0.630255
0.873912 -0.156173
0.821198 -0.115673
0.836781 -0.052044
0.873410 0.046715
0.819852 0.012806
0.868153 0.104496
0.803393 0.144846
0.866562 0.827250
0.831609 -0.736033
0.881810 -0.425377
0.887597 -0.352181
0.871050 -0.217539
0.862539 0.160643
0.880897 0.395899
0.881645 0.460482
0.822759 0.643417
0.885702 0.689666
0.879895 0.758613
0.818489 0.881928
0.891261 -0.842010
0.941520 -0.392060
0.940913 -0.125113
0.823037 0.573899
0.881460 0.624469
0.941258 1.000000
0.944295 -0.806162
0.892183 -0.766949
0.885891 -0.697783
0.942841 -0.664082
0.937181 -0.524850
0.936922 -0.253435
0.887795 -0.090671
0.887830 -0.017415
0.892409 0.566638
0.942141 0.654377
0.884913 0.888627
0.855999 0.943620
0.950629 -0.953579
0.903723 -0.907161
0.952779 -0.877135
0.945368 -0.733680
0.942996 -0.594744
1.000000 -0.561350
0.942438 -0.320459
0.935581 0.085548
0.889869 0.207844
0.877714 0.265485
0.867413 0.517543
1.000000 0.688603
0.934689 0.796256
1.000000 -0.289474
0.936323 -0.189839
0.940682 0.019216
0.879596 0.330133
1.000000 0.413428
0.940222 0.367886
0.941288 0.438846
0.941636 0.726642
0.881538 1.000000
0.919401 -1.000000
1.000000 -0.922023
1.000000 -0.773081
0.938358 -0.460903
0.934325 0.151295
0.944624 0.226808
1.000000 0.348865
0.939376 0.297073
0.938451 0.510022
0.947213 0.584247
1.000000 0.756752
0.939128 0.860879
1.000000 -0.631332
1.000000 -0.494605
1.000000 -0.158086
0.943272 -0.053281
1.000000 -0.090272
1.000000 -0.021312
1.000000 0.108493
1.000000 0.288003
1.000000 0.547596
1.000000 0.619605
0.932885 0.934966
1.000000 0.942738
1.000000 -0.844689
1.000000 -0.427339
1.000000 -0.358468
1.000000 -0.223581
1.000000 0.045301
1.000000 0.229452
1.000000 0.480586
1.000000 0.820351
1.000000 0.884901
1.000000 -0.701373
1.000000 0.169536
*ELEMENT
num-elem: 2867
num-elem-node: 3
elem-conn:
1531 1533 1479
31 54 11
38 31 10
54 31 38
1380 1422 1410
1424 1410 1425
1421 1408 1406
49 19 18
87 71 70
87 70 114
1482 1540 4
926 958 942
1515 1506 1527
1 57 13
44 38 10
2 12 41
1267 1295 1210
1309 1295 1267
1420 1421 1406
1409 1422 1380
1408 1421 1409
942 958 959
959 927 942
39 32 11
11 54 39
54 70 39
39 70 71
33 32 55
55 39 71
32 39 55
54 38 86
86 70 54
98 114 86
86 114 70
1455 1476 1422
1422 1409 1455
1455 1409 1421
1465 1476 1455
1423 1476 1494
1422 1476 1423
1425 1410 1423
1423 1410 1422
1539 1516 1494
1482 1516 1539
1540 1482 1539
1497 1518 1541
3 1518 1495
1518 1497 1495
1495 1497 1496
880 966 894
1479 1533 1532
1267 1210 1184
1184 1210 1155
958 926 957
1442 1418 1436
1359 1318 1334
1538 1506 1492
1492 1515 1474
1506 1515 1492
24 5 46
94 60 82
171 130 140
172 160 219
166 171 140
38 44 79
79 86 38
79 113 98
98 86 79
28 29 21
21 29 68
147 116 125
1230 1320 1321
1321 1320 1381
1381 1424 1321
1380 1410 1381
1410 1424 1381
1348 1320 1295
1295 1309 1348
1380 1381 1348
1348 1381 1320
1295 1320 1296
1296 1210 1295
1296 1230 1185
1320 1230 1296
1308 1408 1347
1347 1309 1308
1347 1348 1309
1408 1409 1347
1347 1409 1380
1380 1348 1347
1474 1515 1475
1454 1473 1474
1474 1475 1454
1185 1101 1211
1211 1296 1185
1155 1210 1211
1210 1296 1211
1055 1184 1155
1054 1184 1055
960 961 911
573 614 649
266 299 246
942 927 910
910 828 863
144 105 143
25 8 35
1528 1548 1549
1540 1539 1549
1549 1539 1528
1507 1548 1528
1507 1475 1515
1507 1515 1527
1527 1548 1507
1507 1528 1465
1465 1475 1507
1444 1423 1494
1494 1516 1444
1425 1423 1444
1493 1539 1494
1528 1539 1493
1465 1528 1493
1493 1476 1465
1494 1476 1493
1057 963 1056
966 880 913
1077 1154 1031
776 847 863
863 847 909
909 910 863
909 926 942
942 910 909
1406 1408 1407
1407 1408 1308
1436 1418 1452
1474 1473 1481
1481 1492 1474
1453 1437 1473
1473 1454 1453
1453 1454 1420
1453 1420 1406
1378 1379 1362
89 90 80
73 13 57
57 80 73
73 80 90
100 47 59
24 46 59
34 5 23
34 46 5
47 6 16
24 59 16
16 59 47
17 6 47
7 6 17
94 82 117
48 8 7
7 17 48
48 17 82
48 35 8
48 82 60
60 35 48
110 130 100
100 59 110
110 59 46
205 220 237
237 251 205
283 251 237
204 220 173
204 172 219
173 172 204
173 220 189
189 220 205
205 190 189
189 190 174
159 166 140
299 298 393
419 325 393
183 156 170
266 230 202
135 114 98
113 79 53
53 79 44
78 68 85
85 97 78
144 198 124
28 27 51
51 29 28
52 29 51
19 49 42
42 20 19
37 20 42
78 30 43
43 68 78
43 21 68
518 536 573
630 614 573
573 536 630
630 710 614
571 610 612
609 610 571
573 649 574
164 147 125
164 230 185
185 147 164
1421 1420 1443
1443 1455 1421
1420 1454 1443
1443 1454 1475
1465 1455 1443
1443 1475 1465
979 1055 943
927 959 979
979 943 927
1054 1055 979
943 1055 1014
960 911 1014
1014 911 943
893 911 961
893 961 912
693 649 614
300 246 299
299 393 300
300 393 325
266 246 231
231 230 266
185 230 231
848 893 912
828 893 848
711 800 728
728 693 711
614 710 711
711 693 614
72 55 71
136 137 72
72 71 87
87 136 72
55 72 88
88 72 137
180 143 179
180 198 144
144 143 180
179 143 134
163 111 162
179 134 163
163 134 111
244 228 227
295 228 244
123 111 65
162 111 123
123 133 162
162 133 193
208 175 207
102 83 132
141 151 132
1483 1497 1541
1446 1495 1496
1446 1445 1438
1280 1268 1253
1363 1268 1280
1254 1268 1310
1310 1268 1363
1363 1280 1382
1384 1395 1365
1231 1268 1254
1253 1268 1231
1057 1102 1058
878 963 980
1186 1102 1057
1057 1056 1186
962 1056 963
962 878 877
963 878 962
652 694 732
732 694 761
747 762 732
732 761 747
788 779 748
748 779 733
732 762 712
712 652 732
712 748 733
762 748 712
966 913 965
964 1016 965
944 913 864
864 850 944
964 965 944
944 965 913
803 913 880
864 913 803
803 747 864
762 747 803
1534 1532 1533
1502 1545 1535
1535 1521 1502
1461 1502 1463
1463 1502 1521
851 880 894
851 865 880
894 966 967
834 819 852
1164 1191 1136
914 915 898
1215 1158 1269
1127 1154 1077
1011 993 977
839 859 840
889 875 874
722 720 721
759 760 741
772 760 759
703 704 688
709 776 745
800 711 745
745 710 709
745 711 710
891 845 908
908 925 891
1032 939 994
939 924 923
889 907 923
978 959 958
1054 979 978
978 979 959
1376 1442 1360
1418 1442 1376
1360 1359 1376
1359 1358 1376
1376 1393 1418
1358 1393 1376
1505 1452 1472
1377 1378 1362
1360 1442 1377
1437 1453 1405
1405 1453 1406
1379 1378 1405
1406 1407 1405
1405 1407 1379
22 73 90
46 34 93
93 110 46
100 130 131
130 171 131
131 171 160
81 47 100
100 131 81
81 131 117
81 17 47
82 17 81
81 117 82
160 172 167
167 131 160
117 131 167
94 117 167
586 603 587
284 251 283
284 332 307
283 332 284
448 449 428
428 447 448
174 190 191
175 151 191
191 190 206
191 141 174
151 141 191
207 175 191
191 206 207
150 172 173
150 167 172
150 118 94
94 167 150
250 237 220
220 204 250
789 779 788
852 819 832
832 851 852
865 851 832
788 865 832
832 789 788
819 789 832
236 248 219
219 160 236
160 171 236
171 166 236
329 306 305
139 99 148
139 159 140
128 203 148
126 90 89
89 138 126
148 203 149
149 139 148
159 139 149
166 159 234
476 494 439
589 550 588
588 550 566
419 393 363
363 393 298
362 363 298
216 183 170
216 263 264
264 202 216
216 202 183
136 156 157
156 183 157
157 137 136
266 202 265
265 202 264
265 299 266
265 298 299
265 264 298
227 228 197
197 180 227
198 180 197
197 228 214
456 476 439
214 228 276
276 228 295
295 361 276
276 361 296
389 456 439
112 135 98
155 135 112
98 113 112
113 152 112
170 156 145
145 135 155
9 44 10
97 53 69
69 30 78
78 97 69
69 9 30
69 53 44
44 9 69
105 85 67
67 85 68
67 29 52
68 29 67
106 85 105
97 85 106
106 105 144
144 124 106
107 124 152
107 53 97
97 106 107
107 106 124
107 152 113
113 53 107
152 124 181
181 124 198
26 20 37
63 42 49
49 76 63
63 76 83
65 64 96
96 123 65
66 64 65
52 51 66
37 64 50
27 26 50
50 26 37
50 51 27
50 66 51
64 66 50
591 630 536
709 710 677
710 630 677
665 647 676
555 665 572
647 665 555
676 647 664
847 776 744
744 776 709
629 610 611
611 664 629
629 664 647
612 610 629
627 610 609
627 628 611
611 610 627
773 798 774
569 606 624
569 568 606
609 571 532
420 325 419
419 518 420
960 1014 997
1129 1055 1155
1129 1014 1055
1155 1211 1129
1129 1211 1101
1101 997 1129
1129 997 1014
911 893 892
927 943 892
943 911 892
892 910 927
828 910 892
892 893 828
818 848 912
800 848 818
728 800 818
817 848 800
800 745 817
817 745 776
817 776 863
863 828 817
828 848 817
115 116 56
125 116 115
115 137 125
115 88 137
65 111 84
111 134 84
52 66 84
84 66 65
225 244 227
226 244 225
317 257 315
317 291 257
169 208 209
95 102 120
25 35 62
18 25 62
62 49 18
62 76 49
61 35 60
61 62 35
76 62 61
174 141 168
173 189 168
168 189 174
168 150 173
118 150 168
1519 1483 1541
1550 1498 1519
1498 1483 1519
1486 1498 1550
1395 1384 1426
1394 1445 1426
1426 1384 1394
1438 1445 1411
1394 1383 1411
1411 1445 1394
1495 1446 1517
1517 1446 1438
3 1495 1517
1394 1384 1364
1363 1382 1364
1364 1383 1394
1364 1382 1383
1336 1310 1363
1363 1364 1336
1336 1364 1384
1336 1384 1365
1130 1058 1102
1130 1231 1254
1102 1231 1130
1102 1186 1212
1253 1231 1212
1212 1231 1102
1337 1336 1365
1310 1336 1337
1365 1366 1337
1337 1366 1297
801 787 746
877 878 830
830 849 877
695 712 733
652 712 695
802 747 761
831 850 802
802 850 864
864 747 802
802 777 831
761 777 802
928 944 850
964 944 928
880 865 778
778 803 880
778 865 788
788 748 778
778 748 762
762 803 778
1479 1532 1489
1532 1490 1489
1489 1490 1460
1448 1432 1390
1448 1460 1462
1462 1432 1448
1462 1490 1461
1460 1490 1462
1464 1463 1470
1470 1463 1521
881 851 894
852 851 881
867 854 853
853 834 867
898 854 882
882 914 898
882 867 896
854 867 882
1067 1045 1044
1113 1170 1114
1112 1170 1113
898 915 899
930 945 968
968 945 1000
897 882 896
914 882 897
1349 1366 1397
1297 1366 1349
1087 1070 1086
1509 1531 1479
1416 1390 1389
1448 1390 1416
1077 1031 1030
1030 1049 1077
1028 1048 1076
1076 1049 1028
1205 1204 1203
1204 1181 1203
1077 1049 1098
1098 1127 1077
1098 1049 1076
922 923 907
994 939 922
939 923 922
977 993 938
888 907 889
889 874 888
953 954 936
812 839 840
784 760 772
724 704 741
741 760 724
862 874 875
740 721 739
740 759 741
741 704 723
723 740 741
721 740 723
704 703 723
722 721 723
723 703 722
738 720 719
738 721 720
739 721 738
924 908 890
890 923 924
890 875 889
889 923 890
958 957 941
941 957 925
956 924 939
939 1032 956
1267 1184 1209
1209 1184 1054
1294 1309 1267
1308 1309 1294
1267 1209 1294
1294 1209 1266
1183 1266 1053
1054 978 1053
1053 1209 1054
1266 1209 1053
1279 1183 1100
1279 1266 1183
993 1011 1012
1078 1099 1128
1128 1052 1078
1050 1031 1154
1154 1099 1050
1050 1011 1031
1050 1012 1011
1205 1251 1265
1265 1228 1205
1207 1099 1154
1128 1099 1207
1206 1127 1204
1206 1204 1205
1205 1228 1206
1154 1127 1206
1206 1207 1154
1228 1207 1206
1451 1393 1435
1472 1452 1451
1451 1452 1418
1418 1393 1451
1434 1511 1435
1504 1511 1434
1392 1393 1358
1417 1434 1392
1435 1393 1392
1392 1434 1435
1436 1452 1480
1452 1505 1480
1480 1437 1436
1473 1437 1480
1480 1481 1473
1526 1537 1538
1538 1492 1526
1492 1481 1526
1491 1526 1481
1481 1480 1491
1491 1480 1505
1378 1377 1419
1436 1437 1419
1419 1442 1436
1419 1377 1442
1437 1405 1419
1419 1405 1378
13 73 14
73 22 14
22 15 14
99 93 74
74 93 34
428 449 429
402 403 373
373 351 350
373 403 374
374 351 373
207 206 239
206 190 221
205 251 221
221 190 205
307 333 334
331 332 283
330 367 331
524 547 525
525 508 524
425 396 442
398 396 425
541 584 543
524 508 523
564 586 587
467 448 447
427 447 428
399 333 307
307 332 399
237 250 269
330 331 269
283 237 269
269 331 283
820 835 837
806 805 820
820 805 835
780 789 804
804 789 819
781 805 806
780 804 781
781 804 805
819 834 833
833 804 819
805 804 833
833 834 853
853 835 833
835 805 833
304 305 248
329 305 304
268 269 250
268 306 330
330 269 268
110 93 129
129 139 140
129 93 99
99 139 129
140 130 129
130 110 129
329 304 394
394 304 365
159 149 233
233 234 159
395 367 330
567 528 566
566 550 567
551 528 567
567 568 551
550 568 567
565 588 566
416 474 475
475 456 416
476 456 475
527 511 548
526 511 527
491 526 527
376 405 406
290 314 315
313 314 290
392 518 419
419 363 392
536 518 392
478 495 590
554 590 495
554 571 612
612 590 554
439 494 457
457 554 495
264 263 280
298 264 280
280 362 298
184 157 183
230 164 184
184 202 230
183 202 184
158 164 125
125 137 158
137 157 158
158 184 164
157 184 158
214 200 199
199 197 214
200 181 199
198 197 199
199 181 198
296 361 438
438 389 296
416 456 438
456 389 438
416 438 415
415 438 361
201 200 245
245 200 214
417 389 439
277 417 261
296 389 277
389 417 277
146 145 156
135 145 146
114 135 146
87 114 146
146 136 87
146 156 136
154 155 201
154 145 155
152 181 153
153 112 152
153 200 201
153 181 200
201 155 153
155 112 153
37 42 36
42 63 36
122 96 95
123 96 122
95 120 122
122 120 121
121 133 122
133 123 122
708 665 676
705 664 611
707 664 705
611 628 705
705 628 688
815 827 845
774 798 799
847 744 775
775 799 847
774 799 775
688 628 675
675 703 688
644 625 624
646 625 644
743 773 689
798 773 786
786 815 798
786 743 785
786 773 743
589 604 605
605 550 589
606 568 605
605 568 550
719 720 700
494 476 515
556 420 518
556 518 573
573 574 556
88 115 108
108 41 12
56 41 108
108 115 56
105 67 104
104 84 134
104 67 52
52 84 104
104 143 105
104 134 143
179 163 195
273 243 242
242 243 212
212 241 242
212 243 213
213 195 212
226 225 213
213 243 226
162 193 178
193 241 178
178 163 162
178 195 163
178 241 212
212 195 178
257 291 258
258 242 241
275 244 226
226 294 275
295 244 275
275 294 321
259 243 273
226 243 259
259 294 226
321 294 293
294 259 293
257 211 256
315 257 256
256 290 315
224 290 256
194 241 193
193 211 194
194 258 241
194 211 257
257 258 194
177 193 133
177 211 193
177 133 121
121 120 176
142 120 102
132 151 142
142 102 132
142 176 120
101 61 60
101 60 94
94 118 101
1488 1509 1469
1530 1542 1520
1487 1520 1429
1487 1500 1530
1530 1520 1487
1529 1486 1550
981 1016 964
1254 1310 1311
1310 1337 1311
787 801 829
829 777 787
831 777 829
829 830 831
829 801 849
849 830 829
879 850 831
831 830 879
879 928 850
879 830 878
879 878 980
980 928 879
733 779 749
763 789 780
779 789 763
780 751 763
751 750 763
763 749 779
750 749 763
597 635 579
653 654 636
579 635 636
234 233 328
634 635 596
653 636 634
634 636 635
1131 1158 1132
1132 1060 1131
1132 1017 1060
1545 1502 1510
1510 1534 1545
1510 1502 1461
1461 1490 1510
1532 1534 1510
1510 1490 1532
1352 1390 1432
1461 1463 1449
1449 1462 1461
1449 1463 1464
1432 1462 1449
1503 1470 1521
1551 1521 1535
1000 945 929
929 967 1000
894 967 929
929 881 894
896 867 866
866 867 834
866 834 852
852 881 866
618 657 639
639 659 640
682 670 669
669 670 657
1191 1164 1219
1219 1164 1237
1237 1239 1219
1239 1220 1219
1192 1220 1240
1135 1218 1237
1237 1164 1135
1135 1164 1136
1188 1161 1216
987 1007 1008
1111 1112 1113
1170 1112 1195
898 899 868
868 854 898
868 855 854
836 855 837
836 835 853
837 835 836
853 854 836
854 855 836
930 968 969
969 968 1002
1002 983 969
969 983 947
947 983 970
946 897 930
930 969 946
946 969 947
914 897 946
1087 1086 1088
1088 1089 1087
1137 1108 1088
1088 1086 1137
1070 1069 1085
1085 1086 1070
1006 986 972
1006 1007 987
987 986 1006
972 986 973
1397 1366 1396
1395 1440 1396
1365 1395 1396
1396 1366 1365
1395 1426 1427
1427 1440 1395
1385 1428 1413
1412 1440 1466
1466 1428 1412
1397 1396 1412
1412 1396 1440
1412 1385 1397
1428 1385 1412
1485 1428 1466
1498 1486 1485
1459 1489 1460
1459 1460 1448
1448 1416 1459
1388 1416 1389
1026 1047 1048
1048 1047 1075
1076 1048 1075
1031 1011 992
992 1030 1031
992 1011 977
1048 1028 1027
1009 1026 1027
1027 1026 1048
1049 1030 1029
1029 1028 1049
1204 1127 1126
1127 1098 1126
1126 1181 1204
1153 1181 1126
1074 1024 1046
1047 1024 1074
1095 1074 1046
977 938 955
907 888 906
905 922 907
907 906 905
921 938 905
905 906 921
861 888 874
840 859 861
874 862 861
857 872 858
858 839 857
859 839 858
885 904 886
742 724 760
742 784 785
760 784 742
785 743 742
688 704 706
704 724 706
706 705 688
707 705 706
841 862 842
842 813 841
840 861 841
841 861 862
843 862 875
842 862 843
827 826 843
843 826 842
739 738 757
757 770 739
756 770 757
739 770 758
758 740 739
759 740 758
758 770 796
857 839 824
839 812 824
844 908 845
844 890 908
875 890 844
845 827 844
844 843 875
827 843 844
940 941 925
995 941 940
940 956 995
924 956 940
925 908 940
940 908 924
996 941 995
1183 1053 996
996 1053 978
996 978 958
958 941 996
995 956 1033
1033 956 1032
1032 1078 1033
1033 1078 1052
1293 1294 1266
1266 1279 1293
1099 1078 1051
1051 1050 1099
1012 1050 1051
994 1012 1051
1051 1032 994
1051 1078 1032
1291 1251 1318
1291 1265 1251
1228 1265 1208
1128 1207 1208
1208 1207 1228
1472 1451 1471
1471 1514 1472
1435 1511 1471
1471 1451 1435
1357 1359 1334
1357 1358 1359
1355 1404 1356
1537 1526 1525
1526 1491 1525
1547 1537 1525
1525 1491 1505
1525 1514 1547
1525 1505 1472
1472 1514 1525
99 74 92
148 99 92
92 128 148
45 15 22
45 74 34
45 34 23
23 15 45
337 311 352
350 351 352
255 311 289
375 376 337
405 376 375
337 352 375
375 352 351
222 209 208
222 208 207
207 239 222
255 287 288
350 352 288
288 311 255
288 352 311
349 373 350
348 349 310
310 288 287
350 288 310
310 349 350
424 396 367
367 395 424
424 395 423
442 396 424
397 396 398
398 399 397
397 399 332
367 396 397
397 331 367
332 331 397
508 525 509
398 425 443
583 584 541
620 601 641
603 586 602
602 620 603
601 620 602
640 641 619
641 601 619
619 639 640
618 639 619
585 543 584
585 602 586
544 523 486
462 423 484
484 485 462
442 424 462
462 424 423
462 486 442
485 486 462
542 505 541
541 543 542
463 523 508
463 425 442
442 486 463
463 486 523
546 564 587
545 547 524
545 546 547
564 546 545
524 523 545
545 523 544
368 334 333
333 427 368
369 334 368
368 427 428
428 429 368
368 429 369
806 820 790
752 751 764
764 751 780
780 781 764
714 751 752
752 734 714
696 750 714
714 750 751
714 681 696
734 681 714
755 736 735
715 734 752
752 753 715
753 735 715
616 581 598
598 597 579
541 505 582
582 581 616
505 562 582
582 562 581
582 583 541
616 583 582
235 304 248
166 234 235
235 236 166
248 236 235
249 204 219
249 250 204
249 268 250
249 305 306
306 268 249
219 248 249
248 305 249
504 562 505
504 482 540
540 562 504
188 233 149
188 149 203
203 232 188
330 306 366
366 395 330
366 306 329
552 530 551
552 569 570
551 568 552
568 569 552
489 511 526
490 526 491
491 471 490
490 489 526
488 489 490
472 471 491
454 471 436
437 387 436
436 472 437
471 472 436
624 606 622
604 621 622
606 605 622
622 605 604
551 530 529
529 528 551
513 475 474
474 493 513
513 529 530
493 529 513
566 528 549
549 527 548
548 565 549
549 565 566
491 527 492
492 472 491
647 555 613
613 590 612
612 629 613
613 629 647
494 515 533
533 515 532
533 457 494
554 457 533
533 532 571
571 554 533
572 591 535
534 535 458
534 555 572
572 535 534
363 362 391
391 392 363
362 418 391
391 418 458
458 418 497
497 534 458
455 474 416
416 415 455
477 457 495
439 457 477
477 417 439
260 276 296
296 277 260
214 276 260
260 245 214
261 245 260
260 277 261
278 245 261
261 297 278
324 280 263
362 280 324
324 418 362
229 216 170
263 216 229
103 36 63
103 102 95
83 102 103
103 63 83
77 64 37
37 36 77
77 96 64
95 96 77
77 103 95
36 103 77
648 591 572
630 591 648
648 677 630
798 815 816
816 799 798
816 845 891
816 815 845
727 775 744
774 775 727
607 569 624
624 625 607
570 569 607
628 627 663
663 675 628
662 663 646
675 663 662
707 689 690
676 664 690
690 664 707
690 708 676
726 773 774
726 689 773
774 727 726
726 727 708
708 690 726
726 690 689
686 687 672
686 700 701
701 687 686
701 700 720
514 515 476
476 475 514
514 513 530
475 513 514
532 515 553
88 108 40
33 55 40
55 88 40
40 12 33
40 108 12
196 225 227
179 195 196
196 213 225
195 213 196
227 180 196
196 180 179
321 387 388
388 455 415
388 387 437
437 455 388
322 415 361
322 361 295
295 275 322
322 388 415
322 275 321
321 388 322
274 259 273
274 293 259
291 317 318
470 469 488
488 490 470
470 471 454
470 490 471
293 274 360
469 470 453
454 413 453
453 470 454
211 177 210
224 256 210
210 256 211
161 208 169
169 176 161
175 208 161
176 142 161
161 151 175
161 142 151
119 101 118
118 168 119
119 168 141
119 141 132
1441 1488 1469
1469 1431 1441
1508 1488 1501
1543 1508 1501
1501 1441 1468
1488 1441 1501
1531 1509 1544
1509 1488 1544
1544 1488 1508
1478 1520 1542
1478 1542 1543
1478 1501 1468
1543 1501 1478
1500 1487 1499
1499 1529 1500
1486 1529 1499
1015 981 964
1015 928 980
964 928 1015
1035 981 1015
1059 1060 1016
1016 981 1059
1131 1060 1059
1059 1079 1131
1059 981 1035
1213 1130 1254
1254 1311 1213
1269 1158 1187
1187 1214 1269
1187 1158 1131
1131 1079 1187
1297 1214 1281
1281 1337 1297
1281 1311 1337
733 749 678
678 695 733
653 634 678
678 634 695
713 654 653
653 678 713
713 678 749
713 749 750
713 750 696
696 654 713
580 562 540
581 562 580
580 598 581
597 598 580
787 777 730
730 729 787
632 729 730
597 580 539
539 580 540
635 597 561
596 635 561
561 578 596
597 539 561
521 578 561
561 539 521
694 652 594
575 632 592
592 594 593
593 577 559
203 128 187
187 128 109
498 344 459
345 344 498
347 481 365
480 481 347
480 347 364
364 347 328
652 695 633
695 634 633
633 634 596
633 594 652
1001 968 1000
1000 1062 1001
1000 967 999
999 1062 1000
999 967 966
1017 1062 999
1158 1215 1159
1159 1132 1158
1159 1215 1160
1160 1036 1159
1504 1503 1522
1522 1503 1521
1521 1551 1522
1450 1434 1417
1470 1503 1450
1504 1434 1450
1450 1503 1504
1464 1470 1450
1513 1471 1511
1514 1471 1513
895 929 945
895 897 896
896 866 895
895 945 930
930 897 895
881 929 895
895 866 881
657 670 658
659 639 658
658 639 657
679 654 696
696 681 679
599 583 616
1327 1273 1341
1327 1329 1328
1193 1192 1240
1138 1108 1166
1166 1108 1137
1165 1219 1220
1220 1192 1165
1192 1166 1165
1191 1219 1165
1137 1191 1165
1165 1166 1137
1083 1135 1136
1163 1135 1083
1136 1084 1083
1083 1106 1163
1161 1082 1081
1064 1082 1162
1162 1106 1064
1163 1106 1162
1041 1082 1064
1041 1020 1040
1064 1042 1041
1042 1020 1041
1112 1111 1110
1110 1111 1090
1109 1108 1138
1090 1089 1109
1109 1088 1108
1089 1088 1109
1138 1110 1109
1109 1110 1090
1043 1042 1064
1064 1106 1043
1464 1450 1433
1433 1450 1417
1240 1220 1258
1258 1238 1273
1258 1220 1239
1239 1238 1258
1240 1258 1274
1389 1329 1342
1342 1388 1389
1342 1327 1341
1329 1327 1342
1390 1352 1351
1389 1390 1351
1351 1329 1389
900 899 915
900 883 899
916 883 900
823 838 856
837 855 821
855 838 821
821 808 837
821 838 823
870 868 899
870 884 871
899 883 870
883 884 870
869 838 855
855 868 869
868 870 869
869 856 838
871 856 869
869 870 871
1038 1037 1080
1080 1081 1038
1133 1036 1160
1160 1270 1133
1063 983 1002
1037 983 1063
1063 1080 1037
1104 1080 1063
1134 1270 1216
1104 1133 1134
1134 1133 1270
1429 1386 1398
1269 1214 1282
1297 1349 1282
1282 1214 1297
1068 1085 1069
1045 1067 1068
1068 1069 1045
1067 1084 1068
1084 1085 1068
1086 1085 1107
1107 1191 1137
1137 1086 1107
1136 1191 1107
1107 1084 1136
1107 1085 1084
1456 1446 1496
1445 1446 1456
1456 1426 1445
1456 1427 1426
1477 1456 1496
1496 1497 1477
1497 1483 1477
1466 1440 1439
1440 1427 1439
1427 1456 1439
1456 1477 1439
1413 1428 1457
1428 1485 1457
1457 1485 1486
1486 1499 1457
1414 1386 1429
1489 1459 1458
1469 1509 1458
1479 1489 1458
1458 1509 1479
1340 1387 1401
1401 1387 1431
1025 1024 1047
1047 1026 1025
1025 1026 1009
1125 1151 1153
1150 1151 1125
991 992 977
977 955 991
991 955 954
1009 1027 1010
988 989 974
974 1010 988
988 1010 1027
988 1029 989
988 1027 1028
1028 1029 988
974 989 975
1030 992 990
990 1029 1030
992 991 990
989 1029 990
1264 1251 1205
1205 1203 1264
1334 1318 1306
1318 1251 1306
1251 1264 1306
1334 1306 1344
1344 1357 1334
1373 1357 1344
1153 1126 1152
1076 1075 1152
1152 1098 1076
1152 1126 1098
1152 1125 1153
1075 1125 1152
1180 1181 1153
1153 1151 1180
1071 1093 1094
1150 1124 1149
1149 1151 1150
1096 1124 1150
1095 1124 1096
1074 1095 1096
954 955 937
936 954 937
937 918 936
903 918 937
920 938 921
920 955 938
920 937 955
922 905 1013
994 922 1013
1013 938 993
1013 905 938
1013 1012 994
993 1012 1013
859 858 860
860 861 859
888 861 860
814 813 842
842 826 814
814 784 772
814 826 784
797 826 827
827 815 797
785 784 797
784 826 797
797 786 785
815 786 797
743 689 725
725 706 724
725 689 707
707 706 725
725 742 743
724 742 725
825 841 813
825 795 811
813 795 825
840 841 825
825 812 840
811 812 825
771 795 813
771 814 772
813 814 771
796 795 771
772 759 771
771 758 796
759 758 771
737 738 719
737 757 738
756 757 737
810 824 812
810 812 811
811 793 810
769 770 756
794 795 796
811 795 794
794 793 811
794 782 793
1183 996 1034
1034 996 995
1100 1183 1034
995 1033 1034
1034 1052 1100
1034 1033 1052
1252 1279 1100
1308 1294 1319
1294 1293 1319
1319 1407 1308
1379 1407 1319
1292 1293 1279
1279 1252 1292
1292 1252 1307
1362 1307 1361
1360 1377 1361
1361 1377 1362
1182 1052 1128
1128 1208 1182
1100 1052 1182
1182 1252 1100
1373 1356 1374
1374 1356 1404
1374 1433 1417
1404 1433 1374
1355 1356 1305
90 126 91
91 126 109
109 128 91
128 92 91
58 92 74
74 45 58
58 91 92
58 45 22
58 22 90
90 91 58
430 429 449
369 429 400
429 430 400
400 430 431
240 289 272
313 290 272
272 290 224
224 240 272
255 289 254
254 289 240
254 240 209
209 222 254
404 351 374
404 375 351
405 375 404
348 310 309
309 287 271
309 310 287
285 284 307
307 334 285
335 334 369
335 285 334
308 285 335
446 467 447
487 467 446
426 427 333
398 443 426
426 399 398
333 399 426
583 599 617
617 599 618
618 619 617
617 619 601
544 543 563
543 585 563
563 545 544
564 545 563
586 564 563
563 585 586
544 486 507
507 486 485
507 543 544
507 542 543
485 542 507
791 808 809
806 790 766
807 790 820
807 820 837
837 808 807
807 808 791
791 790 807
765 753 752
752 764 765
765 766 753
806 766 765
765 781 806
765 764 781
683 670 682
682 698 683
697 681 734
697 698 682
685 683 699
699 683 698
303 235 234
304 235 303
234 328 303
328 347 303
365 304 303
303 347 365
506 504 505
505 542 506
506 485 484
506 542 485
302 328 233
233 188 302
302 364 328
302 188 232
422 366 329
329 394 422
422 394 461
473 493 474
437 472 473
473 492 493
472 492 473
473 455 437
474 455 473
414 436 387
414 413 454
454 436 414
643 642 660
512 492 527
512 549 528
527 549 512
528 529 512
512 529 493
493 492 512
337 376 353
355 314 313
313 354 355
517 591 536
517 535 591
536 392 517
458 535 517
392 391 517
517 391 458
478 590 516
516 497 478
534 497 516
555 534 516
516 613 555
590 613 516
496 495 478
496 477 495
201 245 215
245 278 215
215 154 201
263 229 279
297 390 279
279 324 263
279 390 324
665 708 691
572 665 691
691 648 572
708 727 691
799 816 846
926 909 846
846 909 847
847 799 846
608 607 625
609 532 608
532 553 608
570 607 608
608 553 570
626 625 646
646 663 626
626 608 625
626 663 627
626 627 609
609 608 626
722 703 674
703 675 674
675 662 674
515 514 531
531 553 515
531 514 530
530 552 531
531 552 570
570 553 531
384 360 343
343 360 274
291 318 292
273 242 292
292 258 291
242 258 292
340 318 317
469 453 468
413 435 452
452 453 413
452 468 453
451 468 452
192 210 177
192 177 121
121 176 192
192 176 169
224 210 223
223 240 224
209 240 223
169 209 223
223 192 169
210 192 223
61 101 75
101 119 75
76 61 75
83 76 75
132 83 75
75 119 132
1429 1520 1467
1520 1478 1467
1467 1414 1429
1467 1478 1468
1035 1015 998
1057 1058 998
1058 1035 998
998 963 1057
980 963 998
998 1015 980
1156 1059 1035
1079 1059 1156
1156 1213 1079
1130 1213 1156
1058 1130 1156
1156 1035 1058
1157 1187 1079
1079 1213 1157
1214 1187 1157
1157 1281 1214
1157 1213 1311
1311 1281 1157
746 787 666
787 729 666
731 777 761
731 730 777
731 761 694
632 730 731
522 502 521
540 482 522
522 539 540
521 539 522
481 502 503
461 394 503
502 522 503
503 394 365
365 481 503
503 482 461
503 522 482
520 578 521
520 577 578
521 502 520
127 187 109
138 165 127
127 126 138
109 126 127
344 345 326
326 345 282
282 301 326
281 301 282
282 345 327
595 577 593
593 594 595
594 633 595
595 633 596
596 578 595
578 577 595
1018 1001 1036
1002 968 1018
968 1001 1018
1017 999 982
1016 1060 982
1060 1017 982
982 965 1016
966 965 982
982 999 966
1036 1001 1061
1061 1159 1036
1061 1001 1062
1132 1159 1061
1061 1062 1017
1017 1132 1061
1504 1522 1524
1524 1522 1536
1524 1511 1504
1524 1513 1511
1536 1522 1546
1546 1522 1551
1523 1524 1536
1513 1524 1523
654 679 655
579 636 655
655 636 654
616 598 637
637 599 616
1236 1239 1237
1236 1238 1239
1237 1218 1236
1218 1234 1236
1241 1274 1275
1241 1193 1240
1240 1274 1241
1169 1195 1112
1192 1193 1167
1138 1166 1167
1167 1166 1192
1193 1169 1167
1163 1162 1190
1218 1135 1190
1190 1135 1163
1021 1042 1007
1021 1020 1042
1007 1006 1021
1005 1006 972
1005 1021 1006
1020 1021 1005
1039 1041 1040
1039 1040 1038
1038 1081 1039
1039 1081 1082
1082 1041 1039
1066 1043 1106
1106 1083 1066
1066 1084 1067
1066 1083 1084
1044 1023 1065
1065 1067 1044
1065 1066 1067
1043 1066 1065
1118 1117 1142
1142 1117 1141
1141 1140 1173
1142 1141 1174
1174 1141 1173
1091 1145 1121
1092 1121 1145
1226 1249 1179
1179 1199 1226
1120 1145 1091
1355 1305 1333
1332 1353 1317
1355 1333 1317
1331 1332 1316
1331 1353 1332
1352 1353 1331
1331 1351 1352
1391 1449 1464
1464 1433 1391
1391 1433 1404
1273 1327 1302
1302 1258 1273
1302 1274 1258
1302 1327 1328
1328 1275 1302
1275 1274 1302
1243 1196 1242
1222 1196 1243
1315 1331 1316
1314 1275 1328
1314 1260 1275
1388 1342 1372
1340 1401 1372
1372 1401 1388
1372 1342 1341
947 970 948
901 884 883
901 916 902
901 883 916
1003 983 1037
1003 970 983
1081 1080 1105
1161 1081 1105
1105 1080 1104
1104 1134 1105
1216 1161 1105
1105 1134 1216
1447 1499 1487
1447 1487 1429
1429 1398 1447
1447 1457 1499
1447 1398 1413
1413 1457 1447
972 973 951
973 952 951
1466 1439 1484
1498 1485 1484
1484 1485 1466
1484 1483 1498
1484 1477 1483
1484 1439 1477
1322 1282 1349
1338 1322 1368
1386 1414 1371
1371 1414 1399
1400 1387 1340
1399 1387 1400
1430 1441 1431
1431 1387 1430
1468 1441 1430
1430 1387 1399
1402 1458 1459
1402 1401 1431
1402 1431 1469
1469 1458 1402
1388 1401 1402
1402 1459 1416
1416 1388 1402
954 953 976
976 991 954
953 975 976
976 975 989
989 990 976
976 990 991
1263 1306 1264
1263 1344 1306
1249 1262 1201
1201 1262 1250
1202 1264 1203
1202 1203 1181
1181 1180 1202
1202 1201 1250
1180 1201 1202
1250 1263 1202
1202 1263 1264
1072 1095 1046
1073 1124 1095
1095 1072 1073
1073 1072 1071
1073 1071 1094
1150 1125 1097
1097 1096 1150
1097 1075 1047
1097 1125 1075
1047 1074 1097
1074 1096 1097
903 937 919
937 920 919
885 903 919
919 904 885
921 904 919
919 920 921
873 860 858
873 886 904
873 858 872
872 886 873
887 906 888
888 860 887
860 873 887
887 873 904
887 904 921
921 906 887
796 770 783
770 769 783
783 769 782
783 794 796
782 794 783
1229 1208 1265
1265 1291 1229
1229 1182 1208
1252 1182 1229
1307 1252 1229
1346 1319 1293
1293 1292 1346
1379 1319 1346
1362 1379 1346
1346 1307 1362
1346 1292 1307
1335 1291 1318
1360 1361 1335
1335 1359 1360
1318 1359 1335
1375 1357 1373
1373 1374 1375
1375 1392 1358
1358 1357 1375
1417 1392 1375
1375 1374 1417
431 401 371
371 400 431
253 254 222
271 287 253
253 287 255
255 254 253
253 239 271
253 222 239
286 238 308
286 309 271
271 239 252
252 286 271
238 286 252
252 239 206
206 221 252
221 238 252
270 221 251
270 238 221
251 284 270
284 285 270
308 238 270
270 285 308
370 335 369
370 371 348
369 400 370
400 371 370
308 335 336
336 286 308
309 286 336
335 370 336
348 309 336
336 370 348
510 487 466
487 446 466
427 426 445
447 427 445
445 446 447
445 426 443
601 602 600
600 617 601
600 585 584
602 585 600
584 583 600
583 617 600
822 809 808
822 821 823
808 821 822
754 735 753
753 766 754
755 735 754
767 790 791
767 766 790
767 754 766
671 658 670
659 658 671
685 699 718
717 715 735
717 718 699
717 735 736
736 718 717
483 422 461
483 506 484
504 506 483
461 482 483
482 504 483
386 414 387
293 360 386
386 387 321
321 293 386
644 643 645
646 644 645
645 662 646
624 622 623
623 644 624
623 643 644
642 643 623
621 642 623
623 622 621
312 353 354
312 289 311
312 311 337
337 353 312
312 272 289
312 354 313
313 272 312
377 376 406
377 353 376
406 378 377
377 378 379
354 353 377
379 355 377
377 355 354
261 417 323
323 297 261
417 477 323
477 496 323
323 390 297
496 390 323
154 215 182
182 229 170
170 145 182
145 154 182
440 496 478
440 390 496
478 497 440
440 497 418
418 324 440
324 390 440
692 727 744
692 691 727
692 744 709
709 677 692
677 648 692
648 691 692
876 816 891
876 846 816
926 846 876
876 957 926
891 925 876
925 957 876
722 674 702
702 720 722
702 701 720
687 701 702
358 411 383
383 411 412
319 292 318
318 340 341
358 319 341
341 319 318
316 340 317
316 317 315
315 314 316
433 450 412
412 411 433
433 411 432
412 450 434
434 450 451
451 452 434
434 452 435
651 632 575
651 729 632
667 592 632
632 731 667
667 731 694
694 594 667
594 592 667
560 559 577
577 520 560
576 592 593
593 559 576
575 592 576
576 557 575
499 557 538
538 576 559
557 576 538
479 631 537
575 557 537
537 651 575
631 651 537
519 557 499
498 459 519
519 499 498
519 459 479
479 537 519
519 537 557
218 232 203
203 187 218
301 281 217
186 127 165
165 217 186
186 217 281
281 218 186
187 127 186
186 218 187
267 281 282
282 327 267
232 218 267
267 218 281
1103 1063 1002
1002 1018 1103
1104 1063 1103
1103 1133 1104
1036 1133 1103
1103 1018 1036
1514 1513 1512
1513 1523 1512
1547 1514 1512
638 669 657
599 637 638
638 657 618
618 599 638
668 655 679
1326 1372 1341
1340 1372 1326
1238 1236 1256
1256 1236 1234
1193 1241 1194
1194 1169 1193
1259 1243 1242
1260 1243 1259
1242 1194 1259
1259 1194 1241
1275 1260 1259
1259 1241 1275
1195 1169 1221
1242 1196 1221
1221 1194 1242
1169 1194 1221
1112 1110 1168
1168 1169 1112
1168 1167 1169
1168 1110 1138
1138 1167 1168
1217 1234 1218
1218 1190 1217
1189 1190 1162
1189 1082 1161
1189 1162 1082
1189 1217 1190
1161 1188 1189
1188 1217 1189
1022 1065 1023
1023 1008 1022
1022 1008 1007
1043 1065 1022
1007 1042 1022
1042 1043 1022
1143 1118 1142
1176 1120 1143
1115 1140 1116
1140 1141 1116
1116 1141 1117
1094 1147 1123
1123 1073 1094
1124 1073 1123
1122 1147 1094
1094 1093 1122
1093 1092 1122
1122 1092 1145
1199 1147 1178
1278 1305 1289
1278 1333 1305
1227 1262 1249
1249 1226 1227
1289 1262 1227
1227 1278 1289
1225 1246 1247
1332 1317 1303
1303 1317 1333
1247 1246 1261
1354 1317 1353
1354 1391 1404
1354 1404 1355
1355 1317 1354
1316 1287 1286
1286 1315 1316
1260 1314 1286
1286 1314 1315
1276 1244 1222
1222 1243 1276
1287 1244 1276
1276 1286 1287
1276 1243 1260
1260 1286 1276
1330 1314 1328
1315 1314 1330
1328 1329 1330
1329 1351 1330
1351 1331 1330
1331 1315 1330
932 900 915
916 900 932
949 948 970
970 1003 949
971 949 984
984 949 1003
1269 1282 1312
1282 1322 1312
1367 1398 1386
1367 1385 1413
1413 1398 1367
1397 1385 1350
1350 1368 1322
1385 1367 1350
1350 1367 1368
1350 1349 1397
1350 1322 1349
1386 1371 1369
1369 1367 1386
1368 1367 1369
1160 1215 1255
1255 1270 1160
1216 1270 1271
1270 1255 1271
1271 1255 1283
1468 1430 1415
1415 1430 1399
1399 1414 1415
1415 1467 1468
1414 1467 1415
1344 1263 1290
1290 1263 1250
1290 1262 1289
1250 1262 1290
1200 1180 1151
1200 1201 1180
1151 1149 1200
1200 1149 1179
1179 1249 1200
1249 1201 1200
1307 1229 1345
1345 1229 1291
1345 1361 1307
1291 1335 1345
1345 1335 1361
372 349 348
348 371 372
402 373 372
373 349 372
372 401 402
372 371 401
464 443 425
464 463 508
425 463 464
444 466 446
446 445 444
444 445 443
443 464 444
755 754 768
754 767 768
791 809 792
792 767 791
792 768 767
670 683 684
684 671 670
684 683 685
715 717 716
734 715 716
716 699 698
716 717 699
716 697 734
698 697 716
422 483 441
423 395 441
484 423 441
441 483 484
395 366 441
366 422 441
385 386 360
414 386 385
385 360 384
413 414 385
384 435 385
385 435 413
661 645 643
661 672 687
660 672 661
661 643 660
262 182 215
297 279 262
262 279 229
229 182 262
262 278 297
262 215 278
687 702 673
662 645 673
673 674 662
673 702 674
673 661 687
645 661 673
384 343 359
359 435 384
359 434 435
359 383 412
412 434 359
358 383 342
342 319 358
342 359 343
383 359 342
273 292 320
292 319 320
320 274 273
320 343 274
320 342 343
319 342 320
379 378 407
379 407 381
381 407 380
356 341 340
650 651 631
650 666 729
729 651 650
501 520 502
501 560 520
501 481 480
501 502 481
460 346 327
460 327 345
460 345 498
498 499 460
364 302 247
247 346 364
247 302 232
232 267 247
327 346 247
247 267 327
559 560 558
558 538 559
560 501 558
680 668 679
680 679 681
681 697 680
680 697 682
682 669 680
656 638 637
669 638 656
656 680 669
668 680 656
655 668 615
579 655 615
615 656 637
668 656 615
615 598 579
615 637 598
1238 1256 1257
1341 1273 1257
1273 1238 1257
1257 1326 1341
1257 1313 1326
1256 1313 1257
1171 1221 1196
1173 1140 1171
1195 1221 1171
1118 1143 1119
1119 1120 1091
1119 1143 1120
1176 1143 1175
1175 1143 1142
1142 1174 1175
1174 1224 1175
1246 1225 1197
1176 1175 1197
1197 1175 1224
1245 1246 1197
1197 1224 1245
1177 1176 1197
1197 1225 1177
1222 1244 1223
1223 1224 1174
1223 1244 1245
1245 1224 1223
1148 1147 1199
1148 1123 1147
1148 1199 1179
1179 1149 1148
1148 1149 1124
1124 1123 1148
1198 1226 1199
1199 1178 1198
1198 1225 1247
1198 1178 1177
1177 1225 1198
1177 1178 1144
1145 1120 1144
1144 1176 1177
1144 1120 1176
1147 1122 1146
1146 1178 1147
1146 1122 1145
1145 1144 1146
1146 1144 1178
1248 1227 1226
1248 1198 1247
1226 1198 1248
1278 1227 1248
1303 1261 1288
1288 1287 1316
1316 1332 1288
1332 1303 1288
1277 1246 1245
1277 1261 1246
1245 1244 1277
1277 1244 1287
1287 1288 1277
1277 1288 1261
1333 1278 1304
1304 1303 1333
1304 1261 1303
1247 1261 1304
1304 1248 1247
1278 1248 1304
1403 1354 1353
1391 1354 1403
1403 1352 1432
1403 1353 1352
1432 1449 1403
1449 1391 1403
931 932 915
948 932 931
915 914 931
914 946 931
931 946 947
947 948 931
916 932 933
902 916 933
933 917 902
1040 1020 1004
1020 1005 1004
985 951 971
971 984 985
972 951 985
984 1004 985
985 1005 972
985 1004 1005
1338 1299 1298
1299 1283 1298
1298 1322 1338
1298 1312 1322
1370 1369 1371
1371 1339 1370
1338 1368 1370
1368 1369 1370
1370 1299 1338
1370 1339 1299
1323 1339 1371
1323 1371 1399
1399 1400 1323
1324 1323 1400
1339 1323 1324
1272 1188 1216
1216 1271 1272
1373 1344 1343
1344 1290 1343
1343 1356 1373
1343 1305 1356
1289 1305 1343
1343 1290 1289
465 464 508
508 509 465
466 444 465
465 444 464
465 509 510
510 466 465
338 355 379
379 381 338
314 355 338
338 316 314
358 341 357
341 356 357
357 411 358
432 411 357
357 410 432
421 501 480
421 558 501
480 364 421
364 346 421
499 538 500
538 558 500
500 460 499
346 460 500
500 421 346
558 421 500
1170 1195 1139
1195 1171 1139
1139 1114 1170
1139 1171 1140
1115 1114 1139
1139 1140 1115
1222 1223 1172
1172 1196 1222
1172 1174 1173
1172 1223 1174
1173 1171 1172
1172 1171 1196
971 951 934
935 917 934
917 933 934
934 952 935
934 951 952
950 932 948
950 933 932
948 949 950
950 934 933
950 949 971
971 934 950
1038 1040 1019
1040 1004 1019
1019 1037 1038
1019 1003 1037
1019 984 1003
1019 1004 984
1312 1298 1232
1232 1255 1215
1283 1255 1232
1232 1298 1283
1232 1215 1269
1269 1312 1232
1325 1400 1340
1325 1324 1400
1340 1326 1325
1326 1313 1325
1299 1339 1300
1339 1324 1300
339 356 340
340 316 339
316 338 339
339 338 381
408 410 409
409 357 356
410 357 409
1233 1217 1188
1188 1272 1233
1272 1301 1233
1234 1217 1233
1285 1300 1324
1285 1301 1300
1285 1325 1313
1324 1325 1285
1300 1301 1284
1284 1271 1283
1284 1272 1271
1284 1301 1272
1284 1283 1299
1299 1300 1284
356 339 382
382 409 356
408 409 382
382 339 381
382 381 380
380 408 382
1234 1233 1235
1235 1256 1234
1235 1313 1256
1235 1285 1313
1235 1233 1301
1301 1285 1235
*BOUNDARY
num-prescribed-disp: 0
node#-dof#-disp:
num-prescribed-load: 0
elem#-face#-trac:
