*PARAMETER
num-dim: 2
*MATPROP
b-plane-strain: 1
young's-modulus: 100.0
poisson's-ratio: 0.3
*NODE
num-node: 322
nodal-coord:
0.100000 0.000000
0.200000 0.000000
0.800000 0.000000
0.900000 0.000000
0.550000 0.396860
0.550000 0.900000
0.450000 0.900000
0.450000 0.396860
0.100662 0.023011
0.106348 0.070978
0.123716 -0.000000
0.126778 0.024616
0.102716 0.046537
0.132406 0.073934
0.111818 0.096512
0.138071 0.099945
0.119288 0.122713
0.128765 0.148945
0.148218 -0.000000
0.152764 0.024551
0.129227 0.048947
0.154827 0.050652
0.157723 0.076765
0.164403 0.102498
0.146145 0.125752
0.156142 0.150780
0.140203 0.174775
0.153622 0.200055
0.174028 0.000000
0.200986 0.024302
0.177509 0.029211
0.180403 0.056131
0.183982 0.080313
0.191972 0.103040
0.173390 0.126795
0.183519 0.150917
0.167758 0.175360
0.181264 0.199106
0.168935 0.224491
0.185965 0.247753
0.204154 0.049753
0.209764 0.075914
0.217638 0.101349
0.200557 0.126762
0.211189 0.149915
0.195474 0.174215
0.209237 0.196374
0.196673 0.221611
0.212585 0.243392
0.204969 0.270105
0.227477 0.125423
0.239145 0.148171
0.223699 0.172047
0.237963 0.192859
0.224810 0.217105
0.238591 0.237943
0.229829 0.265554
0.226488 0.291875
0.252613 0.169705
0.267947 0.190135
0.253938 0.211994
0.264128 0.232206
0.253807 0.259380
0.252169 0.285475
0.249312 0.311697
0.285302 0.209534
0.287175 0.236057
0.277003 0.257656
0.277957 0.279595
0.275102 0.304129
0.273421 0.329639
0.307227 0.229867
0.302785 0.260060
0.324246 0.273496
0.300614 0.288662
0.298644 0.316942
0.297395 0.344893
0.326845 0.244984
0.346453 0.286327
0.322225 0.301736
0.321643 0.330290
0.322162 0.358293
0.348064 0.258680
0.370522 0.270620
0.344067 0.313893
0.362289 0.328770
0.344185 0.344649
0.349010 0.370408
0.393572 0.280487
0.368750 0.298721
0.382594 0.322328
0.372113 0.353641
0.375279 0.380059
0.395985 0.301803
0.412069 0.318201
0.395164 0.340636
0.399843 0.364415
0.421319 0.289498
0.434748 0.317784
0.420579 0.343880
0.427846 0.369218
0.401806 0.387760
0.447233 0.295323
0.459779 0.321435
0.445028 0.344926
0.454952 0.370018
0.426299 0.393152
0.472549 0.423083
0.450000 0.418975
0.450000 0.442798
0.450000 0.466568
0.450000 0.491725
0.450000 0.515243
0.450000 0.539975
0.450000 0.562786
0.450000 0.584472
0.450000 0.606190
0.450000 0.629592
0.450000 0.651331
0.450000 0.673455
0.450000 0.695166
0.450000 0.716835
0.450000 0.738762
0.450000 0.762961
0.450000 0.787333
0.450000 0.809606
0.450000 0.831844
0.450000 0.853704
0.450000 0.876834
0.470173 0.900000
0.473555 0.298832
0.486426 0.323492
0.471182 0.346011
0.483888 0.367393
0.472560 0.391938
0.488986 0.410255
0.473546 0.448137
0.489679 0.463592
0.472953 0.478978
0.476355 0.504179
0.473244 0.529614
0.489563 0.545852
0.472803 0.561077
0.476389 0.586527
0.473199 0.611466
0.486119 0.629757
0.472759 0.652275
0.485702 0.675781
0.473305 0.694989
0.476634 0.720638
0.473473 0.746690
0.489910 0.762381
0.473546 0.778428
0.476633 0.804712
0.473127 0.830884
0.486638 0.849209
0.474197 0.872030
0.489591 0.900000
0.500000 0.300000
0.513574 0.323492
0.500000 0.346678
0.516112 0.367393
0.500000 0.385612
0.511014 0.410255
0.500000 0.436404
0.510321 0.463592
0.500000 0.490431
0.523645 0.504179
0.500000 0.518599
0.510437 0.545852
0.500000 0.573284
0.523611 0.586527
0.500000 0.602975
0.513881 0.629757
0.500000 0.652958
0.514298 0.675781
0.500000 0.703085
0.523366 0.720638
0.500000 0.733881
0.510090 0.762381
0.500000 0.790897
0.523367 0.804712
0.500000 0.821604
0.513362 0.849209
0.500000 0.874118
0.510409 0.900000
0.526445 0.298832
0.540221 0.321435
0.528818 0.346011
0.545048 0.370018
0.527440 0.391938
0.527451 0.423083
0.526454 0.448137
0.550000 0.442798
0.527047 0.478978
0.550000 0.491725
0.526756 0.529614
0.550000 0.539975
0.527197 0.561077
0.550000 0.584472
0.526801 0.611466
0.550000 0.629592
0.527241 0.652275
0.550000 0.673455
0.526695 0.694989
0.550000 0.716835
0.526527 0.746690
0.550000 0.762961
0.526454 0.778428
0.550000 0.809606
0.526873 0.830884
0.550000 0.853704
0.525803 0.872030
0.529827 0.900000
0.552767 0.295323
0.565252 0.317784
0.554972 0.344926
0.572154 0.369218
0.573701 0.393152
0.550000 0.418975
0.550000 0.466568
0.550000 0.515243
0.550000 0.562786
0.550000 0.606190
0.550000 0.651331
0.550000 0.695166
0.550000 0.738762
0.550000 0.787333
0.550000 0.831844
0.550000 0.876834
0.578681 0.289498
0.587931 0.318201
0.579421 0.343880
0.600157 0.364415
0.598194 0.387760
0.606428 0.280487
0.604015 0.301803
0.617406 0.322328
0.604836 0.340636
0.624721 0.380059
0.629478 0.270620
0.631250 0.298721
0.637711 0.328770
0.627887 0.353641
0.650990 0.370408
0.651936 0.258680
0.653547 0.286327
0.655933 0.313893
0.678357 0.330290
0.655815 0.344649
0.692773 0.229867
0.673155 0.244984
0.675754 0.273496
0.677775 0.301736
0.701356 0.316942
0.677838 0.358293
0.712825 0.236057
0.697215 0.260060
0.722043 0.279595
0.699386 0.288662
0.726579 0.329639
0.702605 0.344893
0.732053 0.190135
0.714698 0.209534
0.735872 0.232206
0.722997 0.257656
0.747831 0.285475
0.724898 0.304129
0.760855 0.148171
0.747387 0.169705
0.762037 0.192859
0.746062 0.211994
0.761409 0.237943
0.746193 0.259380
0.773512 0.291875
0.750688 0.311697
0.782362 0.101349
0.772523 0.125423
0.788811 0.149915
0.776301 0.172047
0.790763 0.196374
0.775190 0.217105
0.787415 0.243392
0.770171 0.265554
0.799014 0.024302
0.795846 0.049753
0.819597 0.056131
0.790236 0.075914
0.808028 0.103040
0.799443 0.126762
0.816481 0.150917
0.804526 0.174215
0.818736 0.199106
0.803327 0.221611
0.814035 0.247753
0.795031 0.270105
0.825972 0.000000
0.847236 0.024551
0.822491 0.029211
0.845173 0.050652
0.816018 0.080313
0.835597 0.102498
0.826610 0.126795
0.843858 0.150780
0.832242 0.175360
0.846378 0.200055
0.831065 0.224491
0.851782 -0.000000
0.873222 0.024616
0.870773 0.048947
0.867594 0.073934
0.842277 0.076765
0.861929 0.099945
0.853855 0.125752
0.871235 0.148945
0.859797 0.174775
0.876284 -0.000000
0.899338 0.023011
0.897284 0.046537
0.893652 0.070978
0.888182 0.096512
0.880712 0.122713
*ELEMENT
num-elem: 507
num-elem-node: 3
elem-conn:
185 186 158
6 214 230
1 11 9
18 17 25
318 317 4
191 190 5
297 285 3
297 308 298
212 230 213
213 230 214
213 214 186
213 186 185
65 58 64
157 158 130
185 158 157
237 236 242
242 236 241
11 19 12
12 9 11
13 9 12
12 21 13
13 21 10
56 62 63
56 49 55
130 7 129
129 157 130
63 64 57
57 64 58
57 56 63
49 56 57
317 318 309
309 308 317
298 308 309
309 318 319
234 233 239
322 313 321
285 297 299
299 297 298
298 300 299
299 286 285
312 313 302
311 312 300
313 312 311
320 321 311
311 321 313
291 303 304
269 278 279
279 280 269
269 280 270
295 294 307
283 273 282
282 294 283
283 294 295
295 296 283
296 284 283
283 284 273
63 62 68
78 73 72
247 242 241
248 242 247
237 242 238
244 234 239
240 234 244
239 238 244
244 245 240
250 245 244
249 250 248
15 10 14
14 10 21
20 12 19
19 29 20
20 29 31
21 12 20
38 39 28
48 39 38
55 49 48
48 49 40
40 39 48
55 48 47
47 48 38
157 129 128
40 49 50
49 57 50
50 57 58
235 234 240
287 299 300
286 299 287
300 312 287
287 288 286
310 311 300
310 300 298
298 309 310
310 309 319
310 319 320
320 311 310
304 303 314
314 313 322
302 313 314
314 303 302
278 277 290
279 278 290
290 291 279
303 291 290
305 291 304
305 316 306
304 316 305
315 316 304
315 314 322
304 314 315
270 280 271
271 263 270
281 294 282
282 271 281
281 271 280
275 284 296
67 68 62
72 73 67
73 68 67
69 68 73
73 75 69
69 64 63
63 68 69
81 87 82
82 77 81
163 134 162
162 191 163
190 191 162
97 93 92
82 87 88
88 87 92
92 93 88
73 78 74
80 75 74
74 75 73
92 87 86
83 74 78
131 104 103
233 217 216
228 209 208
185 157 156
157 128 156
182 183 181
181 209 182
182 228 210
209 228 182
202 203 174
174 203 175
117 145 118
145 117 144
256 245 250
256 249 262
250 249 256
243 242 248
243 238 242
248 250 243
250 244 243
243 244 238
255 261 262
262 249 255
252 251 258
257 251 264
264 265 257
265 266 257
258 251 257
257 266 258
273 284 274
274 265 273
274 266 265
21 20 22
22 20 31
22 14 21
46 47 38
52 45 51
61 56 55
62 56 61
53 46 45
47 46 53
45 52 53
53 52 59
51 45 44
25 35 26
27 18 26
18 25 26
153 152 181
153 125 124
181 183 154
154 153 181
154 126 125
125 153 154
234 235 218
233 234 218
5 190 218
190 217 218
218 217 233
301 312 302
301 287 312
288 287 301
263 271 272
264 263 272
272 265 264
272 271 282
282 273 272
273 265 272
294 281 293
293 305 306
306 307 293
293 307 294
292 281 280
279 291 292
292 280 279
291 305 292
305 293 292
292 293 281
76 77 71
76 81 77
76 75 80
80 81 76
120 119 147
147 148 120
175 148 147
147 119 118
137 110 108
137 111 110
163 191 164
108 110 109
109 8 108
135 134 163
108 8 135
135 106 134
8 106 135
189 217 190
190 162 189
91 86 90
92 86 91
100 95 99
103 104 99
99 98 103
95 98 99
132 159 160
132 131 159
104 131 132
101 97 100
101 8 107
101 106 8
93 97 102
102 101 107
97 101 102
87 81 85
85 86 87
85 81 80
90 86 85
89 90 84
74 83 79
90 85 79
79 84 90
83 84 79
80 74 79
79 85 80
239 233 232
233 216 232
232 238 239
237 238 232
231 236 237
237 232 231
231 232 216
160 159 187
180 209 181
181 152 180
123 122 150
184 213 185
185 156 184
184 156 183
212 213 184
225 203 202
204 203 225
146 174 175
175 147 146
118 145 146
146 147 118
116 144 117
258 266 259
266 274 259
258 259 260
246 247 241
30 41 31
30 29 2
31 29 30
32 41 42
31 41 32
32 22 31
45 46 36
36 44 45
35 44 36
36 26 35
54 53 59
59 60 54
54 60 61
54 61 55
55 47 54
47 53 54
51 44 43
37 46 38
27 26 37
37 36 46
26 36 37
37 28 27
38 28 37
183 156 155
155 154 183
155 128 127
155 156 128
127 126 155
126 154 155
5 218 219
219 218 235
289 290 277
277 288 289
288 301 289
289 301 302
302 303 289
303 290 289
70 76 71
70 71 65
70 69 75
75 76 70
65 64 70
64 69 70
140 113 112
222 198 197
195 167 166
196 195 221
193 195 166
221 195 193
165 193 166
165 137 108
134 106 133
104 132 133
108 135 136
136 165 108
164 165 136
163 164 136
136 135 163
188 216 217
217 189 188
188 189 160
160 187 188
89 98 94
94 98 95
95 91 94
94 90 89
94 91 90
96 95 100
96 91 95
100 97 96
96 97 92
92 91 96
161 132 160
161 162 134
134 133 161
161 133 132
160 189 161
161 189 162
215 231 216
216 188 215
215 188 187
123 150 151
124 123 151
151 153 124
152 153 151
149 122 121
149 150 122
121 120 149
120 148 149
179 180 152
152 151 179
179 151 150
183 182 211
211 184 183
210 229 211
211 182 210
211 229 212
212 184 211
115 114 143
143 116 115
144 116 143
142 171 143
143 171 144
172 200 224
267 259 274
267 275 276
284 275 267
267 274 284
261 255 268
276 261 268
255 260 268
268 260 259
268 267 276
259 267 268
258 260 253
247 246 253
253 252 258
253 246 252
33 32 42
62 61 66
61 60 66
66 67 62
72 67 66
112 111 139
139 140 112
167 140 139
111 137 139
142 143 141
141 143 114
141 114 113
113 140 141
169 140 167
142 141 169
169 141 140
170 171 142
142 169 170
170 169 197
167 195 168
168 169 167
197 169 168
222 197 168
168 196 222
195 196 168
221 193 194
105 133 106
105 101 100
106 101 105
104 133 105
100 99 105
105 99 104
180 179 207
227 208 207
208 209 207
209 180 207
226 206 205
204 226 205
201 172 224
202 174 201
201 224 202
144 171 173
171 172 173
172 201 173
145 144 173
173 146 145
174 146 173
173 201 174
254 253 260
254 260 255
248 247 254
247 253 254
254 249 248
254 255 249
42 43 34
34 33 42
34 43 44
34 44 35
15 14 16
16 17 15
16 25 17
22 32 23
32 33 23
14 22 23
23 16 14
166 167 138
167 139 138
138 139 137
138 165 166
137 165 138
199 198 223
199 197 198
199 170 197
223 200 199
200 172 199
199 172 171
171 170 199
192 194 193
192 165 164
193 165 192
192 191 5
192 164 191
178 205 206
178 206 227
227 207 178
178 207 179
176 203 204
204 205 176
175 203 176
176 148 175
33 34 24
24 23 33
24 34 35
16 23 24
24 35 25
25 16 24
220 192 5
194 192 220
177 179 150
177 178 179
150 149 177
205 178 177
177 176 205
177 149 148
148 176 177
*BOUNDARY
num-prescribed-disp: 0
node#-dof#-disp:
num-prescribed-load: 0
elem#-face#-trac:
