        0.1000000000000000        0.0000000000000000
        0.2000000000000000        0.0000000000000000
        0.8000000000000000        0.0000000000000000
        0.9000000000000000        0.0000000000000000
        0.5500000000000000        0.3968600000000000
        0.5500000000000000        0.9000000000000000
        0.4500000000000000        0.9000000000000000
        0.4500000000000000        0.3968600000000000
        0.1006624144554108        0.0230107134337342
        0.1063477847141744        0.0709783999693355
        0.1237155095595547       -0.0000000000003827
        0.1267776336038307        0.0246163672388367
        0.1027162814015407        0.0465365114699835
        0.1324057484360647        0.0739342811250062
        0.1118177456252460        0.0965118515951868
        0.1380713070714383        0.0999448824393249
        0.1192880136010153        0.1227126050941996
        0.1287649681351672        0.1489447930002160
        0.1482177175790050       -0.0000000000003693
        0.1527642419666379        0.0245507721775886
        0.1292266492820142        0.0489474202280497
        0.1548272358311509        0.0506520026137059
        0.1577225536520476        0.0767648687664813
        0.1644033777083540        0.1024976335794769
        0.1461453418467889        0.1257516919504492
        0.1561423177689626        0.1507798571269230
        0.1402032814996519        0.1747750594262941
        0.1536216322194780        0.2000550585482281
        0.1740279142050993        0.0000000000000428
        0.2009859337344362        0.0243020219228874
        0.1775093488845297        0.0292106021569654
        0.1804027472981805        0.0561309170596734
        0.1839815250444242        0.0803129933936186
        0.1919720802086113        0.1030401888969359
        0.1733901362222096        0.1267950206498635
        0.1835194856787661        0.1509169121102274
        0.1677577964018458        0.1753599762321166
        0.1812635287408534        0.1991057275351067
        0.1689351382223413        0.2244906619033356
        0.1859645898256365        0.2477534284050950
        0.2041544296995040        0.0497533765401803
        0.2097638484866887        0.0759142705503343
        0.2176377246994194        0.1013486340390720
        0.2005574628041763        0.1267620911289109
        0.2111886303756655        0.1499149488633711
        0.1954735859436572        0.1742151921707079
        0.2092373938808977        0.1963737847365049
        0.1966729712634142        0.2216110830874428
        0.2125852198837394        0.2433916630285242
        0.2049687087360662        0.2701046782466718
        0.2274766567457845        0.1254233925324726
        0.2391448599965581        0.1481708334579313
        0.2236991058882132        0.1720470728832385
        0.2379634636059103        0.1928589595528388
        0.2248097718214233        0.2171052587715281
        0.2385912162364779        0.2379433241053753
        0.2298292487637682        0.2655541212770531
        0.2264880518405729        0.2918753401063265
        0.2526133990460420        0.1697052435167659
        0.2679471747017177        0.1901354420025782
        0.2539381366106177        0.2119940911927155
        0.2641276545279934        0.2322055812605469
        0.2538065373892308        0.2593800820136276
        0.2521690479540828        0.2854750442851983
        0.2493115071939817        0.3116974169733398
        0.2853016998435260        0.2095343407384853
        0.2871750673224022        0.2360565703757578
        0.2770025605898795        0.2576562230570537
        0.2779571877483450        0.2795954380822224
        0.2751016899982834        0.3041292084154032
        0.2734210945100421        0.3296391962209494
        0.3072274283779683        0.2298667779558752
        0.3027849605331238        0.2600600523767685
        0.3242458929414282        0.2734960070771370
        0.3006140100321311        0.2886621831818779
        0.2986442717915252        0.3169418616852306
        0.2973953277679044        0.3448932398493407
        0.3268447182698234        0.2449841798311989
        0.3464526444530726        0.2863274629812694
        0.3222245559182790        0.3017361459612532
        0.3216430999720098        0.3302902991956287
        0.3221616420212023        0.3582925040127579
        0.3480638978203986        0.2586801513779088
        0.3705219781067138        0.2706204756081868
        0.3440668528271452        0.3138927346817397
        0.3622886002306083        0.3287695677305379
        0.3441847085385382        0.3446493828851290
        0.3490102386929226        0.3704080074702549
        0.3935721708064977        0.2804872850728994
        0.3687497175542818        0.2987210448158278
        0.3825938000352709        0.3223277781513149
        0.3721126955704177        0.3536408850558300
        0.3752788003027427        0.3800587093154677
        0.3959853914677616        0.3018029638952275
        0.4120687762340752        0.3182009820286011
        0.3951639902236603        0.3406356117489174
        0.3998428348985107        0.3644150428096492
        0.4213188678704959        0.2894983237541439
        0.4347478529062225        0.3177840373076349
        0.4205792529191879        0.3438803686544323
        0.4278457857542039        0.3692183924036968
        0.4018058533939954        0.3877601187047742
        0.4472334712712143        0.2953230325193262
        0.4597785457337113        0.3214351837484943
        0.4450282477231346        0.3449263344219860
        0.4549524707394547        0.3700182832151802
        0.4262994781044665        0.3931516669058470
        0.4725488629368970        0.4230834965364932
        0.4499999998829540        0.4189745286658093
        0.4499999998723436        0.4427981834368480
        0.4499999999010076        0.4665678552545733
        0.4499999998909030        0.4917246752863138
        0.4499999998964906        0.5152428686825348
        0.4499999999032491        0.5399751390632003
        0.4499999998811540        0.5627857957653555
        0.4499999999228432        0.5844718590165106
        0.4499999998939201        0.6061895994486741
        0.4499999999620669        0.6295921614798906
        0.4499999998798407        0.6513311196650770
        0.4499999999744665        0.6734550101726258
        0.4499999998859842        0.6951658918041508
        0.4499999999215232        0.7168350895914608
        0.4499999999020994        0.7387623849390050
        0.4499999999109440        0.7629613223503094
        0.4499999999034903        0.7873325408274373
        0.4499999999194006        0.8096056645761684
        0.4499999998841668        0.8318436444935177
        0.4499999999728628        0.8537036542678663
        0.4499999998872382        0.8768344465110731
        0.4701734835866159        0.9000000000737809
        0.4735553752639152        0.2988321964526809
        0.4864264857740676        0.3234924295841974
        0.4711824217916071        0.3460112083038914
        0.4838883049575909        0.3673934972575364
        0.4725596830448542        0.3919375593709273
        0.4889862503618956        0.4102545439722560
        0.4735456612137808        0.4481373545211250
        0.4896786499949475        0.4635923374482636
        0.4729533269740170        0.4789776935802105
        0.4763553216524515        0.5041789014274384
        0.4732441628168867        0.5296138274695419
        0.4895628772355425        0.5458520510589314
        0.4728029745524500        0.5610767957572161
        0.4763886491751177        0.5865272826453232
        0.4731994526961983        0.6114662170145154
        0.4861189142956165        0.6297567207136940
        0.4727587431660795        0.6522745711815882
        0.4857017592286385        0.6757805811871689
        0.4733046365449707        0.6949892979327862
        0.4766336784866073        0.7206377206650809
        0.4734726756248039        0.7466897010189567
        0.4899096044917547        0.7623806560774053
        0.4735457726727879        0.7784275268331537
        0.4766326852444623        0.8047116346228269
        0.4731266554133180        0.8308837541420551
        0.4866383158170699        0.8492085308941909
        0.4741969241608842        0.8720298266197222
        0.4895910549929559        0.9000000000648688
        0.5000000007294561        0.2999999998881466
        0.5135735159653285        0.3234924295640304
        0.5000000008066654        0.3466780996077168
        0.5161116962824546        0.3673934977947111
        0.4999999999307916        0.3856123017746205
        0.5110137543890496        0.4102545408501715
        0.5000000003402002        0.4364041599815005
        0.5103213476153220        0.4635923393455161
        0.4999999991708171        0.4904312783174508
        0.5236446769444434        0.5041788993991062
        0.4999999983559324        0.5185993403640475
        0.5104371106052267        0.5458520481413727
        0.4999999942177309        0.5732836526219756
        0.5236113449567904        0.5865272380715527
        0.5000000072287313        0.6029750194872578
        0.5138812165545321        0.6297567403644740
        0.5000000023004094        0.6529584606412278
        0.5142981523690398        0.6757806074499928
        0.4999999936608417        0.7030845185954110
        0.5233663214024930        0.7206377072366064
        0.5000000015460683        0.7338813394776286
        0.5100903989529821        0.7623806550709460
        0.5000000004793188        0.7908969416207169
        0.5233673150848410        0.8047116338046248
        0.5000000001605621        0.8216044314428234
        0.5133616849864149        0.8492085309412367
        0.5000000000394774        0.8741180918306659
        0.5104089449704940        0.9000000000648688
        0.5264446262297517        0.2988321963205015
        0.5402214558542060        0.3214351836002036
        0.5288175795449095        0.3460112085937233
        0.5450475312475517        0.3700182829099390
        0.5274403186929033        0.3919375587254803
        0.5274511362749852        0.4230834994350035
        0.5264543384884295        0.4481373572265999
        0.5500000001276565        0.4427981833339927
        0.5270466731407593        0.4789776939433820
        0.5500000001090971        0.4917246768905313
        0.5267558357062930        0.5296138214976368
        0.5500000000967510        0.5399751450911476
        0.5271970270608641        0.5610767788784847
        0.5500000000771565        0.5844718810818655
        0.5268005468272661        0.6114661481349370
        0.5500000000379323        0.6295921733680283
        0.5272412587799422        0.6522746495984270
        0.5500000000255342        0.6734550173444457
        0.5266953666032446        0.6949892753821808
        0.5500000000784767        0.7168350897040983
        0.5265273251891540        0.7466896949476104
        0.5500000000890560        0.7629613208157860
        0.5264542279592817        0.7784275248821936
        0.5500000000805995        0.8096056642491771
        0.5268733446256036        0.8308837535711802
        0.5500000000271372        0.8537036541366261
        0.5258030759009403        0.8720298267949419
        0.5298265164202042        0.9000000000737809
        0.5527665303341895        0.2953230319525321
        0.5652521488087813        0.3177840369040374
        0.5549717535310774        0.3449263340434500
        0.5721542160534312        0.3692183916467092
        0.5737005212579313        0.3931516669732134
        0.5500000001170461        0.4189745279225361
        0.5500000000989924        0.4665678560653226
        0.5500000001035095        0.5152428713567556
        0.5500000001188460        0.5627858167997118
        0.5500000001060803        0.6061896288180642
        0.5500000001201594        0.6513311116409400
        0.5500000001140160        0.6951659001164774
        0.5500000000979006        0.7387623830113517
        0.5500000000965097        0.7873325401441151
        0.5500000001158333        0.8318436443798671
        0.5500000001127620        0.8768344464466789
        0.5786811338857886        0.2894983230821636
        0.5879312258624780        0.3182009805099343
        0.5794207481168756        0.3438803677619683
        0.6001571665649031        0.3644150419644611
        0.5981941461387279        0.3877601187473459
        0.6064278299822781        0.2804872846448850
        0.6040146115452973        0.3018029642253424
        0.6174062033947680        0.3223277790084600
        0.6048360098687140        0.3406356101710376
        0.6247211999804546        0.3800587090439441
        0.6294780232551505        0.2706204748529837
        0.6312502843443695        0.2987210439496979
        0.6377114033484746        0.3287695668005260
        0.6278873049072886        0.3536408837889681
        0.6509897616562283        0.3704080077295024
        0.6519361039394547        0.2586801501998266
        0.6535473573859036        0.2863274615945655
        0.6559331486452165        0.3138927334464954
        0.6783569004217095        0.3302902987768715
        0.6558152923720768        0.3446493831667084
        0.6927725733035794        0.2298667759154185
        0.6731552840087233        0.2449841784335126
        0.6757541089003801        0.2734960058967095
        0.6777754451014852        0.3017361453646093
        0.7013557292802077        0.3169418618963527
        0.6778383585720282        0.3582925040322159
        0.7128249334899446        0.2360565747818190
        0.6972150415759333        0.2600600524666667
        0.7220428124810884        0.2795954385448377
        0.6993859907082394        0.2886621838524561
        0.7265789072138166        0.3296391952534147
        0.7026046729120058        0.3448932397081508
        0.7320528244836985        0.1901354424509120
        0.7146982998281324        0.2095343410749188
        0.7358723450553488        0.2322055798513540
        0.7229974453283012        0.2576562255319775
        0.7478309528362377        0.2854750423460155
        0.7248983117648335        0.3041292083750574
        0.7608551395757996        0.1481708346133820
        0.7473866002472410        0.1697052443159844
        0.7620365369285492        0.1928589592409737
        0.7460618642513602        0.2119940906345303
        0.7614087849492002        0.2379433222577948
        0.7461934659905377        0.2593800802641067
        0.7735119505506530        0.2918753378454987
        0.7506884950973245        0.3116974148149737
        0.7823622754440600        0.1013486329648027
        0.7725233429403537        0.1254233932144402
        0.7888113696424942        0.1499149491326267
        0.7763008943711053        0.1720470728664805
        0.7907626076034792        0.1963737832052219
        0.7751902299095077        0.2171052572772696
        0.7874147817867935        0.2433916611794014
        0.7701707535954926        0.2655541200674492
        0.7990140662978884        0.0243020150448295
        0.7958455719440809        0.0497533667670267
        0.8195972393615178        0.0561309307888209
        0.7902361525803190        0.0759142650138943
        0.8080279174531343        0.1030401895865804
        0.7994425368440680        0.1267620916551313
        0.8164805156044013        0.1509169097948382
        0.8045264155077527        0.1742151904118939
        0.8187364731844523        0.1991057249612142
        0.8033270307376188        0.2216110810775205
        0.8140354120286748        0.2477534256974283
        0.7950312938167211        0.2701046758162918
        0.8259720862444893        0.0000000000000428
        0.8472357575548760        0.0245507721571785
        0.8224906461536294        0.0292106074672345
        0.8451727510863356        0.0506520023472831
        0.8160184825591072        0.0803130041369577
        0.8355966269288807        0.1024976322049291
        0.8266098642584511        0.1267950171211163
        0.8438576832562072        0.1507798537722173
        0.8322422053906481        0.1753599732771677
        0.8463783696355899        0.2000550548864898
        0.8310648639739739        0.2244906584045788
        0.8517822836031492       -0.0000000000003693
        0.8732223679026996        0.0246163678890266
        0.8707733402266693        0.0489474191349602
        0.8675942544284000        0.0739342769971357
        0.8422774528905935        0.0767648637080788
        0.8619286952775345        0.0999448793672551
        0.8538546596721266        0.1257516898150297
        0.8712350327320794        0.1489447895669989
        0.8597967206079680        0.1747750558663382
        0.8762844907043782       -0.0000000000003827
        0.8993375853227766        0.0230107134291491
        0.8972837188195059        0.0465365113259861
        0.8936522162749152        0.0709783957631904
        0.8881822552672488        0.0965118480054655
        0.8807119874930225        0.1227126016999815
