*PARAMETER
num-dim: 2
*MATPROP
b-plane-strain: 1
young's-modulus: 130000000000
poisson's-ratio: 0.33
density: 8.96
beta1: 0.5
beta2: 0.5
dt: 0.01
nstp: 101
nprt: 20
s0: 5000000
e0: 0.1
nho: 10
nstpho: 101
nprtho: 10
*NODE
num-node: 891
nodal-coord:
0.005000 0.100000 
0.005000 0.000000 
0.005000 0.001250 
0.005000 0.002500 
0.005000 0.003750 
0.005000 0.005000 
0.005000 0.006250 
0.005000 0.007500 
0.005000 0.008750 
0.005000 0.010000 
0.005000 0.011250 
0.005000 0.012500 
0.005000 0.013750 
0.005000 0.015000 
0.005000 0.016250 
0.005000 0.017500 
0.005000 0.018750 
0.005000 0.020000 
0.005000 0.021250 
0.005000 0.022500 
0.005000 0.023750 
0.005000 0.025000 
0.005000 0.026250 
0.005000 0.027500 
0.005000 0.028750 
0.005000 0.030000 
0.005000 0.031250 
0.005000 0.032500 
0.005000 0.033750 
0.005000 0.035000 
0.005000 0.036250 
0.005000 0.037500 
0.005000 0.038750 
0.005000 0.040000 
0.005000 0.041250 
0.005000 0.042500 
0.005000 0.043750 
0.005000 0.045000 
0.005000 0.046250 
0.005000 0.047500 
0.005000 0.048750 
0.005000 0.050000 
0.005000 0.051250 
0.005000 0.052500 
0.005000 0.053750 
0.005000 0.055000 
0.005000 0.056250 
0.005000 0.057500 
0.005000 0.058750 
0.005000 0.060000 
0.005000 0.061250 
0.005000 0.062500 
0.005000 0.063750 
0.005000 0.065000 
0.005000 0.066250 
0.005000 0.067500 
0.005000 0.068750 
0.005000 0.070000 
0.005000 0.071250 
0.005000 0.072500 
0.005000 0.073750 
0.005000 0.075000 
0.005000 0.076250 
0.005000 0.077500 
0.005000 0.078750 
0.005000 0.080000 
0.005000 0.081250 
0.005000 0.082500 
0.005000 0.083750 
0.005000 0.085000 
0.005000 0.086250 
0.005000 0.087500 
0.005000 0.088750 
0.005000 0.090000 
0.005000 0.091250 
0.005000 0.092500 
0.005000 0.093750 
0.005000 0.095000 
0.005000 0.096250 
0.005000 0.097500 
0.005000 0.098750 
0.000000 0.000000 
0.000000 0.100000 
0.000000 0.098750 
0.000000 0.097500 
0.000000 0.096250 
0.000000 0.095000 
0.000000 0.093750 
0.000000 0.092500 
0.000000 0.091250 
0.000000 0.090000 
0.000000 0.088750 
0.000000 0.087500 
0.000000 0.086250 
0.000000 0.085000 
0.000000 0.083750 
0.000000 0.082500 
0.000000 0.081250 
0.000000 0.080000 
0.000000 0.078750 
0.000000 0.077500 
0.000000 0.076250 
0.000000 0.075000 
0.000000 0.073750 
0.000000 0.072500 
0.000000 0.071250 
0.000000 0.070000 
0.000000 0.068750 
0.000000 0.067500 
0.000000 0.066250 
0.000000 0.065000 
0.000000 0.063750 
0.000000 0.062500 
0.000000 0.061250 
0.000000 0.060000 
0.000000 0.058750 
0.000000 0.057500 
0.000000 0.056250 
0.000000 0.055000 
0.000000 0.053750 
0.000000 0.052500 
0.000000 0.051250 
0.000000 0.050000 
0.000000 0.048750 
0.000000 0.047500 
0.000000 0.046250 
0.000000 0.045000 
0.000000 0.043750 
0.000000 0.042500 
0.000000 0.041250 
0.000000 0.040000 
0.000000 0.038750 
0.000000 0.037500 
0.000000 0.036250 
0.000000 0.035000 
0.000000 0.033750 
0.000000 0.032500 
0.000000 0.031250 
0.000000 0.030000 
0.000000 0.028750 
0.000000 0.027500 
0.000000 0.026250 
0.000000 0.025000 
0.000000 0.023750 
0.000000 0.022500 
0.000000 0.021250 
0.000000 0.020000 
0.000000 0.018750 
0.000000 0.017500 
0.000000 0.016250 
0.000000 0.015000 
0.000000 0.013750 
0.000000 0.012500 
0.000000 0.011250 
0.000000 0.010000 
0.000000 0.008750 
0.000000 0.007500 
0.000000 0.006250 
0.000000 0.005000 
0.000000 0.003750 
0.000000 0.002500 
0.000000 0.001250 
0.000500 0.000000 
0.001000 0.000000 
0.001500 0.000000 
0.002000 0.000000 
0.002500 0.000000 
0.003000 0.000000 
0.003500 0.000000 
0.004000 0.000000 
0.004500 0.000000 
0.004500 0.100000 
0.004000 0.100000 
0.003500 0.100000 
0.003000 0.100000 
0.002500 0.100000 
0.002000 0.100000 
0.001500 0.100000 
0.001000 0.100000 
0.000500 0.100000 
0.000500 0.098750 
0.001000 0.098750 
0.001500 0.098750 
0.002000 0.098750 
0.002500 0.098750 
0.003000 0.098750 
0.003500 0.098750 
0.004000 0.098750 
0.004500 0.098750 
0.000500 0.097500 
0.001000 0.097500 
0.001500 0.097500 
0.002000 0.097500 
0.002500 0.097500 
0.003000 0.097500 
0.003500 0.097500 
0.004000 0.097500 
0.004500 0.097500 
0.000500 0.096250 
0.001000 0.096250 
0.001500 0.096250 
0.002000 0.096250 
0.002500 0.096250 
0.003000 0.096250 
0.003500 0.096250 
0.004000 0.096250 
0.004500 0.096250 
0.000500 0.095000 
0.001000 0.095000 
0.001500 0.095000 
0.002000 0.095000 
0.002500 0.095000 
0.003000 0.095000 
0.003500 0.095000 
0.004000 0.095000 
0.004500 0.095000 
0.000500 0.093750 
0.001000 0.093750 
0.001500 0.093750 
0.002000 0.093750 
0.002500 0.093750 
0.003000 0.093750 
0.003500 0.093750 
0.004000 0.093750 
0.004500 0.093750 
0.000500 0.092500 
0.001000 0.092500 
0.001500 0.092500 
0.002000 0.092500 
0.002500 0.092500 
0.003000 0.092500 
0.003500 0.092500 
0.004000 0.092500 
0.004500 0.092500 
0.000500 0.091250 
0.001000 0.091250 
0.001500 0.091250 
0.002000 0.091250 
0.002500 0.091250 
0.003000 0.091250 
0.003500 0.091250 
0.004000 0.091250 
0.004500 0.091250 
0.000500 0.090000 
0.001000 0.090000 
0.001500 0.090000 
0.002000 0.090000 
0.002500 0.090000 
0.003000 0.090000 
0.003500 0.090000 
0.004000 0.090000 
0.004500 0.090000 
0.000500 0.088750 
0.001000 0.088750 
0.001500 0.088750 
0.002000 0.088750 
0.002500 0.088750 
0.003000 0.088750 
0.003500 0.088750 
0.004000 0.088750 
0.004500 0.088750 
0.000500 0.087500 
0.001000 0.087500 
0.001500 0.087500 
0.002000 0.087500 
0.002500 0.087500 
0.003000 0.087500 
0.003500 0.087500 
0.004000 0.087500 
0.004500 0.087500 
0.000500 0.086250 
0.001000 0.086250 
0.001500 0.086250 
0.002000 0.086250 
0.002500 0.086250 
0.003000 0.086250 
0.003500 0.086250 
0.004000 0.086250 
0.004500 0.086250 
0.000500 0.085000 
0.001000 0.085000 
0.001500 0.085000 
0.002000 0.085000 
0.002500 0.085000 
0.003000 0.085000 
0.003500 0.085000 
0.004000 0.085000 
0.004500 0.085000 
0.000500 0.083750 
0.001000 0.083750 
0.001500 0.083750 
0.002000 0.083750 
0.002500 0.083750 
0.003000 0.083750 
0.003500 0.083750 
0.004000 0.083750 
0.004500 0.083750 
0.000500 0.082500 
0.001000 0.082500 
0.001500 0.082500 
0.002000 0.082500 
0.002500 0.082500 
0.003000 0.082500 
0.003500 0.082500 
0.004000 0.082500 
0.004500 0.082500 
0.000500 0.081250 
0.001000 0.081250 
0.001500 0.081250 
0.002000 0.081250 
0.002500 0.081250 
0.003000 0.081250 
0.003500 0.081250 
0.004000 0.081250 
0.004500 0.081250 
0.000500 0.080000 
0.001000 0.080000 
0.001500 0.080000 
0.002000 0.080000 
0.002500 0.080000 
0.003000 0.080000 
0.003500 0.080000 
0.004000 0.080000 
0.004500 0.080000 
0.000500 0.078750 
0.001000 0.078750 
0.001500 0.078750 
0.002000 0.078750 
0.002500 0.078750 
0.003000 0.078750 
0.003500 0.078750 
0.004000 0.078750 
0.004500 0.078750 
0.000500 0.077500 
0.001000 0.077500 
0.001500 0.077500 
0.002000 0.077500 
0.002500 0.077500 
0.003000 0.077500 
0.003500 0.077500 
0.004000 0.077500 
0.004500 0.077500 
0.000500 0.076250 
0.001000 0.076250 
0.001500 0.076250 
0.002000 0.076250 
0.002500 0.076250 
0.003000 0.076250 
0.003500 0.076250 
0.004000 0.076250 
0.004500 0.076250 
0.000500 0.075000 
0.001000 0.075000 
0.001500 0.075000 
0.002000 0.075000 
0.002500 0.075000 
0.003000 0.075000 
0.003500 0.075000 
0.004000 0.075000 
0.004500 0.075000 
0.000500 0.073750 
0.001000 0.073750 
0.001500 0.073750 
0.002000 0.073750 
0.002500 0.073750 
0.003000 0.073750 
0.003500 0.073750 
0.004000 0.073750 
0.004500 0.073750 
0.000500 0.072500 
0.001000 0.072500 
0.001500 0.072500 
0.002000 0.072500 
0.002500 0.072500 
0.003000 0.072500 
0.003500 0.072500 
0.004000 0.072500 
0.004500 0.072500 
0.000500 0.071250 
0.001000 0.071250 
0.001500 0.071250 
0.002000 0.071250 
0.002500 0.071250 
0.003000 0.071250 
0.003500 0.071250 
0.004000 0.071250 
0.004500 0.071250 
0.000500 0.070000 
0.001000 0.070000 
0.001500 0.070000 
0.002000 0.070000 
0.002500 0.070000 
0.003000 0.070000 
0.003500 0.070000 
0.004000 0.070000 
0.004500 0.070000 
0.000500 0.068750 
0.001000 0.068750 
0.001500 0.068750 
0.002000 0.068750 
0.002500 0.068750 
0.003000 0.068750 
0.003500 0.068750 
0.004000 0.068750 
0.004500 0.068750 
0.000500 0.067500 
0.001000 0.067500 
0.001500 0.067500 
0.002000 0.067500 
0.002500 0.067500 
0.003000 0.067500 
0.003500 0.067500 
0.004000 0.067500 
0.004500 0.067500 
0.000500 0.066250 
0.001000 0.066250 
0.001500 0.066250 
0.002000 0.066250 
0.002500 0.066250 
0.003000 0.066250 
0.003500 0.066250 
0.004000 0.066250 
0.004500 0.066250 
0.000500 0.065000 
0.001000 0.065000 
0.001500 0.065000 
0.002000 0.065000 
0.002500 0.065000 
0.003000 0.065000 
0.003500 0.065000 
0.004000 0.065000 
0.004500 0.065000 
0.000500 0.063750 
0.001000 0.063750 
0.001500 0.063750 
0.002000 0.063750 
0.002500 0.063750 
0.003000 0.063750 
0.003500 0.063750 
0.004000 0.063750 
0.004500 0.063750 
0.000500 0.062500 
0.001000 0.062500 
0.001500 0.062500 
0.002000 0.062500 
0.002500 0.062500 
0.003000 0.062500 
0.003500 0.062500 
0.004000 0.062500 
0.004500 0.062500 
0.000500 0.061250 
0.001000 0.061250 
0.001500 0.061250 
0.002000 0.061250 
0.002500 0.061250 
0.003000 0.061250 
0.003500 0.061250 
0.004000 0.061250 
0.004500 0.061250 
0.000500 0.060000 
0.001000 0.060000 
0.001500 0.060000 
0.002000 0.060000 
0.002500 0.060000 
0.003000 0.060000 
0.003500 0.060000 
0.004000 0.060000 
0.004500 0.060000 
0.000500 0.058750 
0.001000 0.058750 
0.001500 0.058750 
0.002000 0.058750 
0.002500 0.058750 
0.003000 0.058750 
0.003500 0.058750 
0.004000 0.058750 
0.004500 0.058750 
0.000500 0.057500 
0.001000 0.057500 
0.001500 0.057500 
0.002000 0.057500 
0.002500 0.057500 
0.003000 0.057500 
0.003500 0.057500 
0.004000 0.057500 
0.004500 0.057500 
0.000500 0.056250 
0.001000 0.056250 
0.001500 0.056250 
0.002000 0.056250 
0.002500 0.056250 
0.003000 0.056250 
0.003500 0.056250 
0.004000 0.056250 
0.004500 0.056250 
0.000500 0.055000 
0.001000 0.055000 
0.001500 0.055000 
0.002000 0.055000 
0.002500 0.055000 
0.003000 0.055000 
0.003500 0.055000 
0.004000 0.055000 
0.004500 0.055000 
0.000500 0.053750 
0.001000 0.053750 
0.001500 0.053750 
0.002000 0.053750 
0.002500 0.053750 
0.003000 0.053750 
0.003500 0.053750 
0.004000 0.053750 
0.004500 0.053750 
0.000500 0.052500 
0.001000 0.052500 
0.001500 0.052500 
0.002000 0.052500 
0.002500 0.052500 
0.003000 0.052500 
0.003500 0.052500 
0.004000 0.052500 
0.004500 0.052500 
0.000500 0.051250 
0.001000 0.051250 
0.001500 0.051250 
0.002000 0.051250 
0.002500 0.051250 
0.003000 0.051250 
0.003500 0.051250 
0.004000 0.051250 
0.004500 0.051250 
0.000500 0.050000 
0.001000 0.050000 
0.001500 0.050000 
0.002000 0.050000 
0.002500 0.050000 
0.003000 0.050000 
0.003500 0.050000 
0.004000 0.050000 
0.004500 0.050000 
0.000500 0.048750 
0.001000 0.048750 
0.001500 0.048750 
0.002000 0.048750 
0.002500 0.048750 
0.003000 0.048750 
0.003500 0.048750 
0.004000 0.048750 
0.004500 0.048750 
0.000500 0.047500 
0.001000 0.047500 
0.001500 0.047500 
0.002000 0.047500 
0.002500 0.047500 
0.003000 0.047500 
0.003500 0.047500 
0.004000 0.047500 
0.004500 0.047500 
0.000500 0.046250 
0.001000 0.046250 
0.001500 0.046250 
0.002000 0.046250 
0.002500 0.046250 
0.003000 0.046250 
0.003500 0.046250 
0.004000 0.046250 
0.004500 0.046250 
0.000500 0.045000 
0.001000 0.045000 
0.001500 0.045000 
0.002000 0.045000 
0.002500 0.045000 
0.003000 0.045000 
0.003500 0.045000 
0.004000 0.045000 
0.004500 0.045000 
0.000500 0.043750 
0.001000 0.043750 
0.001500 0.043750 
0.002000 0.043750 
0.002500 0.043750 
0.003000 0.043750 
0.003500 0.043750 
0.004000 0.043750 
0.004500 0.043750 
0.000500 0.042500 
0.001000 0.042500 
0.001500 0.042500 
0.002000 0.042500 
0.002500 0.042500 
0.003000 0.042500 
0.003500 0.042500 
0.004000 0.042500 
0.004500 0.042500 
0.000500 0.041250 
0.001000 0.041250 
0.001500 0.041250 
0.002000 0.041250 
0.002500 0.041250 
0.003000 0.041250 
0.003500 0.041250 
0.004000 0.041250 
0.004500 0.041250 
0.000500 0.040000 
0.001000 0.040000 
0.001500 0.040000 
0.002000 0.040000 
0.002500 0.040000 
0.003000 0.040000 
0.003500 0.040000 
0.004000 0.040000 
0.004500 0.040000 
0.000500 0.038750 
0.001000 0.038750 
0.001500 0.038750 
0.002000 0.038750 
0.002500 0.038750 
0.003000 0.038750 
0.003500 0.038750 
0.004000 0.038750 
0.004500 0.038750 
0.000500 0.037500 
0.001000 0.037500 
0.001500 0.037500 
0.002000 0.037500 
0.002500 0.037500 
0.003000 0.037500 
0.003500 0.037500 
0.004000 0.037500 
0.004500 0.037500 
0.000500 0.036250 
0.001000 0.036250 
0.001500 0.036250 
0.002000 0.036250 
0.002500 0.036250 
0.003000 0.036250 
0.003500 0.036250 
0.004000 0.036250 
0.004500 0.036250 
0.000500 0.035000 
0.001000 0.035000 
0.001500 0.035000 
0.002000 0.035000 
0.002500 0.035000 
0.003000 0.035000 
0.003500 0.035000 
0.004000 0.035000 
0.004500 0.035000 
0.000500 0.033750 
0.001000 0.033750 
0.001500 0.033750 
0.002000 0.033750 
0.002500 0.033750 
0.003000 0.033750 
0.003500 0.033750 
0.004000 0.033750 
0.004500 0.033750 
0.000500 0.032500 
0.001000 0.032500 
0.001500 0.032500 
0.002000 0.032500 
0.002500 0.032500 
0.003000 0.032500 
0.003500 0.032500 
0.004000 0.032500 
0.004500 0.032500 
0.000500 0.031250 
0.001000 0.031250 
0.001500 0.031250 
0.002000 0.031250 
0.002500 0.031250 
0.003000 0.031250 
0.003500 0.031250 
0.004000 0.031250 
0.004500 0.031250 
0.000500 0.030000 
0.001000 0.030000 
0.001500 0.030000 
0.002000 0.030000 
0.002500 0.030000 
0.003000 0.030000 
0.003500 0.030000 
0.004000 0.030000 
0.004500 0.030000 
0.000500 0.028750 
0.001000 0.028750 
0.001500 0.028750 
0.002000 0.028750 
0.002500 0.028750 
0.003000 0.028750 
0.003500 0.028750 
0.004000 0.028750 
0.004500 0.028750 
0.000500 0.027500 
0.001000 0.027500 
0.001500 0.027500 
0.002000 0.027500 
0.002500 0.027500 
0.003000 0.027500 
0.003500 0.027500 
0.004000 0.027500 
0.004500 0.027500 
0.000500 0.026250 
0.001000 0.026250 
0.001500 0.026250 
0.002000 0.026250 
0.002500 0.026250 
0.003000 0.026250 
0.003500 0.026250 
0.004000 0.026250 
0.004500 0.026250 
0.000500 0.025000 
0.001000 0.025000 
0.001500 0.025000 
0.002000 0.025000 
0.002500 0.025000 
0.003000 0.025000 
0.003500 0.025000 
0.004000 0.025000 
0.004500 0.025000 
0.000500 0.023750 
0.001000 0.023750 
0.001500 0.023750 
0.002000 0.023750 
0.002500 0.023750 
0.003000 0.023750 
0.003500 0.023750 
0.004000 0.023750 
0.004500 0.023750 
0.000500 0.022500 
0.001000 0.022500 
0.001500 0.022500 
0.002000 0.022500 
0.002500 0.022500 
0.003000 0.022500 
0.003500 0.022500 
0.004000 0.022500 
0.004500 0.022500 
0.000500 0.021250 
0.001000 0.021250 
0.001500 0.021250 
0.002000 0.021250 
0.002500 0.021250 
0.003000 0.021250 
0.003500 0.021250 
0.004000 0.021250 
0.004500 0.021250 
0.000500 0.020000 
0.001000 0.020000 
0.001500 0.020000 
0.002000 0.020000 
0.002500 0.020000 
0.003000 0.020000 
0.003500 0.020000 
0.004000 0.020000 
0.004500 0.020000 
0.000500 0.018750 
0.001000 0.018750 
0.001500 0.018750 
0.002000 0.018750 
0.002500 0.018750 
0.003000 0.018750 
0.003500 0.018750 
0.004000 0.018750 
0.004500 0.018750 
0.000500 0.017500 
0.001000 0.017500 
0.001500 0.017500 
0.002000 0.017500 
0.002500 0.017500 
0.003000 0.017500 
0.003500 0.017500 
0.004000 0.017500 
0.004500 0.017500 
0.000500 0.016250 
0.001000 0.016250 
0.001500 0.016250 
0.002000 0.016250 
0.002500 0.016250 
0.003000 0.016250 
0.003500 0.016250 
0.004000 0.016250 
0.004500 0.016250 
0.000500 0.015000 
0.001000 0.015000 
0.001500 0.015000 
0.002000 0.015000 
0.002500 0.015000 
0.003000 0.015000 
0.003500 0.015000 
0.004000 0.015000 
0.004500 0.015000 
0.000500 0.013750 
0.001000 0.013750 
0.001500 0.013750 
0.002000 0.013750 
0.002500 0.013750 
0.003000 0.013750 
0.003500 0.013750 
0.004000 0.013750 
0.004500 0.013750 
0.000500 0.012500 
0.001000 0.012500 
0.001500 0.012500 
0.002000 0.012500 
0.002500 0.012500 
0.003000 0.012500 
0.003500 0.012500 
0.004000 0.012500 
0.004500 0.012500 
0.000500 0.011250 
0.001000 0.011250 
0.001500 0.011250 
0.002000 0.011250 
0.002500 0.011250 
0.003000 0.011250 
0.003500 0.011250 
0.004000 0.011250 
0.004500 0.011250 
0.000500 0.010000 
0.001000 0.010000 
0.001500 0.010000 
0.002000 0.010000 
0.002500 0.010000 
0.003000 0.010000 
0.003500 0.010000 
0.004000 0.010000 
0.004500 0.010000 
0.000500 0.008750 
0.001000 0.008750 
0.001500 0.008750 
0.002000 0.008750 
0.002500 0.008750 
0.003000 0.008750 
0.003500 0.008750 
0.004000 0.008750 
0.004500 0.008750 
0.000500 0.007500 
0.001000 0.007500 
0.001500 0.007500 
0.002000 0.007500 
0.002500 0.007500 
0.003000 0.007500 
0.003500 0.007500 
0.004000 0.007500 
0.004500 0.007500 
0.000500 0.006250 
0.001000 0.006250 
0.001500 0.006250 
0.002000 0.006250 
0.002500 0.006250 
0.003000 0.006250 
0.003500 0.006250 
0.004000 0.006250 
0.004500 0.006250 
0.000500 0.005000 
0.001000 0.005000 
0.001500 0.005000 
0.002000 0.005000 
0.002500 0.005000 
0.003000 0.005000 
0.003500 0.005000 
0.004000 0.005000 
0.004500 0.005000 
0.000500 0.003750 
0.001000 0.003750 
0.001500 0.003750 
0.002000 0.003750 
0.002500 0.003750 
0.003000 0.003750 
0.003500 0.003750 
0.004000 0.003750 
0.004500 0.003750 
0.000500 0.002500 
0.001000 0.002500 
0.001500 0.002500 
0.002000 0.002500 
0.002500 0.002500 
0.003000 0.002500 
0.003500 0.002500 
0.004000 0.002500 
0.004500 0.002500 
0.000500 0.001250 
0.001000 0.001250 
0.001500 0.001250 
0.002000 0.001250 
0.002500 0.001250 
0.003000 0.001250 
0.003500 0.001250 
0.004000 0.001250 
0.004500 0.001250 
*ELEMENT
num-elem: 800
num-elem-node: 4
elem-conn:
83 84 181 180
180 181 182 179
179 182 183 178
178 183 184 177
177 184 185 176
176 185 186 175
175 186 187 174
174 187 188 173
173 188 189 172
172 189 81 1
84 85 190 181
181 190 191 182
182 191 192 183
183 192 193 184
184 193 194 185
185 194 195 186
186 195 196 187
187 196 197 188
188 197 198 189
189 198 80 81
85 86 199 190
190 199 200 191
191 200 201 192
192 201 202 193
193 202 203 194
194 203 204 195
195 204 205 196
196 205 206 197
197 206 207 198
198 207 79 80
86 87 208 199
199 208 209 200
200 209 210 201
201 210 211 202
202 211 212 203
203 212 213 204
204 213 214 205
205 214 215 206
206 215 216 207
207 216 78 79
87 88 217 208
208 217 218 209
209 218 219 210
210 219 220 211
211 220 221 212
212 221 222 213
213 222 223 214
214 223 224 215
215 224 225 216
216 225 77 78
88 89 226 217
217 226 227 218
218 227 228 219
219 228 229 220
220 229 230 221
221 230 231 222
222 231 232 223
223 232 233 224
224 233 234 225
225 234 76 77
89 90 235 226
226 235 236 227
227 236 237 228
228 237 238 229
229 238 239 230
230 239 240 231
231 240 241 232
232 241 242 233
233 242 243 234
234 243 75 76
90 91 244 235
235 244 245 236
236 245 246 237
237 246 247 238
238 247 248 239
239 248 249 240
240 249 250 241
241 250 251 242
242 251 252 243
243 252 74 75
91 92 253 244
244 253 254 245
245 254 255 246
246 255 256 247
247 256 257 248
248 257 258 249
249 258 259 250
250 259 260 251
251 260 261 252
252 261 73 74
92 93 262 253
253 262 263 254
254 263 264 255
255 264 265 256
256 265 266 257
257 266 267 258
258 267 268 259
259 268 269 260
260 269 270 261
261 270 72 73
93 94 271 262
262 271 272 263
263 272 273 264
264 273 274 265
265 274 275 266
266 275 276 267
267 276 277 268
268 277 278 269
269 278 279 270
270 279 71 72
94 95 280 271
271 280 281 272
272 281 282 273
273 282 283 274
274 283 284 275
275 284 285 276
276 285 286 277
277 286 287 278
278 287 288 279
279 288 70 71
95 96 289 280
280 289 290 281
281 290 291 282
282 291 292 283
283 292 293 284
284 293 294 285
285 294 295 286
286 295 296 287
287 296 297 288
288 297 69 70
96 97 298 289
289 298 299 290
290 299 300 291
291 300 301 292
292 301 302 293
293 302 303 294
294 303 304 295
295 304 305 296
296 305 306 297
297 306 68 69
97 98 307 298
298 307 308 299
299 308 309 300
300 309 310 301
301 310 311 302
302 311 312 303
303 312 313 304
304 313 314 305
305 314 315 306
306 315 67 68
98 99 316 307
307 316 317 308
308 317 318 309
309 318 319 310
310 319 320 311
311 320 321 312
312 321 322 313
313 322 323 314
314 323 324 315
315 324 66 67
99 100 325 316
316 325 326 317
317 326 327 318
318 327 328 319
319 328 329 320
320 329 330 321
321 330 331 322
322 331 332 323
323 332 333 324
324 333 65 66
100 101 334 325
325 334 335 326
326 335 336 327
327 336 337 328
328 337 338 329
329 338 339 330
330 339 340 331
331 340 341 332
332 341 342 333
333 342 64 65
101 102 343 334
334 343 344 335
335 344 345 336
336 345 346 337
337 346 347 338
338 347 348 339
339 348 349 340
340 349 350 341
341 350 351 342
342 351 63 64
102 103 352 343
343 352 353 344
344 353 354 345
345 354 355 346
346 355 356 347
347 356 357 348
348 357 358 349
349 358 359 350
350 359 360 351
351 360 62 63
103 104 361 352
352 361 362 353
353 362 363 354
354 363 364 355
355 364 365 356
356 365 366 357
357 366 367 358
358 367 368 359
359 368 369 360
360 369 61 62
104 105 370 361
361 370 371 362
362 371 372 363
363 372 373 364
364 373 374 365
365 374 375 366
366 375 376 367
367 376 377 368
368 377 378 369
369 378 60 61
105 106 379 370
370 379 380 371
371 380 381 372
372 381 382 373
373 382 383 374
374 383 384 375
375 384 385 376
376 385 386 377
377 386 387 378
378 387 59 60
106 107 388 379
379 388 389 380
380 389 390 381
381 390 391 382
382 391 392 383
383 392 393 384
384 393 394 385
385 394 395 386
386 395 396 387
387 396 58 59
107 108 397 388
388 397 398 389
389 398 399 390
390 399 400 391
391 400 401 392
392 401 402 393
393 402 403 394
394 403 404 395
395 404 405 396
396 405 57 58
108 109 406 397
397 406 407 398
398 407 408 399
399 408 409 400
400 409 410 401
401 410 411 402
402 411 412 403
403 412 413 404
404 413 414 405
405 414 56 57
109 110 415 406
406 415 416 407
407 416 417 408
408 417 418 409
409 418 419 410
410 419 420 411
411 420 421 412
412 421 422 413
413 422 423 414
414 423 55 56
110 111 424 415
415 424 425 416
416 425 426 417
417 426 427 418
418 427 428 419
419 428 429 420
420 429 430 421
421 430 431 422
422 431 432 423
423 432 54 55
111 112 433 424
424 433 434 425
425 434 435 426
426 435 436 427
427 436 437 428
428 437 438 429
429 438 439 430
430 439 440 431
431 440 441 432
432 441 53 54
112 113 442 433
433 442 443 434
434 443 444 435
435 444 445 436
436 445 446 437
437 446 447 438
438 447 448 439
439 448 449 440
440 449 450 441
441 450 52 53
113 114 451 442
442 451 452 443
443 452 453 444
444 453 454 445
445 454 455 446
446 455 456 447
447 456 457 448
448 457 458 449
449 458 459 450
450 459 51 52
114 115 460 451
451 460 461 452
452 461 462 453
453 462 463 454
454 463 464 455
455 464 465 456
456 465 466 457
457 466 467 458
458 467 468 459
459 468 50 51
115 116 469 460
460 469 470 461
461 470 471 462
462 471 472 463
463 472 473 464
464 473 474 465
465 474 475 466
466 475 476 467
467 476 477 468
468 477 49 50
116 117 478 469
469 478 479 470
470 479 480 471
471 480 481 472
472 481 482 473
473 482 483 474
474 483 484 475
475 484 485 476
476 485 486 477
477 486 48 49
117 118 487 478
478 487 488 479
479 488 489 480
480 489 490 481
481 490 491 482
482 491 492 483
483 492 493 484
484 493 494 485
485 494 495 486
486 495 47 48
118 119 496 487
487 496 497 488
488 497 498 489
489 498 499 490
490 499 500 491
491 500 501 492
492 501 502 493
493 502 503 494
494 503 504 495
495 504 46 47
119 120 505 496
496 505 506 497
497 506 507 498
498 507 508 499
499 508 509 500
500 509 510 501
501 510 511 502
502 511 512 503
503 512 513 504
504 513 45 46
120 121 514 505
505 514 515 506
506 515 516 507
507 516 517 508
508 517 518 509
509 518 519 510
510 519 520 511
511 520 521 512
512 521 522 513
513 522 44 45
121 122 523 514
514 523 524 515
515 524 525 516
516 525 526 517
517 526 527 518
518 527 528 519
519 528 529 520
520 529 530 521
521 530 531 522
522 531 43 44
122 123 532 523
523 532 533 524
524 533 534 525
525 534 535 526
526 535 536 527
527 536 537 528
528 537 538 529
529 538 539 530
530 539 540 531
531 540 42 43
123 124 541 532
532 541 542 533
533 542 543 534
534 543 544 535
535 544 545 536
536 545 546 537
537 546 547 538
538 547 548 539
539 548 549 540
540 549 41 42
124 125 550 541
541 550 551 542
542 551 552 543
543 552 553 544
544 553 554 545
545 554 555 546
546 555 556 547
547 556 557 548
548 557 558 549
549 558 40 41
125 126 559 550
550 559 560 551
551 560 561 552
552 561 562 553
553 562 563 554
554 563 564 555
555 564 565 556
556 565 566 557
557 566 567 558
558 567 39 40
126 127 568 559
559 568 569 560
560 569 570 561
561 570 571 562
562 571 572 563
563 572 573 564
564 573 574 565
565 574 575 566
566 575 576 567
567 576 38 39
127 128 577 568
568 577 578 569
569 578 579 570
570 579 580 571
571 580 581 572
572 581 582 573
573 582 583 574
574 583 584 575
575 584 585 576
576 585 37 38
128 129 586 577
577 586 587 578
578 587 588 579
579 588 589 580
580 589 590 581
581 590 591 582
582 591 592 583
583 592 593 584
584 593 594 585
585 594 36 37
129 130 595 586
586 595 596 587
587 596 597 588
588 597 598 589
589 598 599 590
590 599 600 591
591 600 601 592
592 601 602 593
593 602 603 594
594 603 35 36
130 131 604 595
595 604 605 596
596 605 606 597
597 606 607 598
598 607 608 599
599 608 609 600
600 609 610 601
601 610 611 602
602 611 612 603
603 612 34 35
131 132 613 604
604 613 614 605
605 614 615 606
606 615 616 607
607 616 617 608
608 617 618 609
609 618 619 610
610 619 620 611
611 620 621 612
612 621 33 34
132 133 622 613
613 622 623 614
614 623 624 615
615 624 625 616
616 625 626 617
617 626 627 618
618 627 628 619
619 628 629 620
620 629 630 621
621 630 32 33
133 134 631 622
622 631 632 623
623 632 633 624
624 633 634 625
625 634 635 626
626 635 636 627
627 636 637 628
628 637 638 629
629 638 639 630
630 639 31 32
134 135 640 631
631 640 641 632
632 641 642 633
633 642 643 634
634 643 644 635
635 644 645 636
636 645 646 637
637 646 647 638
638 647 648 639
639 648 30 31
135 136 649 640
640 649 650 641
641 650 651 642
642 651 652 643
643 652 653 644
644 653 654 645
645 654 655 646
646 655 656 647
647 656 657 648
648 657 29 30
136 137 658 649
649 658 659 650
650 659 660 651
651 660 661 652
652 661 662 653
653 662 663 654
654 663 664 655
655 664 665 656
656 665 666 657
657 666 28 29
137 138 667 658
658 667 668 659
659 668 669 660
660 669 670 661
661 670 671 662
662 671 672 663
663 672 673 664
664 673 674 665
665 674 675 666
666 675 27 28
138 139 676 667
667 676 677 668
668 677 678 669
669 678 679 670
670 679 680 671
671 680 681 672
672 681 682 673
673 682 683 674
674 683 684 675
675 684 26 27
139 140 685 676
676 685 686 677
677 686 687 678
678 687 688 679
679 688 689 680
680 689 690 681
681 690 691 682
682 691 692 683
683 692 693 684
684 693 25 26
140 141 694 685
685 694 695 686
686 695 696 687
687 696 697 688
688 697 698 689
689 698 699 690
690 699 700 691
691 700 701 692
692 701 702 693
693 702 24 25
141 142 703 694
694 703 704 695
695 704 705 696
696 705 706 697
697 706 707 698
698 707 708 699
699 708 709 700
700 709 710 701
701 710 711 702
702 711 23 24
142 143 712 703
703 712 713 704
704 713 714 705
705 714 715 706
706 715 716 707
707 716 717 708
708 717 718 709
709 718 719 710
710 719 720 711
711 720 22 23
143 144 721 712
712 721 722 713
713 722 723 714
714 723 724 715
715 724 725 716
716 725 726 717
717 726 727 718
718 727 728 719
719 728 729 720
720 729 21 22
144 145 730 721
721 730 731 722
722 731 732 723
723 732 733 724
724 733 734 725
725 734 735 726
726 735 736 727
727 736 737 728
728 737 738 729
729 738 20 21
145 146 739 730
730 739 740 731
731 740 741 732
732 741 742 733
733 742 743 734
734 743 744 735
735 744 745 736
736 745 746 737
737 746 747 738
738 747 19 20
146 147 748 739
739 748 749 740
740 749 750 741
741 750 751 742
742 751 752 743
743 752 753 744
744 753 754 745
745 754 755 746
746 755 756 747
747 756 18 19
147 148 757 748
748 757 758 749
749 758 759 750
750 759 760 751
751 760 761 752
752 761 762 753
753 762 763 754
754 763 764 755
755 764 765 756
756 765 17 18
148 149 766 757
757 766 767 758
758 767 768 759
759 768 769 760
760 769 770 761
761 770 771 762
762 771 772 763
763 772 773 764
764 773 774 765
765 774 16 17
149 150 775 766
766 775 776 767
767 776 777 768
768 777 778 769
769 778 779 770
770 779 780 771
771 780 781 772
772 781 782 773
773 782 783 774
774 783 15 16
150 151 784 775
775 784 785 776
776 785 786 777
777 786 787 778
778 787 788 779
779 788 789 780
780 789 790 781
781 790 791 782
782 791 792 783
783 792 14 15
151 152 793 784
784 793 794 785
785 794 795 786
786 795 796 787
787 796 797 788
788 797 798 789
789 798 799 790
790 799 800 791
791 800 801 792
792 801 13 14
152 153 802 793
793 802 803 794
794 803 804 795
795 804 805 796
796 805 806 797
797 806 807 798
798 807 808 799
799 808 809 800
800 809 810 801
801 810 12 13
153 154 811 802
802 811 812 803
803 812 813 804
804 813 814 805
805 814 815 806
806 815 816 807
807 816 817 808
808 817 818 809
809 818 819 810
810 819 11 12
154 155 820 811
811 820 821 812
812 821 822 813
813 822 823 814
814 823 824 815
815 824 825 816
816 825 826 817
817 826 827 818
818 827 828 819
819 828 10 11
155 156 829 820
820 829 830 821
821 830 831 822
822 831 832 823
823 832 833 824
824 833 834 825
825 834 835 826
826 835 836 827
827 836 837 828
828 837 9 10
156 157 838 829
829 838 839 830
830 839 840 831
831 840 841 832
832 841 842 833
833 842 843 834
834 843 844 835
835 844 845 836
836 845 846 837
837 846 8 9
157 158 847 838
838 847 848 839
839 848 849 840
840 849 850 841
841 850 851 842
842 851 852 843
843 852 853 844
844 853 854 845
845 854 855 846
846 855 7 8
158 159 856 847
847 856 857 848
848 857 858 849
849 858 859 850
850 859 860 851
851 860 861 852
852 861 862 853
853 862 863 854
854 863 864 855
855 864 6 7
159 160 865 856
856 865 866 857
857 866 867 858
858 867 868 859
859 868 869 860
860 869 870 861
861 870 871 862
862 871 872 863
863 872 873 864
864 873 5 6
160 161 874 865
865 874 875 866
866 875 876 867
867 876 877 868
868 877 878 869
869 878 879 870
870 879 880 871
871 880 881 872
872 881 882 873
873 882 4 5
161 162 883 874
874 883 884 875
875 884 885 876
876 885 886 877
877 886 887 878
878 887 888 879
879 888 889 880
880 889 890 881
881 890 891 882
882 891 3 4
162 82 163 883
883 163 164 884
884 164 165 885
885 165 166 886
886 166 167 887
887 167 168 888
888 168 169 889
889 169 170 890
890 170 171 891
891 171 2 3
*BOUNDARY
num-prescribed-disp: 33
node#-dof#-disp:
1 1 0.0
1 2 0.0
83 1 0.0
83 2 0.0
172 1 0.0
172 2 0.0
173 1 0.0
173 2 0.0
174 1 0.0
174 2 0.0
175 1 0.0
175 2 0.0
176 1 0.0
176 2 0.0
177 1 0.0
177 2 0.0
178 1 0.0
178 2 0.0
179 1 0.0
179 2 0.0
180 1 0.0
180 2 0.0
2 2 -0.0005
82 2 -0.0005
163 2 -0.0005
164 2 -0.0005
165 2 -0.0005
166 2 -0.0005
167 2 -0.0005
168 2 -0.0005
169 2 -0.0005
170 2 -0.0005
171 2 -0.0005
num-prescribed-load: 0
elem#-face#-trac:
791 2 0 -25000000
792 2 0 -25000000
793 2 0 -25000000
794 2 0 -25000000
795 2 0 -25000000
796 2 0 -25000000
797 2 0 -25000000
798 2 0 -25000000
799 2 0 -25000000
800 2 0 -25000000