*PARAMETER
num-dim: 3
*MATPROP
b-plane-strain: 0
young's-modulus: 30000000.0
poisson's-ratio: 0.3
*NODE
num-node: 363
nodal-coord:
 -10.000000 -10.000000 0.000000
 10.000000 -10.000000 0.000000
 10.000000 10.000000 0.000000
 -10.000000 10.000000 0.000000
 -8.000000 -10.000000 0.000000
 -6.000000 -10.000000 0.000000
 -4.000000 -10.000000 0.000000
 -2.000000 -10.000000 0.000000
 -0.000000 -10.000000 0.000000
 2.000000 -10.000000 0.000000
 4.000000 -10.000000 0.000000
 6.000000 -10.000000 0.000000
 8.000000 -10.000000 0.000000
 10.000000 -8.000000 0.000000
 10.000000 -6.000000 0.000000
 10.000000 -4.000000 0.000000
 10.000000 -2.000000 0.000000
 10.000000 -0.000000 0.000000
 10.000000 2.000000 0.000000
 10.000000 4.000000 0.000000
 10.000000 6.000000 0.000000
 10.000000 8.000000 0.000000
 8.000000 10.000000 0.000000
 6.000000 10.000000 0.000000
 4.000000 10.000000 0.000000
 2.000000 10.000000 0.000000
 0.000000 10.000000 0.000000
 -2.000000 10.000000 0.000000
 -4.000000 10.000000 0.000000
 -6.000000 10.000000 0.000000
 -8.000000 10.000000 0.000000
 -10.000000 8.000000 0.000000
 -10.000000 6.000000 0.000000
 -10.000000 4.000000 0.000000
 -10.000000 2.000000 0.000000
 -10.000000 0.000000 0.000000
 -10.000000 -2.000000 0.000000
 -10.000000 -4.000000 0.000000
 -10.000000 -6.000000 0.000000
 -10.000000 -8.000000 0.000000
 -8.000000 -8.000000 0.000000
 -8.000000 -6.000000 0.000000
 -8.000000 -4.000000 0.000000
 -8.000000 -2.000000 0.000000
 -8.000000 0.000000 0.000000
 -8.000000 2.000000 0.000000
 -8.000000 4.000000 0.000000
 -8.000000 6.000000 0.000000
 -8.000000 8.000000 0.000000
 -6.000000 -8.000000 0.000000
 -6.000000 -6.000000 0.000000
 -6.000000 -4.000000 0.000000
 -6.000000 -2.000000 0.000000
 -6.000000 0.000000 0.000000
 -6.000000 2.000000 0.000000
 -6.000000 4.000000 0.000000
 -6.000000 6.000000 0.000000
 -6.000000 8.000000 0.000000
 -4.000000 -8.000000 0.000000
 -4.000000 -6.000000 0.000000
 -4.000000 -4.000000 0.000000
 -4.000000 -2.000000 0.000000
 -4.000000 0.000000 0.000000
 -4.000000 2.000000 0.000000
 -4.000000 4.000000 0.000000
 -4.000000 6.000000 0.000000
 -4.000000 8.000000 0.000000
 -2.000000 -8.000000 0.000000
 -2.000000 -6.000000 0.000000
 -2.000000 -4.000000 0.000000
 -2.000000 -2.000000 0.000000
 -2.000000 0.000000 0.000000
 -2.000000 2.000000 0.000000
 -2.000000 4.000000 0.000000
 -2.000000 6.000000 0.000000
 -2.000000 8.000000 0.000000
 -0.000000 -8.000000 0.000000
 -0.000000 -6.000000 0.000000
 -0.000000 -4.000000 0.000000
 -0.000000 -2.000000 0.000000
 0.000000 0.000000 0.000000
 0.000000 2.000000 0.000000
 0.000000 4.000000 0.000000
 0.000000 6.000000 0.000000
 0.000000 8.000000 0.000000
 2.000000 -8.000000 0.000000
 2.000000 -6.000000 0.000000
 2.000000 -4.000000 0.000000
 2.000000 -2.000000 0.000000
 2.000000 -0.000000 0.000000
 2.000000 2.000000 0.000000
 2.000000 4.000000 0.000000
 2.000000 6.000000 0.000000
 2.000000 8.000000 0.000000
 4.000000 -8.000000 0.000000
 4.000000 -6.000000 0.000000
 4.000000 -4.000000 0.000000
 4.000000 -2.000000 0.000000
 4.000000 -0.000000 0.000000
 4.000000 2.000000 0.000000
 4.000000 4.000000 0.000000
 4.000000 6.000000 0.000000
 4.000000 8.000000 0.000000
 6.000000 -8.000000 0.000000
 6.000000 -6.000000 0.000000
 6.000000 -4.000000 0.000000
 6.000000 -2.000000 0.000000
 6.000000 -0.000000 0.000000
 6.000000 2.000000 0.000000
 6.000000 4.000000 0.000000
 6.000000 6.000000 0.000000
 6.000000 8.000000 0.000000
 8.000000 -8.000000 0.000000
 8.000000 -6.000000 0.000000
 8.000000 -4.000000 0.000000
 8.000000 -2.000000 0.000000
 8.000000 -0.000000 0.000000
 8.000000 2.000000 0.000000
 8.000000 4.000000 0.000000
 8.000000 6.000000 0.000000
 8.000000 8.000000 0.000000
 -10.000000 -10.000000 0.100000
 10.000000 -10.000000 0.100000
 10.000000 10.000000 0.100000
 -10.000000 10.000000 0.100000
 -8.000000 -10.000000 0.100000
 -6.000000 -10.000000 0.100000
 -4.000000 -10.000000 0.100000
 -2.000000 -10.000000 0.100000
 -0.000000 -10.000000 0.100000
 2.000000 -10.000000 0.100000
 4.000000 -10.000000 0.100000
 6.000000 -10.000000 0.100000
 8.000000 -10.000000 0.100000
 10.000000 -8.000000 0.100000
 10.000000 -6.000000 0.100000
 10.000000 -4.000000 0.100000
 10.000000 -2.000000 0.100000
 10.000000 -0.000000 0.100000
 10.000000 2.000000 0.100000
 10.000000 4.000000 0.100000
 10.000000 6.000000 0.100000
 10.000000 8.000000 0.100000
 8.000000 10.000000 0.100000
 6.000000 10.000000 0.100000
 4.000000 10.000000 0.100000
 2.000000 10.000000 0.100000
 0.000000 10.000000 0.100000
 -2.000000 10.000000 0.100000
 -4.000000 10.000000 0.100000
 -6.000000 10.000000 0.100000
 -8.000000 10.000000 0.100000
 -10.000000 8.000000 0.100000
 -10.000000 6.000000 0.100000
 -10.000000 4.000000 0.100000
 -10.000000 2.000000 0.100000
 -10.000000 0.000000 0.100000
 -10.000000 -2.000000 0.100000
 -10.000000 -4.000000 0.100000
 -10.000000 -6.000000 0.100000
 -10.000000 -8.000000 0.100000
 -8.000000 -8.000000 0.100000
 -8.000000 -6.000000 0.100000
 -8.000000 -4.000000 0.100000
 -8.000000 -2.000000 0.100000
 -8.000000 0.000000 0.100000
 -8.000000 2.000000 0.100000
 -8.000000 4.000000 0.100000
 -8.000000 6.000000 0.100000
 -8.000000 8.000000 0.100000
 -6.000000 -8.000000 0.100000
 -6.000000 -6.000000 0.100000
 -6.000000 -4.000000 0.100000
 -6.000000 -2.000000 0.100000
 -6.000000 0.000000 0.100000
 -6.000000 2.000000 0.100000
 -6.000000 4.000000 0.100000
 -6.000000 6.000000 0.100000
 -6.000000 8.000000 0.100000
 -4.000000 -8.000000 0.100000
 -4.000000 -6.000000 0.100000
 -4.000000 -4.000000 0.100000
 -4.000000 -2.000000 0.100000
 -4.000000 0.000000 0.100000
 -4.000000 2.000000 0.100000
 -4.000000 4.000000 0.100000
 -4.000000 6.000000 0.100000
 -4.000000 8.000000 0.100000
 -2.000000 -8.000000 0.100000
 -2.000000 -6.000000 0.100000
 -2.000000 -4.000000 0.100000
 -2.000000 -2.000000 0.100000
 -2.000000 0.000000 0.100000
 -2.000000 2.000000 0.100000
 -2.000000 4.000000 0.100000
 -2.000000 6.000000 0.100000
 -2.000000 8.000000 0.100000
 -0.000000 -8.000000 0.100000
 -0.000000 -6.000000 0.100000
 -0.000000 -4.000000 0.100000
 -0.000000 -2.000000 0.100000
 0.000000 0.000000 0.100000
 0.000000 2.000000 0.100000
 0.000000 4.000000 0.100000
 0.000000 6.000000 0.100000
 0.000000 8.000000 0.100000
 2.000000 -8.000000 0.100000
 2.000000 -6.000000 0.100000
 2.000000 -4.000000 0.100000
 2.000000 -2.000000 0.100000
 2.000000 -0.000000 0.100000
 2.000000 2.000000 0.100000
 2.000000 4.000000 0.100000
 2.000000 6.000000 0.100000
 2.000000 8.000000 0.100000
 4.000000 -8.000000 0.100000
 4.000000 -6.000000 0.100000
 4.000000 -4.000000 0.100000
 4.000000 -2.000000 0.100000
 4.000000 -0.000000 0.100000
 4.000000 2.000000 0.100000
 4.000000 4.000000 0.100000
 4.000000 6.000000 0.100000
 4.000000 8.000000 0.100000
 6.000000 -8.000000 0.100000
 6.000000 -6.000000 0.100000
 6.000000 -4.000000 0.100000
 6.000000 -2.000000 0.100000
 6.000000 -0.000000 0.100000
 6.000000 2.000000 0.100000
 6.000000 4.000000 0.100000
 6.000000 6.000000 0.100000
 6.000000 8.000000 0.100000
 8.000000 -8.000000 0.100000
 8.000000 -6.000000 0.100000
 8.000000 -4.000000 0.100000
 8.000000 -2.000000 0.100000
 8.000000 -0.000000 0.100000
 8.000000 2.000000 0.100000
 8.000000 4.000000 0.100000
 8.000000 6.000000 0.100000
 8.000000 8.000000 0.100000
 -10.000000 -10.000000 0.050000
 10.000000 -10.000000 0.050000
 -8.000000 -10.000000 0.050000
 -6.000000 -10.000000 0.050000
 -4.000000 -10.000000 0.050000
 -2.000000 -10.000000 0.050000
 -0.000000 -10.000000 0.050000
 2.000000 -10.000000 0.050000
 4.000000 -10.000000 0.050000
 6.000000 -10.000000 0.050000
 8.000000 -10.000000 0.050000
 10.000000 10.000000 0.050000
 10.000000 -8.000000 0.050000
 10.000000 -6.000000 0.050000
 10.000000 -4.000000 0.050000
 10.000000 -2.000000 0.050000
 10.000000 -0.000000 0.050000
 10.000000 2.000000 0.050000
 10.000000 4.000000 0.050000
 10.000000 6.000000 0.050000
 10.000000 8.000000 0.050000
 -10.000000 10.000000 0.050000
 8.000000 10.000000 0.050000
 6.000000 10.000000 0.050000
 4.000000 10.000000 0.050000
 2.000000 10.000000 0.050000
 0.000000 10.000000 0.050000
 -2.000000 10.000000 0.050000
 -4.000000 10.000000 0.050000
 -6.000000 10.000000 0.050000
 -8.000000 10.000000 0.050000
 -10.000000 8.000000 0.050000
 -10.000000 6.000000 0.050000
 -10.000000 4.000000 0.050000
 -10.000000 2.000000 0.050000
 -10.000000 0.000000 0.050000
 -10.000000 -2.000000 0.050000
 -10.000000 -4.000000 0.050000
 -10.000000 -6.000000 0.050000
 -10.000000 -8.000000 0.050000
 -8.000000 -8.000000 0.050000
 -8.000000 -6.000000 0.050000
 -8.000000 -4.000000 0.050000
 -8.000000 -2.000000 0.050000
 -8.000000 0.000000 0.050000
 -8.000000 2.000000 0.050000
 -8.000000 4.000000 0.050000
 -8.000000 6.000000 0.050000
 -8.000000 8.000000 0.050000
 -6.000000 -8.000000 0.050000
 -6.000000 -6.000000 0.050000
 -6.000000 -4.000000 0.050000
 -6.000000 -2.000000 0.050000
 -6.000000 0.000000 0.050000
 -6.000000 2.000000 0.050000
 -6.000000 4.000000 0.050000
 -6.000000 6.000000 0.050000
 -6.000000 8.000000 0.050000
 -4.000000 -8.000000 0.050000
 -4.000000 -6.000000 0.050000
 -4.000000 -4.000000 0.050000
 -4.000000 -2.000000 0.050000
 -4.000000 0.000000 0.050000
 -4.000000 2.000000 0.050000
 -4.000000 4.000000 0.050000
 -4.000000 6.000000 0.050000
 -4.000000 8.000000 0.050000
 -2.000000 -8.000000 0.050000
 -2.000000 -6.000000 0.050000
 -2.000000 -4.000000 0.050000
 -2.000000 -2.000000 0.050000
 -2.000000 0.000000 0.050000
 -2.000000 2.000000 0.050000
 -2.000000 4.000000 0.050000
 -2.000000 6.000000 0.050000
 -2.000000 8.000000 0.050000
 -0.000000 -8.000000 0.050000
 -0.000000 -6.000000 0.050000
 -0.000000 -4.000000 0.050000
 -0.000000 -2.000000 0.050000
 0.000000 0.000000 0.050000
 0.000000 2.000000 0.050000
 0.000000 4.000000 0.050000
 0.000000 6.000000 0.050000
 0.000000 8.000000 0.050000
 2.000000 -8.000000 0.050000
 2.000000 -6.000000 0.050000
 2.000000 -4.000000 0.050000
 2.000000 -2.000000 0.050000
 2.000000 -0.000000 0.050000
 2.000000 2.000000 0.050000
 2.000000 4.000000 0.050000
 2.000000 6.000000 0.050000
 2.000000 8.000000 0.050000
 4.000000 -8.000000 0.050000
 4.000000 -6.000000 0.050000
 4.000000 -4.000000 0.050000
 4.000000 -2.000000 0.050000
 4.000000 -0.000000 0.050000
 4.000000 2.000000 0.050000
 4.000000 4.000000 0.050000
 4.000000 6.000000 0.050000
 4.000000 8.000000 0.050000
 6.000000 -8.000000 0.050000
 6.000000 -6.000000 0.050000
 6.000000 -4.000000 0.050000
 6.000000 -2.000000 0.050000
 6.000000 -0.000000 0.050000
 6.000000 2.000000 0.050000
 6.000000 4.000000 0.050000
 6.000000 6.000000 0.050000
 6.000000 8.000000 0.050000
 8.000000 -8.000000 0.050000
 8.000000 -6.000000 0.050000
 8.000000 -4.000000 0.050000
 8.000000 -2.000000 0.050000
 8.000000 -0.000000 0.050000
 8.000000 2.000000 0.050000
 8.000000 4.000000 0.050000
 8.000000 6.000000 0.050000
 8.000000 8.000000 0.050000
*ELEMENT
num-elem: 200
num-elem-node: 8
elem-conn:
1 5 41 40 243 245 283 282
243 245 283 282 122 126 162 161
40 41 42 39 282 283 284 281
282 283 284 281 161 162 163 160
39 42 43 38 281 284 285 280
281 284 285 280 160 163 164 159
38 43 44 37 280 285 286 279
280 285 286 279 159 164 165 158
37 44 45 36 279 286 287 278
279 286 287 278 158 165 166 157
36 45 46 35 278 287 288 277
278 287 288 277 157 166 167 156
35 46 47 34 277 288 289 276
277 288 289 276 156 167 168 155
34 47 48 33 276 289 290 275
276 289 290 275 155 168 169 154
33 48 49 32 275 290 291 274
275 290 291 274 154 169 170 153
32 49 31 4 274 291 273 264
274 291 273 264 153 170 152 125
5 6 50 41 245 246 292 283
245 246 292 283 126 127 171 162
41 50 51 42 283 292 293 284
283 292 293 284 162 171 172 163
42 51 52 43 284 293 294 285
284 293 294 285 163 172 173 164
43 52 53 44 285 294 295 286
285 294 295 286 164 173 174 165
44 53 54 45 286 295 296 287
286 295 296 287 165 174 175 166
45 54 55 46 287 296 297 288
287 296 297 288 166 175 176 167
46 55 56 47 288 297 298 289
288 297 298 289 167 176 177 168
47 56 57 48 289 298 299 290
289 298 299 290 168 177 178 169
48 57 58 49 290 299 300 291
290 299 300 291 169 178 179 170
49 58 30 31 291 300 272 273
291 300 272 273 170 179 151 152
6 7 59 50 246 247 301 292
246 247 301 292 127 128 180 171
50 59 60 51 292 301 302 293
292 301 302 293 171 180 181 172
51 60 61 52 293 302 303 294
293 302 303 294 172 181 182 173
52 61 62 53 294 303 304 295
294 303 304 295 173 182 183 174
53 62 63 54 295 304 305 296
295 304 305 296 174 183 184 175
54 63 64 55 296 305 306 297
296 305 306 297 175 184 185 176
55 64 65 56 297 306 307 298
297 306 307 298 176 185 186 177
56 65 66 57 298 307 308 299
298 307 308 299 177 186 187 178
57 66 67 58 299 308 309 300
299 308 309 300 178 187 188 179
58 67 29 30 300 309 271 272
300 309 271 272 179 188 150 151
7 8 68 59 247 248 310 301
247 248 310 301 128 129 189 180
59 68 69 60 301 310 311 302
301 310 311 302 180 189 190 181
60 69 70 61 302 311 312 303
302 311 312 303 181 190 191 182
61 70 71 62 303 312 313 304
303 312 313 304 182 191 192 183
62 71 72 63 304 313 314 305
304 313 314 305 183 192 193 184
63 72 73 64 305 314 315 306
305 314 315 306 184 193 194 185
64 73 74 65 306 315 316 307
306 315 316 307 185 194 195 186
65 74 75 66 307 316 317 308
307 316 317 308 186 195 196 187
66 75 76 67 308 317 318 309
308 317 318 309 187 196 197 188
67 76 28 29 309 318 270 271
309 318 270 271 188 197 149 150
8 9 77 68 248 249 319 310
248 249 319 310 129 130 198 189
68 77 78 69 310 319 320 311
310 319 320 311 189 198 199 190
69 78 79 70 311 320 321 312
311 320 321 312 190 199 200 191
70 79 80 71 312 321 322 313
312 321 322 313 191 200 201 192
71 80 81 72 313 322 323 314
313 322 323 314 192 201 202 193
72 81 82 73 314 323 324 315
314 323 324 315 193 202 203 194
73 82 83 74 315 324 325 316
315 324 325 316 194 203 204 195
74 83 84 75 316 325 326 317
316 325 326 317 195 204 205 196
75 84 85 76 317 326 327 318
317 326 327 318 196 205 206 197
76 85 27 28 318 327 269 270
318 327 269 270 197 206 148 149
9 10 86 77 249 250 328 319
249 250 328 319 130 131 207 198
77 86 87 78 319 328 329 320
319 328 329 320 198 207 208 199
78 87 88 79 320 329 330 321
320 329 330 321 199 208 209 200
79 88 89 80 321 330 331 322
321 330 331 322 200 209 210 201
80 89 90 81 322 331 332 323
322 331 332 323 201 210 211 202
81 90 91 82 323 332 333 324
323 332 333 324 202 211 212 203
82 91 92 83 324 333 334 325
324 333 334 325 203 212 213 204
83 92 93 84 325 334 335 326
325 334 335 326 204 213 214 205
84 93 94 85 326 335 336 327
326 335 336 327 205 214 215 206
85 94 26 27 327 336 268 269
327 336 268 269 206 215 147 148
10 11 95 86 250 251 337 328
250 251 337 328 131 132 216 207
86 95 96 87 328 337 338 329
328 337 338 329 207 216 217 208
87 96 97 88 329 338 339 330
329 338 339 330 208 217 218 209
88 97 98 89 330 339 340 331
330 339 340 331 209 218 219 210
89 98 99 90 331 340 341 332
331 340 341 332 210 219 220 211
90 99 100 91 332 341 342 333
332 341 342 333 211 220 221 212
91 100 101 92 333 342 343 334
333 342 343 334 212 221 222 213
92 101 102 93 334 343 344 335
334 343 344 335 213 222 223 214
93 102 103 94 335 344 345 336
335 344 345 336 214 223 224 215
94 103 25 26 336 345 267 268
336 345 267 268 215 224 146 147
11 12 104 95 251 252 346 337
251 252 346 337 132 133 225 216
95 104 105 96 337 346 347 338
337 346 347 338 216 225 226 217
96 105 106 97 338 347 348 339
338 347 348 339 217 226 227 218
97 106 107 98 339 348 349 340
339 348 349 340 218 227 228 219
98 107 108 99 340 349 350 341
340 349 350 341 219 228 229 220
99 108 109 100 341 350 351 342
341 350 351 342 220 229 230 221
100 109 110 101 342 351 352 343
342 351 352 343 221 230 231 222
101 110 111 102 343 352 353 344
343 352 353 344 222 231 232 223
102 111 112 103 344 353 354 345
344 353 354 345 223 232 233 224
103 112 24 25 345 354 266 267
345 354 266 267 224 233 145 146
12 13 113 104 252 253 355 346
252 253 355 346 133 134 234 225
104 113 114 105 346 355 356 347
346 355 356 347 225 234 235 226
105 114 115 106 347 356 357 348
347 356 357 348 226 235 236 227
106 115 116 107 348 357 358 349
348 357 358 349 227 236 237 228
107 116 117 108 349 358 359 350
349 358 359 350 228 237 238 229
108 117 118 109 350 359 360 351
350 359 360 351 229 238 239 230
109 118 119 110 351 360 361 352
351 360 361 352 230 239 240 231
110 119 120 111 352 361 362 353
352 361 362 353 231 240 241 232
111 120 121 112 353 362 363 354
353 362 363 354 232 241 242 233
112 121 23 24 354 363 265 266
354 363 265 266 233 242 144 145
13 2 14 113 253 244 255 355
253 244 255 355 134 123 135 234
113 14 15 114 355 255 256 356
355 255 256 356 234 135 136 235
114 15 16 115 356 256 257 357
356 256 257 357 235 136 137 236
115 16 17 116 357 257 258 358
357 257 258 358 236 137 138 237
116 17 18 117 358 258 259 359
358 258 259 359 237 138 139 238
117 18 19 118 359 259 260 360
359 259 260 360 238 139 140 239
118 19 20 119 360 260 261 361
360 260 261 361 239 140 141 240
119 20 21 120 361 261 262 362
361 261 262 362 240 141 142 241
120 21 22 121 362 262 263 363
362 262 263 363 241 142 143 242
121 22 3 23 363 263 254 265
363 263 254 265 242 143 124 144
*BOUNDARY
num-prescribed-disp: 360
node#-dof#-disp:
2 1 0.0
2 2 0.0
2 3 0.0
3 1 0.0
3 2 0.0
3 3 0.0
14 1 0.0
14 2 0.0
14 3 0.0
15 1 0.0
15 2 0.0
15 3 0.0
16 1 0.0
16 2 0.0
16 3 0.0
17 1 0.0
17 2 0.0
17 3 0.0
18 1 0.0
18 2 0.0
18 3 0.0
19 1 0.0
19 2 0.0
19 3 0.0
20 1 0.0
20 2 0.0
20 3 0.0
21 1 0.0
21 2 0.0
21 3 0.0
22 1 0.0
22 2 0.0
22 3 0.0
123 1 0.0
123 2 0.0
123 3 0.0
124 1 0.0
124 2 0.0
124 3 0.0
135 1 0.0
135 2 0.0
135 3 0.0
136 1 0.0
136 2 0.0
136 3 0.0
137 1 0.0
137 2 0.0
137 3 0.0
138 1 0.0
138 2 0.0
138 3 0.0
139 1 0.0
139 2 0.0
139 3 0.0
140 1 0.0
140 2 0.0
140 3 0.0
141 1 0.0
141 2 0.0
141 3 0.0
142 1 0.0
142 2 0.0
142 3 0.0
143 1 0.0
143 2 0.0
143 3 0.0
244 1 0.0
244 2 0.0
244 3 0.0
254 1 0.0
254 2 0.0
254 3 0.0
255 1 0.0
255 2 0.0
255 3 0.0
256 1 0.0
256 2 0.0
256 3 0.0
257 1 0.0
257 2 0.0
257 3 0.0
258 1 0.0
258 2 0.0
258 3 0.0
259 1 0.0
259 2 0.0
259 3 0.0
260 1 0.0
260 2 0.0
260 3 0.0
261 1 0.0
261 2 0.0
261 3 0.0
262 1 0.0
262 2 0.0
262 3 0.0
263 1 0.0
263 2 0.0
263 3 0.0
1 1 0.0
1 2 0.0
1 3 0.0
4 1 0.0
4 2 0.0
4 3 0.0
32 1 0.0
32 2 0.0
32 3 0.0
33 1 0.0
33 2 0.0
33 3 0.0
34 1 0.0
34 2 0.0
34 3 0.0
35 1 0.0
35 2 0.0
35 3 0.0
36 1 0.0
36 2 0.0
36 3 0.0
37 1 0.0
37 2 0.0
37 3 0.0
38 1 0.0
38 2 0.0
38 3 0.0
39 1 0.0
39 2 0.0
39 3 0.0
40 1 0.0
40 2 0.0
40 3 0.0
122 1 0.0
122 2 0.0
122 3 0.0
125 1 0.0
125 2 0.0
125 3 0.0
153 1 0.0
153 2 0.0
153 3 0.0
154 1 0.0
154 2 0.0
154 3 0.0
155 1 0.0
155 2 0.0
155 3 0.0
156 1 0.0
156 2 0.0
156 3 0.0
157 1 0.0
157 2 0.0
157 3 0.0
158 1 0.0
158 2 0.0
158 3 0.0
159 1 0.0
159 2 0.0
159 3 0.0
160 1 0.0
160 2 0.0
160 3 0.0
161 1 0.0
161 2 0.0
161 3 0.0
243 1 0.0
243 2 0.0
243 3 0.0
264 1 0.0
264 2 0.0
264 3 0.0
274 1 0.0
274 2 0.0
274 3 0.0
275 1 0.0
275 2 0.0
275 3 0.0
276 1 0.0
276 2 0.0
276 3 0.0
277 1 0.0
277 2 0.0
277 3 0.0
278 1 0.0
278 2 0.0
278 3 0.0
279 1 0.0
279 2 0.0
279 3 0.0
280 1 0.0
280 2 0.0
280 3 0.0
281 1 0.0
281 2 0.0
281 3 0.0
282 1 0.0
282 2 0.0
282 3 0.0
23 1 0.0
23 2 0.0
23 3 0.0
24 1 0.0
24 2 0.0
24 3 0.0
25 1 0.0
25 2 0.0
25 3 0.0
26 1 0.0
26 2 0.0
26 3 0.0
27 1 0.0
27 2 0.0
27 3 0.0
28 1 0.0
28 2 0.0
28 3 0.0
29 1 0.0
29 2 0.0
29 3 0.0
30 1 0.0
30 2 0.0
30 3 0.0
31 1 0.0
31 2 0.0
31 3 0.0
144 1 0.0
144 2 0.0
144 3 0.0
145 1 0.0
145 2 0.0
145 3 0.0
146 1 0.0
146 2 0.0
146 3 0.0
147 1 0.0
147 2 0.0
147 3 0.0
148 1 0.0
148 2 0.0
148 3 0.0
149 1 0.0
149 2 0.0
149 3 0.0
150 1 0.0
150 2 0.0
150 3 0.0
151 1 0.0
151 2 0.0
151 3 0.0
152 1 0.0
152 2 0.0
152 3 0.0
265 1 0.0
265 2 0.0
265 3 0.0
266 1 0.0
266 2 0.0
266 3 0.0
267 1 0.0
267 2 0.0
267 3 0.0
268 1 0.0
268 2 0.0
268 3 0.0
269 1 0.0
269 2 0.0
269 3 0.0
270 1 0.0
270 2 0.0
270 3 0.0
271 1 0.0
271 2 0.0
271 3 0.0
272 1 0.0
272 2 0.0
272 3 0.0
273 1 0.0
273 2 0.0
273 3 0.0
5 1 0.0
5 2 0.0
5 3 0.0
6 1 0.0
6 2 0.0
6 3 0.0
7 1 0.0
7 2 0.0
7 3 0.0
8 1 0.0
8 2 0.0
8 3 0.0
9 1 0.0
9 2 0.0
9 3 0.0
10 1 0.0
10 2 0.0
10 3 0.0
11 1 0.0
11 2 0.0
11 3 0.0
12 1 0.0
12 2 0.0
12 3 0.0
13 1 0.0
13 2 0.0
13 3 0.0
126 1 0.0
126 2 0.0
126 3 0.0
127 1 0.0
127 2 0.0
127 3 0.0
128 1 0.0
128 2 0.0
128 3 0.0
129 1 0.0
129 2 0.0
129 3 0.0
130 1 0.0
130 2 0.0
130 3 0.0
131 1 0.0
131 2 0.0
131 3 0.0
132 1 0.0
132 2 0.0
132 3 0.0
133 1 0.0
133 2 0.0
133 3 0.0
134 1 0.0
134 2 0.0
134 3 0.0
245 1 0.0
245 2 0.0
245 3 0.0
246 1 0.0
246 2 0.0
246 3 0.0
247 1 0.0
247 2 0.0
247 3 0.0
248 1 0.0
248 2 0.0
248 3 0.0
249 1 0.0
249 2 0.0
249 3 0.0
250 1 0.0
250 2 0.0
250 3 0.0
251 1 0.0
251 2 0.0
251 3 0.0
252 1 0.0
252 2 0.0
252 3 0.0
253 1 0.0
253 2 0.0
253 3 0.0
num-prescribed-load: 0
elem#-face#-trac:
