*PARAMETER
num-dim: 2
*MATPROP
b-plane-strain: 1
young's-modulus: 30000000.0
poisson's-ratio: 0.3
*NODE
num-node: 441
nodal-coord:
 10.000000 10.000000
 -10.000000 10.000000
 -9.000000 10.000000
 -8.000000 10.000000
 -7.000000 10.000000
 -6.000000 10.000000
 -5.000000 10.000000
 -4.000000 10.000000
 -3.000000 10.000000
 -2.000000 10.000000
 -1.000000 10.000000
 -0.000000 10.000000
 1.000000 10.000000
 2.000000 10.000000
 3.000000 10.000000
 4.000000 10.000000
 5.000000 10.000000
 6.000000 10.000000
 7.000000 10.000000
 8.000000 10.000000
 9.000000 10.000000
 -10.000000 -10.000000
 10.000000 -10.000000
 9.000000 -10.000000
 8.000000 -10.000000
 7.000000 -10.000000
 6.000000 -10.000000
 5.000000 -10.000000
 4.000000 -10.000000
 3.000000 -10.000000
 2.000000 -10.000000
 1.000000 -10.000000
 0.000000 -10.000000
 -1.000000 -10.000000
 -2.000000 -10.000000
 -3.000000 -10.000000
 -4.000000 -10.000000
 -5.000000 -10.000000
 -6.000000 -10.000000
 -7.000000 -10.000000
 -8.000000 -10.000000
 -9.000000 -10.000000
 -10.000000 -9.000000
 -10.000000 -8.000000
 -10.000000 -7.000000
 -10.000000 -6.000000
 -10.000000 -5.000000
 -10.000000 -4.000000
 -10.000000 -3.000000
 -10.000000 -2.000000
 -10.000000 -1.000000
 -10.000000 -0.000000
 -10.000000 1.000000
 -10.000000 2.000000
 -10.000000 3.000000
 -10.000000 4.000000
 -10.000000 5.000000
 -10.000000 6.000000
 -10.000000 7.000000
 -10.000000 8.000000
 -10.000000 9.000000
 10.000000 9.000000
 10.000000 8.000000
 10.000000 7.000000
 10.000000 6.000000
 10.000000 5.000000
 10.000000 4.000000
 10.000000 3.000000
 10.000000 2.000000
 10.000000 1.000000
 10.000000 0.000000
 10.000000 -1.000000
 10.000000 -2.000000
 10.000000 -3.000000
 10.000000 -4.000000
 10.000000 -5.000000
 10.000000 -6.000000
 10.000000 -7.000000
 10.000000 -8.000000
 10.000000 -9.000000
 9.000000 -9.000000
 9.000000 -8.000000
 9.000000 -7.000000
 9.000000 -6.000000
 9.000000 -5.000000
 9.000000 -4.000000
 9.000000 -3.000000
 9.000000 -2.000000
 9.000000 -1.000000
 9.000000 0.000000
 9.000000 1.000000
 9.000000 2.000000
 9.000000 3.000000
 9.000000 4.000000
 9.000000 5.000000
 9.000000 6.000000
 9.000000 7.000000
 9.000000 8.000000
 9.000000 9.000000
 8.000000 -9.000000
 8.000000 -8.000000
 8.000000 -7.000000
 8.000000 -6.000000
 8.000000 -5.000000
 8.000000 -4.000000
 8.000000 -3.000000
 8.000000 -2.000000
 8.000000 -1.000000
 8.000000 0.000000
 8.000000 1.000000
 8.000000 2.000000
 8.000000 3.000000
 8.000000 4.000000
 8.000000 5.000000
 8.000000 6.000000
 8.000000 7.000000
 8.000000 8.000000
 8.000000 9.000000
 7.000000 -9.000000
 7.000000 -8.000000
 7.000000 -7.000000
 7.000000 -6.000000
 7.000000 -5.000000
 7.000000 -4.000000
 7.000000 -3.000000
 7.000000 -2.000000
 7.000000 -1.000000
 7.000000 0.000000
 7.000000 1.000000
 7.000000 2.000000
 7.000000 3.000000
 7.000000 4.000000
 7.000000 5.000000
 7.000000 6.000000
 7.000000 7.000000
 7.000000 8.000000
 7.000000 9.000000
 6.000000 -9.000000
 6.000000 -8.000000
 6.000000 -7.000000
 6.000000 -6.000000
 6.000000 -5.000000
 6.000000 -4.000000
 6.000000 -3.000000
 6.000000 -2.000000
 6.000000 -1.000000
 6.000000 0.000000
 6.000000 1.000000
 6.000000 2.000000
 6.000000 3.000000
 6.000000 4.000000
 6.000000 5.000000
 6.000000 6.000000
 6.000000 7.000000
 6.000000 8.000000
 6.000000 9.000000
 5.000000 -9.000000
 5.000000 -8.000000
 5.000000 -7.000000
 5.000000 -6.000000
 5.000000 -5.000000
 5.000000 -4.000000
 5.000000 -3.000000
 5.000000 -2.000000
 5.000000 -1.000000
 5.000000 0.000000
 5.000000 1.000000
 5.000000 2.000000
 5.000000 3.000000
 5.000000 4.000000
 5.000000 5.000000
 5.000000 6.000000
 5.000000 7.000000
 5.000000 8.000000
 5.000000 9.000000
 4.000000 -9.000000
 4.000000 -8.000000
 4.000000 -7.000000
 4.000000 -6.000000
 4.000000 -5.000000
 4.000000 -4.000000
 4.000000 -3.000000
 4.000000 -2.000000
 4.000000 -1.000000
 4.000000 0.000000
 4.000000 1.000000
 4.000000 2.000000
 4.000000 3.000000
 4.000000 4.000000
 4.000000 5.000000
 4.000000 6.000000
 4.000000 7.000000
 4.000000 8.000000
 4.000000 9.000000
 3.000000 -9.000000
 3.000000 -8.000000
 3.000000 -7.000000
 3.000000 -6.000000
 3.000000 -5.000000
 3.000000 -4.000000
 3.000000 -3.000000
 3.000000 -2.000000
 3.000000 -1.000000
 3.000000 0.000000
 3.000000 1.000000
 3.000000 2.000000
 3.000000 3.000000
 3.000000 4.000000
 3.000000 5.000000
 3.000000 6.000000
 3.000000 7.000000
 3.000000 8.000000
 3.000000 9.000000
 2.000000 -9.000000
 2.000000 -8.000000
 2.000000 -7.000000
 2.000000 -6.000000
 2.000000 -5.000000
 2.000000 -4.000000
 2.000000 -3.000000
 2.000000 -2.000000
 2.000000 -1.000000
 2.000000 0.000000
 2.000000 1.000000
 2.000000 2.000000
 2.000000 3.000000
 2.000000 4.000000
 2.000000 5.000000
 2.000000 6.000000
 2.000000 7.000000
 2.000000 8.000000
 2.000000 9.000000
 1.000000 -9.000000
 1.000000 -8.000000
 1.000000 -7.000000
 1.000000 -6.000000
 1.000000 -5.000000
 1.000000 -4.000000
 1.000000 -3.000000
 1.000000 -2.000000
 1.000000 -1.000000
 1.000000 0.000000
 1.000000 1.000000
 1.000000 2.000000
 1.000000 3.000000
 1.000000 4.000000
 1.000000 5.000000
 1.000000 6.000000
 1.000000 7.000000
 1.000000 8.000000
 1.000000 9.000000
 0.000000 -9.000000
 0.000000 -8.000000
 0.000000 -7.000000
 0.000000 -6.000000
 0.000000 -5.000000
 0.000000 -4.000000
 0.000000 -3.000000
 0.000000 -2.000000
 0.000000 -1.000000
 0.000000 0.000000
 -0.000000 1.000000
 -0.000000 2.000000
 -0.000000 3.000000
 -0.000000 4.000000
 -0.000000 5.000000
 -0.000000 6.000000
 -0.000000 7.000000
 -0.000000 8.000000
 -0.000000 9.000000
 -1.000000 -9.000000
 -1.000000 -8.000000
 -1.000000 -7.000000
 -1.000000 -6.000000
 -1.000000 -5.000000
 -1.000000 -4.000000
 -1.000000 -3.000000
 -1.000000 -2.000000
 -1.000000 -1.000000
 -1.000000 -0.000000
 -1.000000 1.000000
 -1.000000 2.000000
 -1.000000 3.000000
 -1.000000 4.000000
 -1.000000 5.000000
 -1.000000 6.000000
 -1.000000 7.000000
 -1.000000 8.000000
 -1.000000 9.000000
 -2.000000 -9.000000
 -2.000000 -8.000000
 -2.000000 -7.000000
 -2.000000 -6.000000
 -2.000000 -5.000000
 -2.000000 -4.000000
 -2.000000 -3.000000
 -2.000000 -2.000000
 -2.000000 -1.000000
 -2.000000 -0.000000
 -2.000000 1.000000
 -2.000000 2.000000
 -2.000000 3.000000
 -2.000000 4.000000
 -2.000000 5.000000
 -2.000000 6.000000
 -2.000000 7.000000
 -2.000000 8.000000
 -2.000000 9.000000
 -3.000000 -9.000000
 -3.000000 -8.000000
 -3.000000 -7.000000
 -3.000000 -6.000000
 -3.000000 -5.000000
 -3.000000 -4.000000
 -3.000000 -3.000000
 -3.000000 -2.000000
 -3.000000 -1.000000
 -3.000000 -0.000000
 -3.000000 1.000000
 -3.000000 2.000000
 -3.000000 3.000000
 -3.000000 4.000000
 -3.000000 5.000000
 -3.000000 6.000000
 -3.000000 7.000000
 -3.000000 8.000000
 -3.000000 9.000000
 -4.000000 -9.000000
 -4.000000 -8.000000
 -4.000000 -7.000000
 -4.000000 -6.000000
 -4.000000 -5.000000
 -4.000000 -4.000000
 -4.000000 -3.000000
 -4.000000 -2.000000
 -4.000000 -1.000000
 -4.000000 -0.000000
 -4.000000 1.000000
 -4.000000 2.000000
 -4.000000 3.000000
 -4.000000 4.000000
 -4.000000 5.000000
 -4.000000 6.000000
 -4.000000 7.000000
 -4.000000 8.000000
 -4.000000 9.000000
 -5.000000 -9.000000
 -5.000000 -8.000000
 -5.000000 -7.000000
 -5.000000 -6.000000
 -5.000000 -5.000000
 -5.000000 -4.000000
 -5.000000 -3.000000
 -5.000000 -2.000000
 -5.000000 -1.000000
 -5.000000 -0.000000
 -5.000000 1.000000
 -5.000000 2.000000
 -5.000000 3.000000
 -5.000000 4.000000
 -5.000000 5.000000
 -5.000000 6.000000
 -5.000000 7.000000
 -5.000000 8.000000
 -5.000000 9.000000
 -6.000000 -9.000000
 -6.000000 -8.000000
 -6.000000 -7.000000
 -6.000000 -6.000000
 -6.000000 -5.000000
 -6.000000 -4.000000
 -6.000000 -3.000000
 -6.000000 -2.000000
 -6.000000 -1.000000
 -6.000000 -0.000000
 -6.000000 1.000000
 -6.000000 2.000000
 -6.000000 3.000000
 -6.000000 4.000000
 -6.000000 5.000000
 -6.000000 6.000000
 -6.000000 7.000000
 -6.000000 8.000000
 -6.000000 9.000000
 -7.000000 -9.000000
 -7.000000 -8.000000
 -7.000000 -7.000000
 -7.000000 -6.000000
 -7.000000 -5.000000
 -7.000000 -4.000000
 -7.000000 -3.000000
 -7.000000 -2.000000
 -7.000000 -1.000000
 -7.000000 -0.000000
 -7.000000 1.000000
 -7.000000 2.000000
 -7.000000 3.000000
 -7.000000 4.000000
 -7.000000 5.000000
 -7.000000 6.000000
 -7.000000 7.000000
 -7.000000 8.000000
 -7.000000 9.000000
 -8.000000 -9.000000
 -8.000000 -8.000000
 -8.000000 -7.000000
 -8.000000 -6.000000
 -8.000000 -5.000000
 -8.000000 -4.000000
 -8.000000 -3.000000
 -8.000000 -2.000000
 -8.000000 -1.000000
 -8.000000 -0.000000
 -8.000000 1.000000
 -8.000000 2.000000
 -8.000000 3.000000
 -8.000000 4.000000
 -8.000000 5.000000
 -8.000000 6.000000
 -8.000000 7.000000
 -8.000000 8.000000
 -8.000000 9.000000
 -9.000000 -9.000000
 -9.000000 -8.000000
 -9.000000 -7.000000
 -9.000000 -6.000000
 -9.000000 -5.000000
 -9.000000 -4.000000
 -9.000000 -3.000000
 -9.000000 -2.000000
 -9.000000 -1.000000
 -9.000000 -0.000000
 -9.000000 1.000000
 -9.000000 2.000000
 -9.000000 3.000000
 -9.000000 4.000000
 -9.000000 5.000000
 -9.000000 6.000000
 -9.000000 7.000000
 -9.000000 8.000000
 -9.000000 9.000000
*ELEMENT
num-elem: 400
num-elem-node: 4
elem-conn:
23 24 81 80
80 81 82 79
79 82 83 78
78 83 84 77
77 84 85 76
76 85 86 75
75 86 87 74
74 87 88 73
73 88 89 72
72 89 90 71
71 90 91 70
70 91 92 69
69 92 93 68
68 93 94 67
67 94 95 66
66 95 96 65
65 96 97 64
64 97 98 63
63 98 99 62
62 99 21 1
24 25 100 81
81 100 101 82
82 101 102 83
83 102 103 84
84 103 104 85
85 104 105 86
86 105 106 87
87 106 107 88
88 107 108 89
89 108 109 90
90 109 110 91
91 110 111 92
92 111 112 93
93 112 113 94
94 113 114 95
95 114 115 96
96 115 116 97
97 116 117 98
98 117 118 99
99 118 20 21
25 26 119 100
100 119 120 101
101 120 121 102
102 121 122 103
103 122 123 104
104 123 124 105
105 124 125 106
106 125 126 107
107 126 127 108
108 127 128 109
109 128 129 110
110 129 130 111
111 130 131 112
112 131 132 113
113 132 133 114
114 133 134 115
115 134 135 116
116 135 136 117
117 136 137 118
118 137 19 20
26 27 138 119
119 138 139 120
120 139 140 121
121 140 141 122
122 141 142 123
123 142 143 124
124 143 144 125
125 144 145 126
126 145 146 127
127 146 147 128
128 147 148 129
129 148 149 130
130 149 150 131
131 150 151 132
132 151 152 133
133 152 153 134
134 153 154 135
135 154 155 136
136 155 156 137
137 156 18 19
27 28 157 138
138 157 158 139
139 158 159 140
140 159 160 141
141 160 161 142
142 161 162 143
143 162 163 144
144 163 164 145
145 164 165 146
146 165 166 147
147 166 167 148
148 167 168 149
149 168 169 150
150 169 170 151
151 170 171 152
152 171 172 153
153 172 173 154
154 173 174 155
155 174 175 156
156 175 17 18
28 29 176 157
157 176 177 158
158 177 178 159
159 178 179 160
160 179 180 161
161 180 181 162
162 181 182 163
163 182 183 164
164 183 184 165
165 184 185 166
166 185 186 167
167 186 187 168
168 187 188 169
169 188 189 170
170 189 190 171
171 190 191 172
172 191 192 173
173 192 193 174
174 193 194 175
175 194 16 17
29 30 195 176
176 195 196 177
177 196 197 178
178 197 198 179
179 198 199 180
180 199 200 181
181 200 201 182
182 201 202 183
183 202 203 184
184 203 204 185
185 204 205 186
186 205 206 187
187 206 207 188
188 207 208 189
189 208 209 190
190 209 210 191
191 210 211 192
192 211 212 193
193 212 213 194
194 213 15 16
30 31 214 195
195 214 215 196
196 215 216 197
197 216 217 198
198 217 218 199
199 218 219 200
200 219 220 201
201 220 221 202
202 221 222 203
203 222 223 204
204 223 224 205
205 224 225 206
206 225 226 207
207 226 227 208
208 227 228 209
209 228 229 210
210 229 230 211
211 230 231 212
212 231 232 213
213 232 14 15
31 32 233 214
214 233 234 215
215 234 235 216
216 235 236 217
217 236 237 218
218 237 238 219
219 238 239 220
220 239 240 221
221 240 241 222
222 241 242 223
223 242 243 224
224 243 244 225
225 244 245 226
226 245 246 227
227 246 247 228
228 247 248 229
229 248 249 230
230 249 250 231
231 250 251 232
232 251 13 14
32 33 252 233
233 252 253 234
234 253 254 235
235 254 255 236
236 255 256 237
237 256 257 238
238 257 258 239
239 258 259 240
240 259 260 241
241 260 261 242
242 261 262 243
243 262 263 244
244 263 264 245
245 264 265 246
246 265 266 247
247 266 267 248
248 267 268 249
249 268 269 250
250 269 270 251
251 270 12 13
33 34 271 252
252 271 272 253
253 272 273 254
254 273 274 255
255 274 275 256
256 275 276 257
257 276 277 258
258 277 278 259
259 278 279 260
260 279 280 261
261 280 281 262
262 281 282 263
263 282 283 264
264 283 284 265
265 284 285 266
266 285 286 267
267 286 287 268
268 287 288 269
269 288 289 270
270 289 11 12
34 35 290 271
271 290 291 272
272 291 292 273
273 292 293 274
274 293 294 275
275 294 295 276
276 295 296 277
277 296 297 278
278 297 298 279
279 298 299 280
280 299 300 281
281 300 301 282
282 301 302 283
283 302 303 284
284 303 304 285
285 304 305 286
286 305 306 287
287 306 307 288
288 307 308 289
289 308 10 11
35 36 309 290
290 309 310 291
291 310 311 292
292 311 312 293
293 312 313 294
294 313 314 295
295 314 315 296
296 315 316 297
297 316 317 298
298 317 318 299
299 318 319 300
300 319 320 301
301 320 321 302
302 321 322 303
303 322 323 304
304 323 324 305
305 324 325 306
306 325 326 307
307 326 327 308
308 327 9 10
36 37 328 309
309 328 329 310
310 329 330 311
311 330 331 312
312 331 332 313
313 332 333 314
314 333 334 315
315 334 335 316
316 335 336 317
317 336 337 318
318 337 338 319
319 338 339 320
320 339 340 321
321 340 341 322
322 341 342 323
323 342 343 324
324 343 344 325
325 344 345 326
326 345 346 327
327 346 8 9
37 38 347 328
328 347 348 329
329 348 349 330
330 349 350 331
331 350 351 332
332 351 352 333
333 352 353 334
334 353 354 335
335 354 355 336
336 355 356 337
337 356 357 338
338 357 358 339
339 358 359 340
340 359 360 341
341 360 361 342
342 361 362 343
343 362 363 344
344 363 364 345
345 364 365 346
346 365 7 8
38 39 366 347
347 366 367 348
348 367 368 349
349 368 369 350
350 369 370 351
351 370 371 352
352 371 372 353
353 372 373 354
354 373 374 355
355 374 375 356
356 375 376 357
357 376 377 358
358 377 378 359
359 378 379 360
360 379 380 361
361 380 381 362
362 381 382 363
363 382 383 364
364 383 384 365
365 384 6 7
39 40 385 366
366 385 386 367
367 386 387 368
368 387 388 369
369 388 389 370
370 389 390 371
371 390 391 372
372 391 392 373
373 392 393 374
374 393 394 375
375 394 395 376
376 395 396 377
377 396 397 378
378 397 398 379
379 398 399 380
380 399 400 381
381 400 401 382
382 401 402 383
383 402 403 384
384 403 5 6
40 41 404 385
385 404 405 386
386 405 406 387
387 406 407 388
388 407 408 389
389 408 409 390
390 409 410 391
391 410 411 392
392 411 412 393
393 412 413 394
394 413 414 395
395 414 415 396
396 415 416 397
397 416 417 398
398 417 418 399
399 418 419 400
400 419 420 401
401 420 421 402
402 421 422 403
403 422 4 5
41 42 423 404
404 423 424 405
405 424 425 406
406 425 426 407
407 426 427 408
408 427 428 409
409 428 429 410
410 429 430 411
411 430 431 412
412 431 432 413
413 432 433 414
414 433 434 415
415 434 435 416
416 435 436 417
417 436 437 418
418 437 438 419
419 438 439 420
420 439 440 421
421 440 441 422
422 441 3 4
42 22 43 423
423 43 44 424
424 44 45 425
425 45 46 426
426 46 47 427
427 47 48 428
428 48 49 429
429 49 50 430
430 50 51 431
431 51 52 432
432 52 53 433
433 53 54 434
434 54 55 435
435 55 56 436
436 56 57 437
437 57 58 438
438 58 59 439
439 59 60 440
440 60 61 441
441 61 2 3
*BOUNDARY
num-prescribed-disp: 160
node#-dof#-disp:
1 1 0.0
1 2 0.0
23 1 0.0
23 2 0.0
62 1 0.0
62 2 0.0
63 1 0.0
63 2 0.0
64 1 0.0
64 2 0.0
65 1 0.0
65 2 0.0
66 1 0.0
66 2 0.0
67 1 0.0
67 2 0.0
68 1 0.0
68 2 0.0
69 1 0.0
69 2 0.0
70 1 0.0
70 2 0.0
71 1 0.0
71 2 0.0
72 1 0.0
72 2 0.0
73 1 0.0
73 2 0.0
74 1 0.0
74 2 0.0
75 1 0.0
75 2 0.0
76 1 0.0
76 2 0.0
77 1 0.0
77 2 0.0
78 1 0.0
78 2 0.0
79 1 0.0
79 2 0.0
80 1 0.0
80 2 0.0
2 1 0.0
2 2 0.0
22 1 0.0
22 2 0.0
43 1 0.0
43 2 0.0
44 1 0.0
44 2 0.0
45 1 0.0
45 2 0.0
46 1 0.0
46 2 0.0
47 1 0.0
47 2 0.0
48 1 0.0
48 2 0.0
49 1 0.0
49 2 0.0
50 1 0.0
50 2 0.0
51 1 0.0
51 2 0.0
52 1 0.0
52 2 0.0
53 1 0.0
53 2 0.0
54 1 0.0
54 2 0.0
55 1 0.0
55 2 0.0
56 1 0.0
56 2 0.0
57 1 0.0
57 2 0.0
58 1 0.0
58 2 0.0
59 1 0.0
59 2 0.0
60 1 0.0
60 2 0.0
61 1 0.0
61 2 0.0
3 1 0.0
3 2 0.0
4 1 0.0
4 2 0.0
5 1 0.0
5 2 0.0
6 1 0.0
6 2 0.0
7 1 0.0
7 2 0.0
8 1 0.0
8 2 0.0
9 1 0.0
9 2 0.0
10 1 0.0
10 2 0.0
11 1 0.0
11 2 0.0
12 1 0.0
12 2 0.0
13 1 0.0
13 2 0.0
14 1 0.0
14 2 0.0
15 1 0.0
15 2 0.0
16 1 0.0
16 2 0.0
17 1 0.0
17 2 0.0
18 1 0.0
18 2 0.0
19 1 0.0
19 2 0.0
20 1 0.0
20 2 0.0
21 1 0.0
21 2 0.0
24 1 0.0
24 2 0.0
25 1 0.0
25 2 0.0
26 1 0.0
26 2 0.0
27 1 0.0
27 2 0.0
28 1 0.0
28 2 0.0
29 1 0.0
29 2 0.0
30 1 0.0
30 2 0.0
31 1 0.0
31 2 0.0
32 1 0.0
32 2 0.0
33 1 0.0
33 2 0.0
34 1 0.0
34 2 0.0
35 1 0.0
35 2 0.0
36 1 0.0
36 2 0.0
37 1 0.0
37 2 0.0
38 1 0.0
38 2 0.0
39 1 0.0
39 2 0.0
40 1 0.0
40 2 0.0
41 1 0.0
41 2 0.0
42 1 0.0
42 2 0.0
num-prescribed-load: 0
elem#-face#-trac:
