*PARAMETER
num-dim: 2
*MATPROP
b-plane-strain: 1
young's-modulus: 125000000000000
poisson's-ratio: 0.3
density: 1.14
beta1: 0.5
beta2: 0.5
dt: 0.000001
nstp: 60
nprt: 1
nmod: 5
*NODE
num-node: 405
nodal-coord:
0.050000 0.000100 
0.050000 -0.000100 
0.050000 -0.000050 
0.050000 -0.000000 
0.050000 0.000050 
0.000000 -0.000100 
0.000000 0.000100 
0.000000 0.000050 
0.000000 0.000000 
0.000000 -0.000050 
0.000625 -0.000100 
0.001250 -0.000100 
0.001875 -0.000100 
0.002500 -0.000100 
0.003125 -0.000100 
0.003750 -0.000100 
0.004375 -0.000100 
0.005000 -0.000100 
0.005625 -0.000100 
0.006250 -0.000100 
0.006875 -0.000100 
0.007500 -0.000100 
0.008125 -0.000100 
0.008750 -0.000100 
0.009375 -0.000100 
0.010000 -0.000100 
0.010625 -0.000100 
0.011250 -0.000100 
0.011875 -0.000100 
0.012500 -0.000100 
0.013125 -0.000100 
0.013750 -0.000100 
0.014375 -0.000100 
0.015000 -0.000100 
0.015625 -0.000100 
0.016250 -0.000100 
0.016875 -0.000100 
0.017500 -0.000100 
0.018125 -0.000100 
0.018750 -0.000100 
0.019375 -0.000100 
0.020000 -0.000100 
0.020625 -0.000100 
0.021250 -0.000100 
0.021875 -0.000100 
0.022500 -0.000100 
0.023125 -0.000100 
0.023750 -0.000100 
0.024375 -0.000100 
0.025000 -0.000100 
0.025625 -0.000100 
0.026250 -0.000100 
0.026875 -0.000100 
0.027500 -0.000100 
0.028125 -0.000100 
0.028750 -0.000100 
0.029375 -0.000100 
0.030000 -0.000100 
0.030625 -0.000100 
0.031250 -0.000100 
0.031875 -0.000100 
0.032500 -0.000100 
0.033125 -0.000100 
0.033750 -0.000100 
0.034375 -0.000100 
0.035000 -0.000100 
0.035625 -0.000100 
0.036250 -0.000100 
0.036875 -0.000100 
0.037500 -0.000100 
0.038125 -0.000100 
0.038750 -0.000100 
0.039375 -0.000100 
0.040000 -0.000100 
0.040625 -0.000100 
0.041250 -0.000100 
0.041875 -0.000100 
0.042500 -0.000100 
0.043125 -0.000100 
0.043750 -0.000100 
0.044375 -0.000100 
0.045000 -0.000100 
0.045625 -0.000100 
0.046250 -0.000100 
0.046875 -0.000100 
0.047500 -0.000100 
0.048125 -0.000100 
0.048750 -0.000100 
0.049375 -0.000100 
0.049375 0.000100 
0.048750 0.000100 
0.048125 0.000100 
0.047500 0.000100 
0.046875 0.000100 
0.046250 0.000100 
0.045625 0.000100 
0.045000 0.000100 
0.044375 0.000100 
0.043750 0.000100 
0.043125 0.000100 
0.042500 0.000100 
0.041875 0.000100 
0.041250 0.000100 
0.040625 0.000100 
0.040000 0.000100 
0.039375 0.000100 
0.038750 0.000100 
0.038125 0.000100 
0.037500 0.000100 
0.036875 0.000100 
0.036250 0.000100 
0.035625 0.000100 
0.035000 0.000100 
0.034375 0.000100 
0.033750 0.000100 
0.033125 0.000100 
0.032500 0.000100 
0.031875 0.000100 
0.031250 0.000100 
0.030625 0.000100 
0.030000 0.000100 
0.029375 0.000100 
0.028750 0.000100 
0.028125 0.000100 
0.027500 0.000100 
0.026875 0.000100 
0.026250 0.000100 
0.025625 0.000100 
0.025000 0.000100 
0.024375 0.000100 
0.023750 0.000100 
0.023125 0.000100 
0.022500 0.000100 
0.021875 0.000100 
0.021250 0.000100 
0.020625 0.000100 
0.020000 0.000100 
0.019375 0.000100 
0.018750 0.000100 
0.018125 0.000100 
0.017500 0.000100 
0.016875 0.000100 
0.016250 0.000100 
0.015625 0.000100 
0.015000 0.000100 
0.014375 0.000100 
0.013750 0.000100 
0.013125 0.000100 
0.012500 0.000100 
0.011875 0.000100 
0.011250 0.000100 
0.010625 0.000100 
0.010000 0.000100 
0.009375 0.000100 
0.008750 0.000100 
0.008125 0.000100 
0.007500 0.000100 
0.006875 0.000100 
0.006250 0.000100 
0.005625 0.000100 
0.005000 0.000100 
0.004375 0.000100 
0.003750 0.000100 
0.003125 0.000100 
0.002500 0.000100 
0.001875 0.000100 
0.001250 0.000100 
0.000625 0.000100 
0.000625 0.000050 
0.001250 0.000050 
0.001875 0.000050 
0.002500 0.000050 
0.003125 0.000050 
0.003750 0.000050 
0.004375 0.000050 
0.005000 0.000050 
0.005625 0.000050 
0.006250 0.000050 
0.006875 0.000050 
0.007500 0.000050 
0.008125 0.000050 
0.008750 0.000050 
0.009375 0.000050 
0.010000 0.000050 
0.010625 0.000050 
0.011250 0.000050 
0.011875 0.000050 
0.012500 0.000050 
0.013125 0.000050 
0.013750 0.000050 
0.014375 0.000050 
0.015000 0.000050 
0.015625 0.000050 
0.016250 0.000050 
0.016875 0.000050 
0.017500 0.000050 
0.018125 0.000050 
0.018750 0.000050 
0.019375 0.000050 
0.020000 0.000050 
0.020625 0.000050 
0.021250 0.000050 
0.021875 0.000050 
0.022500 0.000050 
0.023125 0.000050 
0.023750 0.000050 
0.024375 0.000050 
0.025000 0.000050 
0.025625 0.000050 
0.026250 0.000050 
0.026875 0.000050 
0.027500 0.000050 
0.028125 0.000050 
0.028750 0.000050 
0.029375 0.000050 
0.030000 0.000050 
0.030625 0.000050 
0.031250 0.000050 
0.031875 0.000050 
0.032500 0.000050 
0.033125 0.000050 
0.033750 0.000050 
0.034375 0.000050 
0.035000 0.000050 
0.035625 0.000050 
0.036250 0.000050 
0.036875 0.000050 
0.037500 0.000050 
0.038125 0.000050 
0.038750 0.000050 
0.039375 0.000050 
0.040000 0.000050 
0.040625 0.000050 
0.041250 0.000050 
0.041875 0.000050 
0.042500 0.000050 
0.043125 0.000050 
0.043750 0.000050 
0.044375 0.000050 
0.045000 0.000050 
0.045625 0.000050 
0.046250 0.000050 
0.046875 0.000050 
0.047500 0.000050 
0.048125 0.000050 
0.048750 0.000050 
0.049375 0.000050 
0.000625 0.000000 
0.001250 0.000000 
0.001875 0.000000 
0.002500 0.000000 
0.003125 0.000000 
0.003750 0.000000 
0.004375 0.000000 
0.005000 0.000000 
0.005625 0.000000 
0.006250 0.000000 
0.006875 0.000000 
0.007500 0.000000 
0.008125 0.000000 
0.008750 0.000000 
0.009375 0.000000 
0.010000 0.000000 
0.010625 0.000000 
0.011250 0.000000 
0.011875 0.000000 
0.012500 0.000000 
0.013125 0.000000 
0.013750 0.000000 
0.014375 0.000000 
0.015000 0.000000 
0.015625 0.000000 
0.016250 0.000000 
0.016875 0.000000 
0.017500 0.000000 
0.018125 0.000000 
0.018750 0.000000 
0.019375 0.000000 
0.020000 0.000000 
0.020625 0.000000 
0.021250 0.000000 
0.021875 0.000000 
0.022500 0.000000 
0.023125 0.000000 
0.023750 0.000000 
0.024375 0.000000 
0.025000 -0.000000 
0.025625 -0.000000 
0.026250 -0.000000 
0.026875 -0.000000 
0.027500 -0.000000 
0.028125 -0.000000 
0.028750 -0.000000 
0.029375 -0.000000 
0.030000 -0.000000 
0.030625 -0.000000 
0.031250 -0.000000 
0.031875 -0.000000 
0.032500 -0.000000 
0.033125 -0.000000 
0.033750 -0.000000 
0.034375 -0.000000 
0.035000 -0.000000 
0.035625 -0.000000 
0.036250 -0.000000 
0.036875 -0.000000 
0.037500 -0.000000 
0.038125 -0.000000 
0.038750 -0.000000 
0.039375 -0.000000 
0.040000 -0.000000 
0.040625 -0.000000 
0.041250 -0.000000 
0.041875 -0.000000 
0.042500 -0.000000 
0.043125 -0.000000 
0.043750 -0.000000 
0.044375 -0.000000 
0.045000 -0.000000 
0.045625 -0.000000 
0.046250 -0.000000 
0.046875 -0.000000 
0.047500 -0.000000 
0.048125 -0.000000 
0.048750 -0.000000 
0.049375 -0.000000 
0.000625 -0.000050 
0.001250 -0.000050 
0.001875 -0.000050 
0.002500 -0.000050 
0.003125 -0.000050 
0.003750 -0.000050 
0.004375 -0.000050 
0.005000 -0.000050 
0.005625 -0.000050 
0.006250 -0.000050 
0.006875 -0.000050 
0.007500 -0.000050 
0.008125 -0.000050 
0.008750 -0.000050 
0.009375 -0.000050 
0.010000 -0.000050 
0.010625 -0.000050 
0.011250 -0.000050 
0.011875 -0.000050 
0.012500 -0.000050 
0.013125 -0.000050 
0.013750 -0.000050 
0.014375 -0.000050 
0.015000 -0.000050 
0.015625 -0.000050 
0.016250 -0.000050 
0.016875 -0.000050 
0.017500 -0.000050 
0.018125 -0.000050 
0.018750 -0.000050 
0.019375 -0.000050 
0.020000 -0.000050 
0.020625 -0.000050 
0.021250 -0.000050 
0.021875 -0.000050 
0.022500 -0.000050 
0.023125 -0.000050 
0.023750 -0.000050 
0.024375 -0.000050 
0.025000 -0.000050 
0.025625 -0.000050 
0.026250 -0.000050 
0.026875 -0.000050 
0.027500 -0.000050 
0.028125 -0.000050 
0.028750 -0.000050 
0.029375 -0.000050 
0.030000 -0.000050 
0.030625 -0.000050 
0.031250 -0.000050 
0.031875 -0.000050 
0.032500 -0.000050 
0.033125 -0.000050 
0.033750 -0.000050 
0.034375 -0.000050 
0.035000 -0.000050 
0.035625 -0.000050 
0.036250 -0.000050 
0.036875 -0.000050 
0.037500 -0.000050 
0.038125 -0.000050 
0.038750 -0.000050 
0.039375 -0.000050 
0.040000 -0.000050 
0.040625 -0.000050 
0.041250 -0.000050 
0.041875 -0.000050 
0.042500 -0.000050 
0.043125 -0.000050 
0.043750 -0.000050 
0.044375 -0.000050 
0.045000 -0.000050 
0.045625 -0.000050 
0.046250 -0.000050 
0.046875 -0.000050 
0.047500 -0.000050 
0.048125 -0.000050 
0.048750 -0.000050 
0.049375 -0.000050 
*ELEMENT
num-elem: 320
num-elem-node: 4
elem-conn:
7 8 169 168
168 169 170 167
167 170 171 166
166 171 172 165
165 172 173 164
164 173 174 163
163 174 175 162
162 175 176 161
161 176 177 160
160 177 178 159
159 178 179 158
158 179 180 157
157 180 181 156
156 181 182 155
155 182 183 154
154 183 184 153
153 184 185 152
152 185 186 151
151 186 187 150
150 187 188 149
149 188 189 148
148 189 190 147
147 190 191 146
146 191 192 145
145 192 193 144
144 193 194 143
143 194 195 142
142 195 196 141
141 196 197 140
140 197 198 139
139 198 199 138
138 199 200 137
137 200 201 136
136 201 202 135
135 202 203 134
134 203 204 133
133 204 205 132
132 205 206 131
131 206 207 130
130 207 208 129
129 208 209 128
128 209 210 127
127 210 211 126
126 211 212 125
125 212 213 124
124 213 214 123
123 214 215 122
122 215 216 121
121 216 217 120
120 217 218 119
119 218 219 118
118 219 220 117
117 220 221 116
116 221 222 115
115 222 223 114
114 223 224 113
113 224 225 112
112 225 226 111
111 226 227 110
110 227 228 109
109 228 229 108
108 229 230 107
107 230 231 106
106 231 232 105
105 232 233 104
104 233 234 103
103 234 235 102
102 235 236 101
101 236 237 100
100 237 238 99
99 238 239 98
98 239 240 97
97 240 241 96
96 241 242 95
95 242 243 94
94 243 244 93
93 244 245 92
92 245 246 91
91 246 247 90
90 247 5 1
8 9 248 169
169 248 249 170
170 249 250 171
171 250 251 172
172 251 252 173
173 252 253 174
174 253 254 175
175 254 255 176
176 255 256 177
177 256 257 178
178 257 258 179
179 258 259 180
180 259 260 181
181 260 261 182
182 261 262 183
183 262 263 184
184 263 264 185
185 264 265 186
186 265 266 187
187 266 267 188
188 267 268 189
189 268 269 190
190 269 270 191
191 270 271 192
192 271 272 193
193 272 273 194
194 273 274 195
195 274 275 196
196 275 276 197
197 276 277 198
198 277 278 199
199 278 279 200
200 279 280 201
201 280 281 202
202 281 282 203
203 282 283 204
204 283 284 205
205 284 285 206
206 285 286 207
207 286 287 208
208 287 288 209
209 288 289 210
210 289 290 211
211 290 291 212
212 291 292 213
213 292 293 214
214 293 294 215
215 294 295 216
216 295 296 217
217 296 297 218
218 297 298 219
219 298 299 220
220 299 300 221
221 300 301 222
222 301 302 223
223 302 303 224
224 303 304 225
225 304 305 226
226 305 306 227
227 306 307 228
228 307 308 229
229 308 309 230
230 309 310 231
231 310 311 232
232 311 312 233
233 312 313 234
234 313 314 235
235 314 315 236
236 315 316 237
237 316 317 238
238 317 318 239
239 318 319 240
240 319 320 241
241 320 321 242
242 321 322 243
243 322 323 244
244 323 324 245
245 324 325 246
246 325 326 247
247 326 4 5
9 10 327 248
248 327 328 249
249 328 329 250
250 329 330 251
251 330 331 252
252 331 332 253
253 332 333 254
254 333 334 255
255 334 335 256
256 335 336 257
257 336 337 258
258 337 338 259
259 338 339 260
260 339 340 261
261 340 341 262
262 341 342 263
263 342 343 264
264 343 344 265
265 344 345 266
266 345 346 267
267 346 347 268
268 347 348 269
269 348 349 270
270 349 350 271
271 350 351 272
272 351 352 273
273 352 353 274
274 353 354 275
275 354 355 276
276 355 356 277
277 356 357 278
278 357 358 279
279 358 359 280
280 359 360 281
281 360 361 282
282 361 362 283
283 362 363 284
284 363 364 285
285 364 365 286
286 365 366 287
287 366 367 288
288 367 368 289
289 368 369 290
290 369 370 291
291 370 371 292
292 371 372 293
293 372 373 294
294 373 374 295
295 374 375 296
296 375 376 297
297 376 377 298
298 377 378 299
299 378 379 300
300 379 380 301
301 380 381 302
302 381 382 303
303 382 383 304
304 383 384 305
305 384 385 306
306 385 386 307
307 386 387 308
308 387 388 309
309 388 389 310
310 389 390 311
311 390 391 312
312 391 392 313
313 392 393 314
314 393 394 315
315 394 395 316
316 395 396 317
317 396 397 318
318 397 398 319
319 398 399 320
320 399 400 321
321 400 401 322
322 401 402 323
323 402 403 324
324 403 404 325
325 404 405 326
326 405 3 4
10 6 11 327
327 11 12 328
328 12 13 329
329 13 14 330
330 14 15 331
331 15 16 332
332 16 17 333
333 17 18 334
334 18 19 335
335 19 20 336
336 20 21 337
337 21 22 338
338 22 23 339
339 23 24 340
340 24 25 341
341 25 26 342
342 26 27 343
343 27 28 344
344 28 29 345
345 29 30 346
346 30 31 347
347 31 32 348
348 32 33 349
349 33 34 350
350 34 35 351
351 35 36 352
352 36 37 353
353 37 38 354
354 38 39 355
355 39 40 356
356 40 41 357
357 41 42 358
358 42 43 359
359 43 44 360
360 44 45 361
361 45 46 362
362 46 47 363
363 47 48 364
364 48 49 365
365 49 50 366
366 50 51 367
367 51 52 368
368 52 53 369
369 53 54 370
370 54 55 371
371 55 56 372
372 56 57 373
373 57 58 374
374 58 59 375
375 59 60 376
376 60 61 377
377 61 62 378
378 62 63 379
379 63 64 380
380 64 65 381
381 65 66 382
382 66 67 383
383 67 68 384
384 68 69 385
385 69 70 386
386 70 71 387
387 71 72 388
388 72 73 389
389 73 74 390
390 74 75 391
391 75 76 392
392 76 77 393
393 77 78 394
394 78 79 395
395 79 80 396
396 80 81 397
397 81 82 398
398 82 83 399
399 83 84 400
400 84 85 401
401 85 86 402
402 86 87 403
403 87 88 404
404 88 89 405
405 89 2 3
*BOUNDARY
num-prescribed-disp: 20
node#-dof#-disp:
1 1 0.0
1 2 0.0
2 1 0.0
2 2 0.0
3 1 0.0
3 2 0.0
4 1 0.0
4 2 0.0
5 1 0.0
5 2 0.0
6 1 0.0
6 2 0.0
7 1 0.0
7 2 0.0
8 1 0.0
8 2 0.0
9 1 0.0
9 2 0.0
10 1 0.0
10 2 0.0
num-prescribed-load: 0
elem#-face#-trac:
80 3 10 0
160 3 10 0
240 3 10 0
320 3 10 0
241 1 -10 0
242 2 -10 0
81 1 -10 0
1 1 -10 0
