*PARAMETER
num-dim: 2
*MATPROP
b-plane-strain: 1
young's-modulus: 130000000000
poisson's-ratio: 0
density: 8.96
beta1: 0.5
beta2: 0.5
dt: 0.01
nstp: 101
nprt: 20
nmod: 5
*NODE
num-node: 2121
nodal-coord:
0.150000 0.030000 
0.150000 0.000000 
0.150000 0.001500 
0.150000 0.003000 
0.150000 0.004500 
0.150000 0.006000 
0.150000 0.007500 
0.150000 0.009000 
0.150000 0.010500 
0.150000 0.012000 
0.150000 0.013500 
0.150000 0.015000 
0.150000 0.016500 
0.150000 0.018000 
0.150000 0.019500 
0.150000 0.021000 
0.150000 0.022500 
0.150000 0.024000 
0.150000 0.025500 
0.150000 0.027000 
0.150000 0.028500 
0.000000 0.000000 
0.000000 0.030000 
0.000000 0.028500 
0.000000 0.027000 
0.000000 0.025500 
0.000000 0.024000 
0.000000 0.022500 
0.000000 0.021000 
0.000000 0.019500 
0.000000 0.018000 
0.000000 0.016500 
0.000000 0.015000 
0.000000 0.013500 
0.000000 0.012000 
0.000000 0.010500 
0.000000 0.009000 
0.000000 0.007500 
0.000000 0.006000 
0.000000 0.004500 
0.000000 0.003000 
0.000000 0.001500 
0.001500 0.000000 
0.003000 0.000000 
0.004500 0.000000 
0.006000 0.000000 
0.007500 0.000000 
0.009000 0.000000 
0.010500 0.000000 
0.012000 0.000000 
0.013500 0.000000 
0.015000 0.000000 
0.016500 0.000000 
0.018000 0.000000 
0.019500 0.000000 
0.021000 0.000000 
0.022500 0.000000 
0.024000 0.000000 
0.025500 0.000000 
0.027000 0.000000 
0.028500 0.000000 
0.030000 0.000000 
0.031500 0.000000 
0.033000 0.000000 
0.034500 0.000000 
0.036000 0.000000 
0.037500 0.000000 
0.039000 0.000000 
0.040500 0.000000 
0.042000 0.000000 
0.043500 0.000000 
0.045000 0.000000 
0.046500 0.000000 
0.048000 0.000000 
0.049500 0.000000 
0.051000 0.000000 
0.052500 0.000000 
0.054000 0.000000 
0.055500 0.000000 
0.057000 0.000000 
0.058500 0.000000 
0.060000 0.000000 
0.061500 0.000000 
0.063000 0.000000 
0.064500 0.000000 
0.066000 0.000000 
0.067500 0.000000 
0.069000 0.000000 
0.070500 0.000000 
0.072000 0.000000 
0.073500 0.000000 
0.075000 0.000000 
0.076500 0.000000 
0.078000 0.000000 
0.079500 0.000000 
0.081000 0.000000 
0.082500 0.000000 
0.084000 0.000000 
0.085500 0.000000 
0.087000 0.000000 
0.088500 0.000000 
0.090000 0.000000 
0.091500 0.000000 
0.093000 0.000000 
0.094500 0.000000 
0.096000 0.000000 
0.097500 0.000000 
0.099000 0.000000 
0.100500 0.000000 
0.102000 0.000000 
0.103500 0.000000 
0.105000 0.000000 
0.106500 0.000000 
0.108000 0.000000 
0.109500 0.000000 
0.111000 0.000000 
0.112500 0.000000 
0.114000 0.000000 
0.115500 0.000000 
0.117000 0.000000 
0.118500 0.000000 
0.120000 0.000000 
0.121500 0.000000 
0.123000 0.000000 
0.124500 0.000000 
0.126000 0.000000 
0.127500 0.000000 
0.129000 0.000000 
0.130500 0.000000 
0.132000 0.000000 
0.133500 0.000000 
0.135000 0.000000 
0.136500 0.000000 
0.138000 0.000000 
0.139500 0.000000 
0.141000 0.000000 
0.142500 0.000000 
0.144000 0.000000 
0.145500 0.000000 
0.147000 0.000000 
0.148500 0.000000 
0.148500 0.030000 
0.147000 0.030000 
0.145500 0.030000 
0.144000 0.030000 
0.142500 0.030000 
0.141000 0.030000 
0.139500 0.030000 
0.138000 0.030000 
0.136500 0.030000 
0.135000 0.030000 
0.133500 0.030000 
0.132000 0.030000 
0.130500 0.030000 
0.129000 0.030000 
0.127500 0.030000 
0.126000 0.030000 
0.124500 0.030000 
0.123000 0.030000 
0.121500 0.030000 
0.120000 0.030000 
0.118500 0.030000 
0.117000 0.030000 
0.115500 0.030000 
0.114000 0.030000 
0.112500 0.030000 
0.111000 0.030000 
0.109500 0.030000 
0.108000 0.030000 
0.106500 0.030000 
0.105000 0.030000 
0.103500 0.030000 
0.102000 0.030000 
0.100500 0.030000 
0.099000 0.030000 
0.097500 0.030000 
0.096000 0.030000 
0.094500 0.030000 
0.093000 0.030000 
0.091500 0.030000 
0.090000 0.030000 
0.088500 0.030000 
0.087000 0.030000 
0.085500 0.030000 
0.084000 0.030000 
0.082500 0.030000 
0.081000 0.030000 
0.079500 0.030000 
0.078000 0.030000 
0.076500 0.030000 
0.075000 0.030000 
0.073500 0.030000 
0.072000 0.030000 
0.070500 0.030000 
0.069000 0.030000 
0.067500 0.030000 
0.066000 0.030000 
0.064500 0.030000 
0.063000 0.030000 
0.061500 0.030000 
0.060000 0.030000 
0.058500 0.030000 
0.057000 0.030000 
0.055500 0.030000 
0.054000 0.030000 
0.052500 0.030000 
0.051000 0.030000 
0.049500 0.030000 
0.048000 0.030000 
0.046500 0.030000 
0.045000 0.030000 
0.043500 0.030000 
0.042000 0.030000 
0.040500 0.030000 
0.039000 0.030000 
0.037500 0.030000 
0.036000 0.030000 
0.034500 0.030000 
0.033000 0.030000 
0.031500 0.030000 
0.030000 0.030000 
0.028500 0.030000 
0.027000 0.030000 
0.025500 0.030000 
0.024000 0.030000 
0.022500 0.030000 
0.021000 0.030000 
0.019500 0.030000 
0.018000 0.030000 
0.016500 0.030000 
0.015000 0.030000 
0.013500 0.030000 
0.012000 0.030000 
0.010500 0.030000 
0.009000 0.030000 
0.007500 0.030000 
0.006000 0.030000 
0.004500 0.030000 
0.003000 0.030000 
0.001500 0.030000 
0.001500 0.028500 
0.003000 0.028500 
0.004500 0.028500 
0.006000 0.028500 
0.007500 0.028500 
0.009000 0.028500 
0.010500 0.028500 
0.012000 0.028500 
0.013500 0.028500 
0.015000 0.028500 
0.016500 0.028500 
0.018000 0.028500 
0.019500 0.028500 
0.021000 0.028500 
0.022500 0.028500 
0.024000 0.028500 
0.025500 0.028500 
0.027000 0.028500 
0.028500 0.028500 
0.030000 0.028500 
0.031500 0.028500 
0.033000 0.028500 
0.034500 0.028500 
0.036000 0.028500 
0.037500 0.028500 
0.039000 0.028500 
0.040500 0.028500 
0.042000 0.028500 
0.043500 0.028500 
0.045000 0.028500 
0.046500 0.028500 
0.048000 0.028500 
0.049500 0.028500 
0.051000 0.028500 
0.052500 0.028500 
0.054000 0.028500 
0.055500 0.028500 
0.057000 0.028500 
0.058500 0.028500 
0.060000 0.028500 
0.061500 0.028500 
0.063000 0.028500 
0.064500 0.028500 
0.066000 0.028500 
0.067500 0.028500 
0.069000 0.028500 
0.070500 0.028500 
0.072000 0.028500 
0.073500 0.028500 
0.075000 0.028500 
0.076500 0.028500 
0.078000 0.028500 
0.079500 0.028500 
0.081000 0.028500 
0.082500 0.028500 
0.084000 0.028500 
0.085500 0.028500 
0.087000 0.028500 
0.088500 0.028500 
0.090000 0.028500 
0.091500 0.028500 
0.093000 0.028500 
0.094500 0.028500 
0.096000 0.028500 
0.097500 0.028500 
0.099000 0.028500 
0.100500 0.028500 
0.102000 0.028500 
0.103500 0.028500 
0.105000 0.028500 
0.106500 0.028500 
0.108000 0.028500 
0.109500 0.028500 
0.111000 0.028500 
0.112500 0.028500 
0.114000 0.028500 
0.115500 0.028500 
0.117000 0.028500 
0.118500 0.028500 
0.120000 0.028500 
0.121500 0.028500 
0.123000 0.028500 
0.124500 0.028500 
0.126000 0.028500 
0.127500 0.028500 
0.129000 0.028500 
0.130500 0.028500 
0.132000 0.028500 
0.133500 0.028500 
0.135000 0.028500 
0.136500 0.028500 
0.138000 0.028500 
0.139500 0.028500 
0.141000 0.028500 
0.142500 0.028500 
0.144000 0.028500 
0.145500 0.028500 
0.147000 0.028500 
0.148500 0.028500 
0.001500 0.027000 
0.003000 0.027000 
0.004500 0.027000 
0.006000 0.027000 
0.007500 0.027000 
0.009000 0.027000 
0.010500 0.027000 
0.012000 0.027000 
0.013500 0.027000 
0.015000 0.027000 
0.016500 0.027000 
0.018000 0.027000 
0.019500 0.027000 
0.021000 0.027000 
0.022500 0.027000 
0.024000 0.027000 
0.025500 0.027000 
0.027000 0.027000 
0.028500 0.027000 
0.030000 0.027000 
0.031500 0.027000 
0.033000 0.027000 
0.034500 0.027000 
0.036000 0.027000 
0.037500 0.027000 
0.039000 0.027000 
0.040500 0.027000 
0.042000 0.027000 
0.043500 0.027000 
0.045000 0.027000 
0.046500 0.027000 
0.048000 0.027000 
0.049500 0.027000 
0.051000 0.027000 
0.052500 0.027000 
0.054000 0.027000 
0.055500 0.027000 
0.057000 0.027000 
0.058500 0.027000 
0.060000 0.027000 
0.061500 0.027000 
0.063000 0.027000 
0.064500 0.027000 
0.066000 0.027000 
0.067500 0.027000 
0.069000 0.027000 
0.070500 0.027000 
0.072000 0.027000 
0.073500 0.027000 
0.075000 0.027000 
0.076500 0.027000 
0.078000 0.027000 
0.079500 0.027000 
0.081000 0.027000 
0.082500 0.027000 
0.084000 0.027000 
0.085500 0.027000 
0.087000 0.027000 
0.088500 0.027000 
0.090000 0.027000 
0.091500 0.027000 
0.093000 0.027000 
0.094500 0.027000 
0.096000 0.027000 
0.097500 0.027000 
0.099000 0.027000 
0.100500 0.027000 
0.102000 0.027000 
0.103500 0.027000 
0.105000 0.027000 
0.106500 0.027000 
0.108000 0.027000 
0.109500 0.027000 
0.111000 0.027000 
0.112500 0.027000 
0.114000 0.027000 
0.115500 0.027000 
0.117000 0.027000 
0.118500 0.027000 
0.120000 0.027000 
0.121500 0.027000 
0.123000 0.027000 
0.124500 0.027000 
0.126000 0.027000 
0.127500 0.027000 
0.129000 0.027000 
0.130500 0.027000 
0.132000 0.027000 
0.133500 0.027000 
0.135000 0.027000 
0.136500 0.027000 
0.138000 0.027000 
0.139500 0.027000 
0.141000 0.027000 
0.142500 0.027000 
0.144000 0.027000 
0.145500 0.027000 
0.147000 0.027000 
0.148500 0.027000 
0.001500 0.025500 
0.003000 0.025500 
0.004500 0.025500 
0.006000 0.025500 
0.007500 0.025500 
0.009000 0.025500 
0.010500 0.025500 
0.012000 0.025500 
0.013500 0.025500 
0.015000 0.025500 
0.016500 0.025500 
0.018000 0.025500 
0.019500 0.025500 
0.021000 0.025500 
0.022500 0.025500 
0.024000 0.025500 
0.025500 0.025500 
0.027000 0.025500 
0.028500 0.025500 
0.030000 0.025500 
0.031500 0.025500 
0.033000 0.025500 
0.034500 0.025500 
0.036000 0.025500 
0.037500 0.025500 
0.039000 0.025500 
0.040500 0.025500 
0.042000 0.025500 
0.043500 0.025500 
0.045000 0.025500 
0.046500 0.025500 
0.048000 0.025500 
0.049500 0.025500 
0.051000 0.025500 
0.052500 0.025500 
0.054000 0.025500 
0.055500 0.025500 
0.057000 0.025500 
0.058500 0.025500 
0.060000 0.025500 
0.061500 0.025500 
0.063000 0.025500 
0.064500 0.025500 
0.066000 0.025500 
0.067500 0.025500 
0.069000 0.025500 
0.070500 0.025500 
0.072000 0.025500 
0.073500 0.025500 
0.075000 0.025500 
0.076500 0.025500 
0.078000 0.025500 
0.079500 0.025500 
0.081000 0.025500 
0.082500 0.025500 
0.084000 0.025500 
0.085500 0.025500 
0.087000 0.025500 
0.088500 0.025500 
0.090000 0.025500 
0.091500 0.025500 
0.093000 0.025500 
0.094500 0.025500 
0.096000 0.025500 
0.097500 0.025500 
0.099000 0.025500 
0.100500 0.025500 
0.102000 0.025500 
0.103500 0.025500 
0.105000 0.025500 
0.106500 0.025500 
0.108000 0.025500 
0.109500 0.025500 
0.111000 0.025500 
0.112500 0.025500 
0.114000 0.025500 
0.115500 0.025500 
0.117000 0.025500 
0.118500 0.025500 
0.120000 0.025500 
0.121500 0.025500 
0.123000 0.025500 
0.124500 0.025500 
0.126000 0.025500 
0.127500 0.025500 
0.129000 0.025500 
0.130500 0.025500 
0.132000 0.025500 
0.133500 0.025500 
0.135000 0.025500 
0.136500 0.025500 
0.138000 0.025500 
0.139500 0.025500 
0.141000 0.025500 
0.142500 0.025500 
0.144000 0.025500 
0.145500 0.025500 
0.147000 0.025500 
0.148500 0.025500 
0.001500 0.024000 
0.003000 0.024000 
0.004500 0.024000 
0.006000 0.024000 
0.007500 0.024000 
0.009000 0.024000 
0.010500 0.024000 
0.012000 0.024000 
0.013500 0.024000 
0.015000 0.024000 
0.016500 0.024000 
0.018000 0.024000 
0.019500 0.024000 
0.021000 0.024000 
0.022500 0.024000 
0.024000 0.024000 
0.025500 0.024000 
0.027000 0.024000 
0.028500 0.024000 
0.030000 0.024000 
0.031500 0.024000 
0.033000 0.024000 
0.034500 0.024000 
0.036000 0.024000 
0.037500 0.024000 
0.039000 0.024000 
0.040500 0.024000 
0.042000 0.024000 
0.043500 0.024000 
0.045000 0.024000 
0.046500 0.024000 
0.048000 0.024000 
0.049500 0.024000 
0.051000 0.024000 
0.052500 0.024000 
0.054000 0.024000 
0.055500 0.024000 
0.057000 0.024000 
0.058500 0.024000 
0.060000 0.024000 
0.061500 0.024000 
0.063000 0.024000 
0.064500 0.024000 
0.066000 0.024000 
0.067500 0.024000 
0.069000 0.024000 
0.070500 0.024000 
0.072000 0.024000 
0.073500 0.024000 
0.075000 0.024000 
0.076500 0.024000 
0.078000 0.024000 
0.079500 0.024000 
0.081000 0.024000 
0.082500 0.024000 
0.084000 0.024000 
0.085500 0.024000 
0.087000 0.024000 
0.088500 0.024000 
0.090000 0.024000 
0.091500 0.024000 
0.093000 0.024000 
0.094500 0.024000 
0.096000 0.024000 
0.097500 0.024000 
0.099000 0.024000 
0.100500 0.024000 
0.102000 0.024000 
0.103500 0.024000 
0.105000 0.024000 
0.106500 0.024000 
0.108000 0.024000 
0.109500 0.024000 
0.111000 0.024000 
0.112500 0.024000 
0.114000 0.024000 
0.115500 0.024000 
0.117000 0.024000 
0.118500 0.024000 
0.120000 0.024000 
0.121500 0.024000 
0.123000 0.024000 
0.124500 0.024000 
0.126000 0.024000 
0.127500 0.024000 
0.129000 0.024000 
0.130500 0.024000 
0.132000 0.024000 
0.133500 0.024000 
0.135000 0.024000 
0.136500 0.024000 
0.138000 0.024000 
0.139500 0.024000 
0.141000 0.024000 
0.142500 0.024000 
0.144000 0.024000 
0.145500 0.024000 
0.147000 0.024000 
0.148500 0.024000 
0.001500 0.022500 
0.003000 0.022500 
0.004500 0.022500 
0.006000 0.022500 
0.007500 0.022500 
0.009000 0.022500 
0.010500 0.022500 
0.012000 0.022500 
0.013500 0.022500 
0.015000 0.022500 
0.016500 0.022500 
0.018000 0.022500 
0.019500 0.022500 
0.021000 0.022500 
0.022500 0.022500 
0.024000 0.022500 
0.025500 0.022500 
0.027000 0.022500 
0.028500 0.022500 
0.030000 0.022500 
0.031500 0.022500 
0.033000 0.022500 
0.034500 0.022500 
0.036000 0.022500 
0.037500 0.022500 
0.039000 0.022500 
0.040500 0.022500 
0.042000 0.022500 
0.043500 0.022500 
0.045000 0.022500 
0.046500 0.022500 
0.048000 0.022500 
0.049500 0.022500 
0.051000 0.022500 
0.052500 0.022500 
0.054000 0.022500 
0.055500 0.022500 
0.057000 0.022500 
0.058500 0.022500 
0.060000 0.022500 
0.061500 0.022500 
0.063000 0.022500 
0.064500 0.022500 
0.066000 0.022500 
0.067500 0.022500 
0.069000 0.022500 
0.070500 0.022500 
0.072000 0.022500 
0.073500 0.022500 
0.075000 0.022500 
0.076500 0.022500 
0.078000 0.022500 
0.079500 0.022500 
0.081000 0.022500 
0.082500 0.022500 
0.084000 0.022500 
0.085500 0.022500 
0.087000 0.022500 
0.088500 0.022500 
0.090000 0.022500 
0.091500 0.022500 
0.093000 0.022500 
0.094500 0.022500 
0.096000 0.022500 
0.097500 0.022500 
0.099000 0.022500 
0.100500 0.022500 
0.102000 0.022500 
0.103500 0.022500 
0.105000 0.022500 
0.106500 0.022500 
0.108000 0.022500 
0.109500 0.022500 
0.111000 0.022500 
0.112500 0.022500 
0.114000 0.022500 
0.115500 0.022500 
0.117000 0.022500 
0.118500 0.022500 
0.120000 0.022500 
0.121500 0.022500 
0.123000 0.022500 
0.124500 0.022500 
0.126000 0.022500 
0.127500 0.022500 
0.129000 0.022500 
0.130500 0.022500 
0.132000 0.022500 
0.133500 0.022500 
0.135000 0.022500 
0.136500 0.022500 
0.138000 0.022500 
0.139500 0.022500 
0.141000 0.022500 
0.142500 0.022500 
0.144000 0.022500 
0.145500 0.022500 
0.147000 0.022500 
0.148500 0.022500 
0.001500 0.021000 
0.003000 0.021000 
0.004500 0.021000 
0.006000 0.021000 
0.007500 0.021000 
0.009000 0.021000 
0.010500 0.021000 
0.012000 0.021000 
0.013500 0.021000 
0.015000 0.021000 
0.016500 0.021000 
0.018000 0.021000 
0.019500 0.021000 
0.021000 0.021000 
0.022500 0.021000 
0.024000 0.021000 
0.025500 0.021000 
0.027000 0.021000 
0.028500 0.021000 
0.030000 0.021000 
0.031500 0.021000 
0.033000 0.021000 
0.034500 0.021000 
0.036000 0.021000 
0.037500 0.021000 
0.039000 0.021000 
0.040500 0.021000 
0.042000 0.021000 
0.043500 0.021000 
0.045000 0.021000 
0.046500 0.021000 
0.048000 0.021000 
0.049500 0.021000 
0.051000 0.021000 
0.052500 0.021000 
0.054000 0.021000 
0.055500 0.021000 
0.057000 0.021000 
0.058500 0.021000 
0.060000 0.021000 
0.061500 0.021000 
0.063000 0.021000 
0.064500 0.021000 
0.066000 0.021000 
0.067500 0.021000 
0.069000 0.021000 
0.070500 0.021000 
0.072000 0.021000 
0.073500 0.021000 
0.075000 0.021000 
0.076500 0.021000 
0.078000 0.021000 
0.079500 0.021000 
0.081000 0.021000 
0.082500 0.021000 
0.084000 0.021000 
0.085500 0.021000 
0.087000 0.021000 
0.088500 0.021000 
0.090000 0.021000 
0.091500 0.021000 
0.093000 0.021000 
0.094500 0.021000 
0.096000 0.021000 
0.097500 0.021000 
0.099000 0.021000 
0.100500 0.021000 
0.102000 0.021000 
0.103500 0.021000 
0.105000 0.021000 
0.106500 0.021000 
0.108000 0.021000 
0.109500 0.021000 
0.111000 0.021000 
0.112500 0.021000 
0.114000 0.021000 
0.115500 0.021000 
0.117000 0.021000 
0.118500 0.021000 
0.120000 0.021000 
0.121500 0.021000 
0.123000 0.021000 
0.124500 0.021000 
0.126000 0.021000 
0.127500 0.021000 
0.129000 0.021000 
0.130500 0.021000 
0.132000 0.021000 
0.133500 0.021000 
0.135000 0.021000 
0.136500 0.021000 
0.138000 0.021000 
0.139500 0.021000 
0.141000 0.021000 
0.142500 0.021000 
0.144000 0.021000 
0.145500 0.021000 
0.147000 0.021000 
0.148500 0.021000 
0.001500 0.019500 
0.003000 0.019500 
0.004500 0.019500 
0.006000 0.019500 
0.007500 0.019500 
0.009000 0.019500 
0.010500 0.019500 
0.012000 0.019500 
0.013500 0.019500 
0.015000 0.019500 
0.016500 0.019500 
0.018000 0.019500 
0.019500 0.019500 
0.021000 0.019500 
0.022500 0.019500 
0.024000 0.019500 
0.025500 0.019500 
0.027000 0.019500 
0.028500 0.019500 
0.030000 0.019500 
0.031500 0.019500 
0.033000 0.019500 
0.034500 0.019500 
0.036000 0.019500 
0.037500 0.019500 
0.039000 0.019500 
0.040500 0.019500 
0.042000 0.019500 
0.043500 0.019500 
0.045000 0.019500 
0.046500 0.019500 
0.048000 0.019500 
0.049500 0.019500 
0.051000 0.019500 
0.052500 0.019500 
0.054000 0.019500 
0.055500 0.019500 
0.057000 0.019500 
0.058500 0.019500 
0.060000 0.019500 
0.061500 0.019500 
0.063000 0.019500 
0.064500 0.019500 
0.066000 0.019500 
0.067500 0.019500 
0.069000 0.019500 
0.070500 0.019500 
0.072000 0.019500 
0.073500 0.019500 
0.075000 0.019500 
0.076500 0.019500 
0.078000 0.019500 
0.079500 0.019500 
0.081000 0.019500 
0.082500 0.019500 
0.084000 0.019500 
0.085500 0.019500 
0.087000 0.019500 
0.088500 0.019500 
0.090000 0.019500 
0.091500 0.019500 
0.093000 0.019500 
0.094500 0.019500 
0.096000 0.019500 
0.097500 0.019500 
0.099000 0.019500 
0.100500 0.019500 
0.102000 0.019500 
0.103500 0.019500 
0.105000 0.019500 
0.106500 0.019500 
0.108000 0.019500 
0.109500 0.019500 
0.111000 0.019500 
0.112500 0.019500 
0.114000 0.019500 
0.115500 0.019500 
0.117000 0.019500 
0.118500 0.019500 
0.120000 0.019500 
0.121500 0.019500 
0.123000 0.019500 
0.124500 0.019500 
0.126000 0.019500 
0.127500 0.019500 
0.129000 0.019500 
0.130500 0.019500 
0.132000 0.019500 
0.133500 0.019500 
0.135000 0.019500 
0.136500 0.019500 
0.138000 0.019500 
0.139500 0.019500 
0.141000 0.019500 
0.142500 0.019500 
0.144000 0.019500 
0.145500 0.019500 
0.147000 0.019500 
0.148500 0.019500 
0.001500 0.018000 
0.003000 0.018000 
0.004500 0.018000 
0.006000 0.018000 
0.007500 0.018000 
0.009000 0.018000 
0.010500 0.018000 
0.012000 0.018000 
0.013500 0.018000 
0.015000 0.018000 
0.016500 0.018000 
0.018000 0.018000 
0.019500 0.018000 
0.021000 0.018000 
0.022500 0.018000 
0.024000 0.018000 
0.025500 0.018000 
0.027000 0.018000 
0.028500 0.018000 
0.030000 0.018000 
0.031500 0.018000 
0.033000 0.018000 
0.034500 0.018000 
0.036000 0.018000 
0.037500 0.018000 
0.039000 0.018000 
0.040500 0.018000 
0.042000 0.018000 
0.043500 0.018000 
0.045000 0.018000 
0.046500 0.018000 
0.048000 0.018000 
0.049500 0.018000 
0.051000 0.018000 
0.052500 0.018000 
0.054000 0.018000 
0.055500 0.018000 
0.057000 0.018000 
0.058500 0.018000 
0.060000 0.018000 
0.061500 0.018000 
0.063000 0.018000 
0.064500 0.018000 
0.066000 0.018000 
0.067500 0.018000 
0.069000 0.018000 
0.070500 0.018000 
0.072000 0.018000 
0.073500 0.018000 
0.075000 0.018000 
0.076500 0.018000 
0.078000 0.018000 
0.079500 0.018000 
0.081000 0.018000 
0.082500 0.018000 
0.084000 0.018000 
0.085500 0.018000 
0.087000 0.018000 
0.088500 0.018000 
0.090000 0.018000 
0.091500 0.018000 
0.093000 0.018000 
0.094500 0.018000 
0.096000 0.018000 
0.097500 0.018000 
0.099000 0.018000 
0.100500 0.018000 
0.102000 0.018000 
0.103500 0.018000 
0.105000 0.018000 
0.106500 0.018000 
0.108000 0.018000 
0.109500 0.018000 
0.111000 0.018000 
0.112500 0.018000 
0.114000 0.018000 
0.115500 0.018000 
0.117000 0.018000 
0.118500 0.018000 
0.120000 0.018000 
0.121500 0.018000 
0.123000 0.018000 
0.124500 0.018000 
0.126000 0.018000 
0.127500 0.018000 
0.129000 0.018000 
0.130500 0.018000 
0.132000 0.018000 
0.133500 0.018000 
0.135000 0.018000 
0.136500 0.018000 
0.138000 0.018000 
0.139500 0.018000 
0.141000 0.018000 
0.142500 0.018000 
0.144000 0.018000 
0.145500 0.018000 
0.147000 0.018000 
0.148500 0.018000 
0.001500 0.016500 
0.003000 0.016500 
0.004500 0.016500 
0.006000 0.016500 
0.007500 0.016500 
0.009000 0.016500 
0.010500 0.016500 
0.012000 0.016500 
0.013500 0.016500 
0.015000 0.016500 
0.016500 0.016500 
0.018000 0.016500 
0.019500 0.016500 
0.021000 0.016500 
0.022500 0.016500 
0.024000 0.016500 
0.025500 0.016500 
0.027000 0.016500 
0.028500 0.016500 
0.030000 0.016500 
0.031500 0.016500 
0.033000 0.016500 
0.034500 0.016500 
0.036000 0.016500 
0.037500 0.016500 
0.039000 0.016500 
0.040500 0.016500 
0.042000 0.016500 
0.043500 0.016500 
0.045000 0.016500 
0.046500 0.016500 
0.048000 0.016500 
0.049500 0.016500 
0.051000 0.016500 
0.052500 0.016500 
0.054000 0.016500 
0.055500 0.016500 
0.057000 0.016500 
0.058500 0.016500 
0.060000 0.016500 
0.061500 0.016500 
0.063000 0.016500 
0.064500 0.016500 
0.066000 0.016500 
0.067500 0.016500 
0.069000 0.016500 
0.070500 0.016500 
0.072000 0.016500 
0.073500 0.016500 
0.075000 0.016500 
0.076500 0.016500 
0.078000 0.016500 
0.079500 0.016500 
0.081000 0.016500 
0.082500 0.016500 
0.084000 0.016500 
0.085500 0.016500 
0.087000 0.016500 
0.088500 0.016500 
0.090000 0.016500 
0.091500 0.016500 
0.093000 0.016500 
0.094500 0.016500 
0.096000 0.016500 
0.097500 0.016500 
0.099000 0.016500 
0.100500 0.016500 
0.102000 0.016500 
0.103500 0.016500 
0.105000 0.016500 
0.106500 0.016500 
0.108000 0.016500 
0.109500 0.016500 
0.111000 0.016500 
0.112500 0.016500 
0.114000 0.016500 
0.115500 0.016500 
0.117000 0.016500 
0.118500 0.016500 
0.120000 0.016500 
0.121500 0.016500 
0.123000 0.016500 
0.124500 0.016500 
0.126000 0.016500 
0.127500 0.016500 
0.129000 0.016500 
0.130500 0.016500 
0.132000 0.016500 
0.133500 0.016500 
0.135000 0.016500 
0.136500 0.016500 
0.138000 0.016500 
0.139500 0.016500 
0.141000 0.016500 
0.142500 0.016500 
0.144000 0.016500 
0.145500 0.016500 
0.147000 0.016500 
0.148500 0.016500 
0.001500 0.015000 
0.003000 0.015000 
0.004500 0.015000 
0.006000 0.015000 
0.007500 0.015000 
0.009000 0.015000 
0.010500 0.015000 
0.012000 0.015000 
0.013500 0.015000 
0.015000 0.015000 
0.016500 0.015000 
0.018000 0.015000 
0.019500 0.015000 
0.021000 0.015000 
0.022500 0.015000 
0.024000 0.015000 
0.025500 0.015000 
0.027000 0.015000 
0.028500 0.015000 
0.030000 0.015000 
0.031500 0.015000 
0.033000 0.015000 
0.034500 0.015000 
0.036000 0.015000 
0.037500 0.015000 
0.039000 0.015000 
0.040500 0.015000 
0.042000 0.015000 
0.043500 0.015000 
0.045000 0.015000 
0.046500 0.015000 
0.048000 0.015000 
0.049500 0.015000 
0.051000 0.015000 
0.052500 0.015000 
0.054000 0.015000 
0.055500 0.015000 
0.057000 0.015000 
0.058500 0.015000 
0.060000 0.015000 
0.061500 0.015000 
0.063000 0.015000 
0.064500 0.015000 
0.066000 0.015000 
0.067500 0.015000 
0.069000 0.015000 
0.070500 0.015000 
0.072000 0.015000 
0.073500 0.015000 
0.075000 0.015000 
0.076500 0.015000 
0.078000 0.015000 
0.079500 0.015000 
0.081000 0.015000 
0.082500 0.015000 
0.084000 0.015000 
0.085500 0.015000 
0.087000 0.015000 
0.088500 0.015000 
0.090000 0.015000 
0.091500 0.015000 
0.093000 0.015000 
0.094500 0.015000 
0.096000 0.015000 
0.097500 0.015000 
0.099000 0.015000 
0.100500 0.015000 
0.102000 0.015000 
0.103500 0.015000 
0.105000 0.015000 
0.106500 0.015000 
0.108000 0.015000 
0.109500 0.015000 
0.111000 0.015000 
0.112500 0.015000 
0.114000 0.015000 
0.115500 0.015000 
0.117000 0.015000 
0.118500 0.015000 
0.120000 0.015000 
0.121500 0.015000 
0.123000 0.015000 
0.124500 0.015000 
0.126000 0.015000 
0.127500 0.015000 
0.129000 0.015000 
0.130500 0.015000 
0.132000 0.015000 
0.133500 0.015000 
0.135000 0.015000 
0.136500 0.015000 
0.138000 0.015000 
0.139500 0.015000 
0.141000 0.015000 
0.142500 0.015000 
0.144000 0.015000 
0.145500 0.015000 
0.147000 0.015000 
0.148500 0.015000 
0.001500 0.013500 
0.003000 0.013500 
0.004500 0.013500 
0.006000 0.013500 
0.007500 0.013500 
0.009000 0.013500 
0.010500 0.013500 
0.012000 0.013500 
0.013500 0.013500 
0.015000 0.013500 
0.016500 0.013500 
0.018000 0.013500 
0.019500 0.013500 
0.021000 0.013500 
0.022500 0.013500 
0.024000 0.013500 
0.025500 0.013500 
0.027000 0.013500 
0.028500 0.013500 
0.030000 0.013500 
0.031500 0.013500 
0.033000 0.013500 
0.034500 0.013500 
0.036000 0.013500 
0.037500 0.013500 
0.039000 0.013500 
0.040500 0.013500 
0.042000 0.013500 
0.043500 0.013500 
0.045000 0.013500 
0.046500 0.013500 
0.048000 0.013500 
0.049500 0.013500 
0.051000 0.013500 
0.052500 0.013500 
0.054000 0.013500 
0.055500 0.013500 
0.057000 0.013500 
0.058500 0.013500 
0.060000 0.013500 
0.061500 0.013500 
0.063000 0.013500 
0.064500 0.013500 
0.066000 0.013500 
0.067500 0.013500 
0.069000 0.013500 
0.070500 0.013500 
0.072000 0.013500 
0.073500 0.013500 
0.075000 0.013500 
0.076500 0.013500 
0.078000 0.013500 
0.079500 0.013500 
0.081000 0.013500 
0.082500 0.013500 
0.084000 0.013500 
0.085500 0.013500 
0.087000 0.013500 
0.088500 0.013500 
0.090000 0.013500 
0.091500 0.013500 
0.093000 0.013500 
0.094500 0.013500 
0.096000 0.013500 
0.097500 0.013500 
0.099000 0.013500 
0.100500 0.013500 
0.102000 0.013500 
0.103500 0.013500 
0.105000 0.013500 
0.106500 0.013500 
0.108000 0.013500 
0.109500 0.013500 
0.111000 0.013500 
0.112500 0.013500 
0.114000 0.013500 
0.115500 0.013500 
0.117000 0.013500 
0.118500 0.013500 
0.120000 0.013500 
0.121500 0.013500 
0.123000 0.013500 
0.124500 0.013500 
0.126000 0.013500 
0.127500 0.013500 
0.129000 0.013500 
0.130500 0.013500 
0.132000 0.013500 
0.133500 0.013500 
0.135000 0.013500 
0.136500 0.013500 
0.138000 0.013500 
0.139500 0.013500 
0.141000 0.013500 
0.142500 0.013500 
0.144000 0.013500 
0.145500 0.013500 
0.147000 0.013500 
0.148500 0.013500 
0.001500 0.012000 
0.003000 0.012000 
0.004500 0.012000 
0.006000 0.012000 
0.007500 0.012000 
0.009000 0.012000 
0.010500 0.012000 
0.012000 0.012000 
0.013500 0.012000 
0.015000 0.012000 
0.016500 0.012000 
0.018000 0.012000 
0.019500 0.012000 
0.021000 0.012000 
0.022500 0.012000 
0.024000 0.012000 
0.025500 0.012000 
0.027000 0.012000 
0.028500 0.012000 
0.030000 0.012000 
0.031500 0.012000 
0.033000 0.012000 
0.034500 0.012000 
0.036000 0.012000 
0.037500 0.012000 
0.039000 0.012000 
0.040500 0.012000 
0.042000 0.012000 
0.043500 0.012000 
0.045000 0.012000 
0.046500 0.012000 
0.048000 0.012000 
0.049500 0.012000 
0.051000 0.012000 
0.052500 0.012000 
0.054000 0.012000 
0.055500 0.012000 
0.057000 0.012000 
0.058500 0.012000 
0.060000 0.012000 
0.061500 0.012000 
0.063000 0.012000 
0.064500 0.012000 
0.066000 0.012000 
0.067500 0.012000 
0.069000 0.012000 
0.070500 0.012000 
0.072000 0.012000 
0.073500 0.012000 
0.075000 0.012000 
0.076500 0.012000 
0.078000 0.012000 
0.079500 0.012000 
0.081000 0.012000 
0.082500 0.012000 
0.084000 0.012000 
0.085500 0.012000 
0.087000 0.012000 
0.088500 0.012000 
0.090000 0.012000 
0.091500 0.012000 
0.093000 0.012000 
0.094500 0.012000 
0.096000 0.012000 
0.097500 0.012000 
0.099000 0.012000 
0.100500 0.012000 
0.102000 0.012000 
0.103500 0.012000 
0.105000 0.012000 
0.106500 0.012000 
0.108000 0.012000 
0.109500 0.012000 
0.111000 0.012000 
0.112500 0.012000 
0.114000 0.012000 
0.115500 0.012000 
0.117000 0.012000 
0.118500 0.012000 
0.120000 0.012000 
0.121500 0.012000 
0.123000 0.012000 
0.124500 0.012000 
0.126000 0.012000 
0.127500 0.012000 
0.129000 0.012000 
0.130500 0.012000 
0.132000 0.012000 
0.133500 0.012000 
0.135000 0.012000 
0.136500 0.012000 
0.138000 0.012000 
0.139500 0.012000 
0.141000 0.012000 
0.142500 0.012000 
0.144000 0.012000 
0.145500 0.012000 
0.147000 0.012000 
0.148500 0.012000 
0.001500 0.010500 
0.003000 0.010500 
0.004500 0.010500 
0.006000 0.010500 
0.007500 0.010500 
0.009000 0.010500 
0.010500 0.010500 
0.012000 0.010500 
0.013500 0.010500 
0.015000 0.010500 
0.016500 0.010500 
0.018000 0.010500 
0.019500 0.010500 
0.021000 0.010500 
0.022500 0.010500 
0.024000 0.010500 
0.025500 0.010500 
0.027000 0.010500 
0.028500 0.010500 
0.030000 0.010500 
0.031500 0.010500 
0.033000 0.010500 
0.034500 0.010500 
0.036000 0.010500 
0.037500 0.010500 
0.039000 0.010500 
0.040500 0.010500 
0.042000 0.010500 
0.043500 0.010500 
0.045000 0.010500 
0.046500 0.010500 
0.048000 0.010500 
0.049500 0.010500 
0.051000 0.010500 
0.052500 0.010500 
0.054000 0.010500 
0.055500 0.010500 
0.057000 0.010500 
0.058500 0.010500 
0.060000 0.010500 
0.061500 0.010500 
0.063000 0.010500 
0.064500 0.010500 
0.066000 0.010500 
0.067500 0.010500 
0.069000 0.010500 
0.070500 0.010500 
0.072000 0.010500 
0.073500 0.010500 
0.075000 0.010500 
0.076500 0.010500 
0.078000 0.010500 
0.079500 0.010500 
0.081000 0.010500 
0.082500 0.010500 
0.084000 0.010500 
0.085500 0.010500 
0.087000 0.010500 
0.088500 0.010500 
0.090000 0.010500 
0.091500 0.010500 
0.093000 0.010500 
0.094500 0.010500 
0.096000 0.010500 
0.097500 0.010500 
0.099000 0.010500 
0.100500 0.010500 
0.102000 0.010500 
0.103500 0.010500 
0.105000 0.010500 
0.106500 0.010500 
0.108000 0.010500 
0.109500 0.010500 
0.111000 0.010500 
0.112500 0.010500 
0.114000 0.010500 
0.115500 0.010500 
0.117000 0.010500 
0.118500 0.010500 
0.120000 0.010500 
0.121500 0.010500 
0.123000 0.010500 
0.124500 0.010500 
0.126000 0.010500 
0.127500 0.010500 
0.129000 0.010500 
0.130500 0.010500 
0.132000 0.010500 
0.133500 0.010500 
0.135000 0.010500 
0.136500 0.010500 
0.138000 0.010500 
0.139500 0.010500 
0.141000 0.010500 
0.142500 0.010500 
0.144000 0.010500 
0.145500 0.010500 
0.147000 0.010500 
0.148500 0.010500 
0.001500 0.009000 
0.003000 0.009000 
0.004500 0.009000 
0.006000 0.009000 
0.007500 0.009000 
0.009000 0.009000 
0.010500 0.009000 
0.012000 0.009000 
0.013500 0.009000 
0.015000 0.009000 
0.016500 0.009000 
0.018000 0.009000 
0.019500 0.009000 
0.021000 0.009000 
0.022500 0.009000 
0.024000 0.009000 
0.025500 0.009000 
0.027000 0.009000 
0.028500 0.009000 
0.030000 0.009000 
0.031500 0.009000 
0.033000 0.009000 
0.034500 0.009000 
0.036000 0.009000 
0.037500 0.009000 
0.039000 0.009000 
0.040500 0.009000 
0.042000 0.009000 
0.043500 0.009000 
0.045000 0.009000 
0.046500 0.009000 
0.048000 0.009000 
0.049500 0.009000 
0.051000 0.009000 
0.052500 0.009000 
0.054000 0.009000 
0.055500 0.009000 
0.057000 0.009000 
0.058500 0.009000 
0.060000 0.009000 
0.061500 0.009000 
0.063000 0.009000 
0.064500 0.009000 
0.066000 0.009000 
0.067500 0.009000 
0.069000 0.009000 
0.070500 0.009000 
0.072000 0.009000 
0.073500 0.009000 
0.075000 0.009000 
0.076500 0.009000 
0.078000 0.009000 
0.079500 0.009000 
0.081000 0.009000 
0.082500 0.009000 
0.084000 0.009000 
0.085500 0.009000 
0.087000 0.009000 
0.088500 0.009000 
0.090000 0.009000 
0.091500 0.009000 
0.093000 0.009000 
0.094500 0.009000 
0.096000 0.009000 
0.097500 0.009000 
0.099000 0.009000 
0.100500 0.009000 
0.102000 0.009000 
0.103500 0.009000 
0.105000 0.009000 
0.106500 0.009000 
0.108000 0.009000 
0.109500 0.009000 
0.111000 0.009000 
0.112500 0.009000 
0.114000 0.009000 
0.115500 0.009000 
0.117000 0.009000 
0.118500 0.009000 
0.120000 0.009000 
0.121500 0.009000 
0.123000 0.009000 
0.124500 0.009000 
0.126000 0.009000 
0.127500 0.009000 
0.129000 0.009000 
0.130500 0.009000 
0.132000 0.009000 
0.133500 0.009000 
0.135000 0.009000 
0.136500 0.009000 
0.138000 0.009000 
0.139500 0.009000 
0.141000 0.009000 
0.142500 0.009000 
0.144000 0.009000 
0.145500 0.009000 
0.147000 0.009000 
0.148500 0.009000 
0.001500 0.007500 
0.003000 0.007500 
0.004500 0.007500 
0.006000 0.007500 
0.007500 0.007500 
0.009000 0.007500 
0.010500 0.007500 
0.012000 0.007500 
0.013500 0.007500 
0.015000 0.007500 
0.016500 0.007500 
0.018000 0.007500 
0.019500 0.007500 
0.021000 0.007500 
0.022500 0.007500 
0.024000 0.007500 
0.025500 0.007500 
0.027000 0.007500 
0.028500 0.007500 
0.030000 0.007500 
0.031500 0.007500 
0.033000 0.007500 
0.034500 0.007500 
0.036000 0.007500 
0.037500 0.007500 
0.039000 0.007500 
0.040500 0.007500 
0.042000 0.007500 
0.043500 0.007500 
0.045000 0.007500 
0.046500 0.007500 
0.048000 0.007500 
0.049500 0.007500 
0.051000 0.007500 
0.052500 0.007500 
0.054000 0.007500 
0.055500 0.007500 
0.057000 0.007500 
0.058500 0.007500 
0.060000 0.007500 
0.061500 0.007500 
0.063000 0.007500 
0.064500 0.007500 
0.066000 0.007500 
0.067500 0.007500 
0.069000 0.007500 
0.070500 0.007500 
0.072000 0.007500 
0.073500 0.007500 
0.075000 0.007500 
0.076500 0.007500 
0.078000 0.007500 
0.079500 0.007500 
0.081000 0.007500 
0.082500 0.007500 
0.084000 0.007500 
0.085500 0.007500 
0.087000 0.007500 
0.088500 0.007500 
0.090000 0.007500 
0.091500 0.007500 
0.093000 0.007500 
0.094500 0.007500 
0.096000 0.007500 
0.097500 0.007500 
0.099000 0.007500 
0.100500 0.007500 
0.102000 0.007500 
0.103500 0.007500 
0.105000 0.007500 
0.106500 0.007500 
0.108000 0.007500 
0.109500 0.007500 
0.111000 0.007500 
0.112500 0.007500 
0.114000 0.007500 
0.115500 0.007500 
0.117000 0.007500 
0.118500 0.007500 
0.120000 0.007500 
0.121500 0.007500 
0.123000 0.007500 
0.124500 0.007500 
0.126000 0.007500 
0.127500 0.007500 
0.129000 0.007500 
0.130500 0.007500 
0.132000 0.007500 
0.133500 0.007500 
0.135000 0.007500 
0.136500 0.007500 
0.138000 0.007500 
0.139500 0.007500 
0.141000 0.007500 
0.142500 0.007500 
0.144000 0.007500 
0.145500 0.007500 
0.147000 0.007500 
0.148500 0.007500 
0.001500 0.006000 
0.003000 0.006000 
0.004500 0.006000 
0.006000 0.006000 
0.007500 0.006000 
0.009000 0.006000 
0.010500 0.006000 
0.012000 0.006000 
0.013500 0.006000 
0.015000 0.006000 
0.016500 0.006000 
0.018000 0.006000 
0.019500 0.006000 
0.021000 0.006000 
0.022500 0.006000 
0.024000 0.006000 
0.025500 0.006000 
0.027000 0.006000 
0.028500 0.006000 
0.030000 0.006000 
0.031500 0.006000 
0.033000 0.006000 
0.034500 0.006000 
0.036000 0.006000 
0.037500 0.006000 
0.039000 0.006000 
0.040500 0.006000 
0.042000 0.006000 
0.043500 0.006000 
0.045000 0.006000 
0.046500 0.006000 
0.048000 0.006000 
0.049500 0.006000 
0.051000 0.006000 
0.052500 0.006000 
0.054000 0.006000 
0.055500 0.006000 
0.057000 0.006000 
0.058500 0.006000 
0.060000 0.006000 
0.061500 0.006000 
0.063000 0.006000 
0.064500 0.006000 
0.066000 0.006000 
0.067500 0.006000 
0.069000 0.006000 
0.070500 0.006000 
0.072000 0.006000 
0.073500 0.006000 
0.075000 0.006000 
0.076500 0.006000 
0.078000 0.006000 
0.079500 0.006000 
0.081000 0.006000 
0.082500 0.006000 
0.084000 0.006000 
0.085500 0.006000 
0.087000 0.006000 
0.088500 0.006000 
0.090000 0.006000 
0.091500 0.006000 
0.093000 0.006000 
0.094500 0.006000 
0.096000 0.006000 
0.097500 0.006000 
0.099000 0.006000 
0.100500 0.006000 
0.102000 0.006000 
0.103500 0.006000 
0.105000 0.006000 
0.106500 0.006000 
0.108000 0.006000 
0.109500 0.006000 
0.111000 0.006000 
0.112500 0.006000 
0.114000 0.006000 
0.115500 0.006000 
0.117000 0.006000 
0.118500 0.006000 
0.120000 0.006000 
0.121500 0.006000 
0.123000 0.006000 
0.124500 0.006000 
0.126000 0.006000 
0.127500 0.006000 
0.129000 0.006000 
0.130500 0.006000 
0.132000 0.006000 
0.133500 0.006000 
0.135000 0.006000 
0.136500 0.006000 
0.138000 0.006000 
0.139500 0.006000 
0.141000 0.006000 
0.142500 0.006000 
0.144000 0.006000 
0.145500 0.006000 
0.147000 0.006000 
0.148500 0.006000 
0.001500 0.004500 
0.003000 0.004500 
0.004500 0.004500 
0.006000 0.004500 
0.007500 0.004500 
0.009000 0.004500 
0.010500 0.004500 
0.012000 0.004500 
0.013500 0.004500 
0.015000 0.004500 
0.016500 0.004500 
0.018000 0.004500 
0.019500 0.004500 
0.021000 0.004500 
0.022500 0.004500 
0.024000 0.004500 
0.025500 0.004500 
0.027000 0.004500 
0.028500 0.004500 
0.030000 0.004500 
0.031500 0.004500 
0.033000 0.004500 
0.034500 0.004500 
0.036000 0.004500 
0.037500 0.004500 
0.039000 0.004500 
0.040500 0.004500 
0.042000 0.004500 
0.043500 0.004500 
0.045000 0.004500 
0.046500 0.004500 
0.048000 0.004500 
0.049500 0.004500 
0.051000 0.004500 
0.052500 0.004500 
0.054000 0.004500 
0.055500 0.004500 
0.057000 0.004500 
0.058500 0.004500 
0.060000 0.004500 
0.061500 0.004500 
0.063000 0.004500 
0.064500 0.004500 
0.066000 0.004500 
0.067500 0.004500 
0.069000 0.004500 
0.070500 0.004500 
0.072000 0.004500 
0.073500 0.004500 
0.075000 0.004500 
0.076500 0.004500 
0.078000 0.004500 
0.079500 0.004500 
0.081000 0.004500 
0.082500 0.004500 
0.084000 0.004500 
0.085500 0.004500 
0.087000 0.004500 
0.088500 0.004500 
0.090000 0.004500 
0.091500 0.004500 
0.093000 0.004500 
0.094500 0.004500 
0.096000 0.004500 
0.097500 0.004500 
0.099000 0.004500 
0.100500 0.004500 
0.102000 0.004500 
0.103500 0.004500 
0.105000 0.004500 
0.106500 0.004500 
0.108000 0.004500 
0.109500 0.004500 
0.111000 0.004500 
0.112500 0.004500 
0.114000 0.004500 
0.115500 0.004500 
0.117000 0.004500 
0.118500 0.004500 
0.120000 0.004500 
0.121500 0.004500 
0.123000 0.004500 
0.124500 0.004500 
0.126000 0.004500 
0.127500 0.004500 
0.129000 0.004500 
0.130500 0.004500 
0.132000 0.004500 
0.133500 0.004500 
0.135000 0.004500 
0.136500 0.004500 
0.138000 0.004500 
0.139500 0.004500 
0.141000 0.004500 
0.142500 0.004500 
0.144000 0.004500 
0.145500 0.004500 
0.147000 0.004500 
0.148500 0.004500 
0.001500 0.003000 
0.003000 0.003000 
0.004500 0.003000 
0.006000 0.003000 
0.007500 0.003000 
0.009000 0.003000 
0.010500 0.003000 
0.012000 0.003000 
0.013500 0.003000 
0.015000 0.003000 
0.016500 0.003000 
0.018000 0.003000 
0.019500 0.003000 
0.021000 0.003000 
0.022500 0.003000 
0.024000 0.003000 
0.025500 0.003000 
0.027000 0.003000 
0.028500 0.003000 
0.030000 0.003000 
0.031500 0.003000 
0.033000 0.003000 
0.034500 0.003000 
0.036000 0.003000 
0.037500 0.003000 
0.039000 0.003000 
0.040500 0.003000 
0.042000 0.003000 
0.043500 0.003000 
0.045000 0.003000 
0.046500 0.003000 
0.048000 0.003000 
0.049500 0.003000 
0.051000 0.003000 
0.052500 0.003000 
0.054000 0.003000 
0.055500 0.003000 
0.057000 0.003000 
0.058500 0.003000 
0.060000 0.003000 
0.061500 0.003000 
0.063000 0.003000 
0.064500 0.003000 
0.066000 0.003000 
0.067500 0.003000 
0.069000 0.003000 
0.070500 0.003000 
0.072000 0.003000 
0.073500 0.003000 
0.075000 0.003000 
0.076500 0.003000 
0.078000 0.003000 
0.079500 0.003000 
0.081000 0.003000 
0.082500 0.003000 
0.084000 0.003000 
0.085500 0.003000 
0.087000 0.003000 
0.088500 0.003000 
0.090000 0.003000 
0.091500 0.003000 
0.093000 0.003000 
0.094500 0.003000 
0.096000 0.003000 
0.097500 0.003000 
0.099000 0.003000 
0.100500 0.003000 
0.102000 0.003000 
0.103500 0.003000 
0.105000 0.003000 
0.106500 0.003000 
0.108000 0.003000 
0.109500 0.003000 
0.111000 0.003000 
0.112500 0.003000 
0.114000 0.003000 
0.115500 0.003000 
0.117000 0.003000 
0.118500 0.003000 
0.120000 0.003000 
0.121500 0.003000 
0.123000 0.003000 
0.124500 0.003000 
0.126000 0.003000 
0.127500 0.003000 
0.129000 0.003000 
0.130500 0.003000 
0.132000 0.003000 
0.133500 0.003000 
0.135000 0.003000 
0.136500 0.003000 
0.138000 0.003000 
0.139500 0.003000 
0.141000 0.003000 
0.142500 0.003000 
0.144000 0.003000 
0.145500 0.003000 
0.147000 0.003000 
0.148500 0.003000 
0.001500 0.001500 
0.003000 0.001500 
0.004500 0.001500 
0.006000 0.001500 
0.007500 0.001500 
0.009000 0.001500 
0.010500 0.001500 
0.012000 0.001500 
0.013500 0.001500 
0.015000 0.001500 
0.016500 0.001500 
0.018000 0.001500 
0.019500 0.001500 
0.021000 0.001500 
0.022500 0.001500 
0.024000 0.001500 
0.025500 0.001500 
0.027000 0.001500 
0.028500 0.001500 
0.030000 0.001500 
0.031500 0.001500 
0.033000 0.001500 
0.034500 0.001500 
0.036000 0.001500 
0.037500 0.001500 
0.039000 0.001500 
0.040500 0.001500 
0.042000 0.001500 
0.043500 0.001500 
0.045000 0.001500 
0.046500 0.001500 
0.048000 0.001500 
0.049500 0.001500 
0.051000 0.001500 
0.052500 0.001500 
0.054000 0.001500 
0.055500 0.001500 
0.057000 0.001500 
0.058500 0.001500 
0.060000 0.001500 
0.061500 0.001500 
0.063000 0.001500 
0.064500 0.001500 
0.066000 0.001500 
0.067500 0.001500 
0.069000 0.001500 
0.070500 0.001500 
0.072000 0.001500 
0.073500 0.001500 
0.075000 0.001500 
0.076500 0.001500 
0.078000 0.001500 
0.079500 0.001500 
0.081000 0.001500 
0.082500 0.001500 
0.084000 0.001500 
0.085500 0.001500 
0.087000 0.001500 
0.088500 0.001500 
0.090000 0.001500 
0.091500 0.001500 
0.093000 0.001500 
0.094500 0.001500 
0.096000 0.001500 
0.097500 0.001500 
0.099000 0.001500 
0.100500 0.001500 
0.102000 0.001500 
0.103500 0.001500 
0.105000 0.001500 
0.106500 0.001500 
0.108000 0.001500 
0.109500 0.001500 
0.111000 0.001500 
0.112500 0.001500 
0.114000 0.001500 
0.115500 0.001500 
0.117000 0.001500 
0.118500 0.001500 
0.120000 0.001500 
0.121500 0.001500 
0.123000 0.001500 
0.124500 0.001500 
0.126000 0.001500 
0.127500 0.001500 
0.129000 0.001500 
0.130500 0.001500 
0.132000 0.001500 
0.133500 0.001500 
0.135000 0.001500 
0.136500 0.001500 
0.138000 0.001500 
0.139500 0.001500 
0.141000 0.001500 
0.142500 0.001500 
0.144000 0.001500 
0.145500 0.001500 
0.147000 0.001500 
0.148500 0.001500 
*ELEMENT
num-elem: 2000
num-elem-node: 4
elem-conn:
23 24 241 240
240 241 242 239
239 242 243 238
238 243 244 237
237 244 245 236
236 245 246 235
235 246 247 234
234 247 248 233
233 248 249 232
232 249 250 231
231 250 251 230
230 251 252 229
229 252 253 228
228 253 254 227
227 254 255 226
226 255 256 225
225 256 257 224
224 257 258 223
223 258 259 222
222 259 260 221
221 260 261 220
220 261 262 219
219 262 263 218
218 263 264 217
217 264 265 216
216 265 266 215
215 266 267 214
214 267 268 213
213 268 269 212
212 269 270 211
211 270 271 210
210 271 272 209
209 272 273 208
208 273 274 207
207 274 275 206
206 275 276 205
205 276 277 204
204 277 278 203
203 278 279 202
202 279 280 201
201 280 281 200
200 281 282 199
199 282 283 198
198 283 284 197
197 284 285 196
196 285 286 195
195 286 287 194
194 287 288 193
193 288 289 192
192 289 290 191
191 290 291 190
190 291 292 189
189 292 293 188
188 293 294 187
187 294 295 186
186 295 296 185
185 296 297 184
184 297 298 183
183 298 299 182
182 299 300 181
181 300 301 180
180 301 302 179
179 302 303 178
178 303 304 177
177 304 305 176
176 305 306 175
175 306 307 174
174 307 308 173
173 308 309 172
172 309 310 171
171 310 311 170
170 311 312 169
169 312 313 168
168 313 314 167
167 314 315 166
166 315 316 165
165 316 317 164
164 317 318 163
163 318 319 162
162 319 320 161
161 320 321 160
160 321 322 159
159 322 323 158
158 323 324 157
157 324 325 156
156 325 326 155
155 326 327 154
154 327 328 153
153 328 329 152
152 329 330 151
151 330 331 150
150 331 332 149
149 332 333 148
148 333 334 147
147 334 335 146
146 335 336 145
145 336 337 144
144 337 338 143
143 338 339 142
142 339 21 1
24 25 340 241
241 340 341 242
242 341 342 243
243 342 343 244
244 343 344 245
245 344 345 246
246 345 346 247
247 346 347 248
248 347 348 249
249 348 349 250
250 349 350 251
251 350 351 252
252 351 352 253
253 352 353 254
254 353 354 255
255 354 355 256
256 355 356 257
257 356 357 258
258 357 358 259
259 358 359 260
260 359 360 261
261 360 361 262
262 361 362 263
263 362 363 264
264 363 364 265
265 364 365 266
266 365 366 267
267 366 367 268
268 367 368 269
269 368 369 270
270 369 370 271
271 370 371 272
272 371 372 273
273 372 373 274
274 373 374 275
275 374 375 276
276 375 376 277
277 376 377 278
278 377 378 279
279 378 379 280
280 379 380 281
281 380 381 282
282 381 382 283
283 382 383 284
284 383 384 285
285 384 385 286
286 385 386 287
287 386 387 288
288 387 388 289
289 388 389 290
290 389 390 291
291 390 391 292
292 391 392 293
293 392 393 294
294 393 394 295
295 394 395 296
296 395 396 297
297 396 397 298
298 397 398 299
299 398 399 300
300 399 400 301
301 400 401 302
302 401 402 303
303 402 403 304
304 403 404 305
305 404 405 306
306 405 406 307
307 406 407 308
308 407 408 309
309 408 409 310
310 409 410 311
311 410 411 312
312 411 412 313
313 412 413 314
314 413 414 315
315 414 415 316
316 415 416 317
317 416 417 318
318 417 418 319
319 418 419 320
320 419 420 321
321 420 421 322
322 421 422 323
323 422 423 324
324 423 424 325
325 424 425 326
326 425 426 327
327 426 427 328
328 427 428 329
329 428 429 330
330 429 430 331
331 430 431 332
332 431 432 333
333 432 433 334
334 433 434 335
335 434 435 336
336 435 436 337
337 436 437 338
338 437 438 339
339 438 20 21
25 26 439 340
340 439 440 341
341 440 441 342
342 441 442 343
343 442 443 344
344 443 444 345
345 444 445 346
346 445 446 347
347 446 447 348
348 447 448 349
349 448 449 350
350 449 450 351
351 450 451 352
352 451 452 353
353 452 453 354
354 453 454 355
355 454 455 356
356 455 456 357
357 456 457 358
358 457 458 359
359 458 459 360
360 459 460 361
361 460 461 362
362 461 462 363
363 462 463 364
364 463 464 365
365 464 465 366
366 465 466 367
367 466 467 368
368 467 468 369
369 468 469 370
370 469 470 371
371 470 471 372
372 471 472 373
373 472 473 374
374 473 474 375
375 474 475 376
376 475 476 377
377 476 477 378
378 477 478 379
379 478 479 380
380 479 480 381
381 480 481 382
382 481 482 383
383 482 483 384
384 483 484 385
385 484 485 386
386 485 486 387
387 486 487 388
388 487 488 389
389 488 489 390
390 489 490 391
391 490 491 392
392 491 492 393
393 492 493 394
394 493 494 395
395 494 495 396
396 495 496 397
397 496 497 398
398 497 498 399
399 498 499 400
400 499 500 401
401 500 501 402
402 501 502 403
403 502 503 404
404 503 504 405
405 504 505 406
406 505 506 407
407 506 507 408
408 507 508 409
409 508 509 410
410 509 510 411
411 510 511 412
412 511 512 413
413 512 513 414
414 513 514 415
415 514 515 416
416 515 516 417
417 516 517 418
418 517 518 419
419 518 519 420
420 519 520 421
421 520 521 422
422 521 522 423
423 522 523 424
424 523 524 425
425 524 525 426
426 525 526 427
427 526 527 428
428 527 528 429
429 528 529 430
430 529 530 431
431 530 531 432
432 531 532 433
433 532 533 434
434 533 534 435
435 534 535 436
436 535 536 437
437 536 537 438
438 537 19 20
26 27 538 439
439 538 539 440
440 539 540 441
441 540 541 442
442 541 542 443
443 542 543 444
444 543 544 445
445 544 545 446
446 545 546 447
447 546 547 448
448 547 548 449
449 548 549 450
450 549 550 451
451 550 551 452
452 551 552 453
453 552 553 454
454 553 554 455
455 554 555 456
456 555 556 457
457 556 557 458
458 557 558 459
459 558 559 460
460 559 560 461
461 560 561 462
462 561 562 463
463 562 563 464
464 563 564 465
465 564 565 466
466 565 566 467
467 566 567 468
468 567 568 469
469 568 569 470
470 569 570 471
471 570 571 472
472 571 572 473
473 572 573 474
474 573 574 475
475 574 575 476
476 575 576 477
477 576 577 478
478 577 578 479
479 578 579 480
480 579 580 481
481 580 581 482
482 581 582 483
483 582 583 484
484 583 584 485
485 584 585 486
486 585 586 487
487 586 587 488
488 587 588 489
489 588 589 490
490 589 590 491
491 590 591 492
492 591 592 493
493 592 593 494
494 593 594 495
495 594 595 496
496 595 596 497
497 596 597 498
498 597 598 499
499 598 599 500
500 599 600 501
501 600 601 502
502 601 602 503
503 602 603 504
504 603 604 505
505 604 605 506
506 605 606 507
507 606 607 508
508 607 608 509
509 608 609 510
510 609 610 511
511 610 611 512
512 611 612 513
513 612 613 514
514 613 614 515
515 614 615 516
516 615 616 517
517 616 617 518
518 617 618 519
519 618 619 520
520 619 620 521
521 620 621 522
522 621 622 523
523 622 623 524
524 623 624 525
525 624 625 526
526 625 626 527
527 626 627 528
528 627 628 529
529 628 629 530
530 629 630 531
531 630 631 532
532 631 632 533
533 632 633 534
534 633 634 535
535 634 635 536
536 635 636 537
537 636 18 19
27 28 637 538
538 637 638 539
539 638 639 540
540 639 640 541
541 640 641 542
542 641 642 543
543 642 643 544
544 643 644 545
545 644 645 546
546 645 646 547
547 646 647 548
548 647 648 549
549 648 649 550
550 649 650 551
551 650 651 552
552 651 652 553
553 652 653 554
554 653 654 555
555 654 655 556
556 655 656 557
557 656 657 558
558 657 658 559
559 658 659 560
560 659 660 561
561 660 661 562
562 661 662 563
563 662 663 564
564 663 664 565
565 664 665 566
566 665 666 567
567 666 667 568
568 667 668 569
569 668 669 570
570 669 670 571
571 670 671 572
572 671 672 573
573 672 673 574
574 673 674 575
575 674 675 576
576 675 676 577
577 676 677 578
578 677 678 579
579 678 679 580
580 679 680 581
581 680 681 582
582 681 682 583
583 682 683 584
584 683 684 585
585 684 685 586
586 685 686 587
587 686 687 588
588 687 688 589
589 688 689 590
590 689 690 591
591 690 691 592
592 691 692 593
593 692 693 594
594 693 694 595
595 694 695 596
596 695 696 597
597 696 697 598
598 697 698 599
599 698 699 600
600 699 700 601
601 700 701 602
602 701 702 603
603 702 703 604
604 703 704 605
605 704 705 606
606 705 706 607
607 706 707 608
608 707 708 609
609 708 709 610
610 709 710 611
611 710 711 612
612 711 712 613
613 712 713 614
614 713 714 615
615 714 715 616
616 715 716 617
617 716 717 618
618 717 718 619
619 718 719 620
620 719 720 621
621 720 721 622
622 721 722 623
623 722 723 624
624 723 724 625
625 724 725 626
626 725 726 627
627 726 727 628
628 727 728 629
629 728 729 630
630 729 730 631
631 730 731 632
632 731 732 633
633 732 733 634
634 733 734 635
635 734 735 636
636 735 17 18
28 29 736 637
637 736 737 638
638 737 738 639
639 738 739 640
640 739 740 641
641 740 741 642
642 741 742 643
643 742 743 644
644 743 744 645
645 744 745 646
646 745 746 647
647 746 747 648
648 747 748 649
649 748 749 650
650 749 750 651
651 750 751 652
652 751 752 653
653 752 753 654
654 753 754 655
655 754 755 656
656 755 756 657
657 756 757 658
658 757 758 659
659 758 759 660
660 759 760 661
661 760 761 662
662 761 762 663
663 762 763 664
664 763 764 665
665 764 765 666
666 765 766 667
667 766 767 668
668 767 768 669
669 768 769 670
670 769 770 671
671 770 771 672
672 771 772 673
673 772 773 674
674 773 774 675
675 774 775 676
676 775 776 677
677 776 777 678
678 777 778 679
679 778 779 680
680 779 780 681
681 780 781 682
682 781 782 683
683 782 783 684
684 783 784 685
685 784 785 686
686 785 786 687
687 786 787 688
688 787 788 689
689 788 789 690
690 789 790 691
691 790 791 692
692 791 792 693
693 792 793 694
694 793 794 695
695 794 795 696
696 795 796 697
697 796 797 698
698 797 798 699
699 798 799 700
700 799 800 701
701 800 801 702
702 801 802 703
703 802 803 704
704 803 804 705
705 804 805 706
706 805 806 707
707 806 807 708
708 807 808 709
709 808 809 710
710 809 810 711
711 810 811 712
712 811 812 713
713 812 813 714
714 813 814 715
715 814 815 716
716 815 816 717
717 816 817 718
718 817 818 719
719 818 819 720
720 819 820 721
721 820 821 722
722 821 822 723
723 822 823 724
724 823 824 725
725 824 825 726
726 825 826 727
727 826 827 728
728 827 828 729
729 828 829 730
730 829 830 731
731 830 831 732
732 831 832 733
733 832 833 734
734 833 834 735
735 834 16 17
29 30 835 736
736 835 836 737
737 836 837 738
738 837 838 739
739 838 839 740
740 839 840 741
741 840 841 742
742 841 842 743
743 842 843 744
744 843 844 745
745 844 845 746
746 845 846 747
747 846 847 748
748 847 848 749
749 848 849 750
750 849 850 751
751 850 851 752
752 851 852 753
753 852 853 754
754 853 854 755
755 854 855 756
756 855 856 757
757 856 857 758
758 857 858 759
759 858 859 760
760 859 860 761
761 860 861 762
762 861 862 763
763 862 863 764
764 863 864 765
765 864 865 766
766 865 866 767
767 866 867 768
768 867 868 769
769 868 869 770
770 869 870 771
771 870 871 772
772 871 872 773
773 872 873 774
774 873 874 775
775 874 875 776
776 875 876 777
777 876 877 778
778 877 878 779
779 878 879 780
780 879 880 781
781 880 881 782
782 881 882 783
783 882 883 784
784 883 884 785
785 884 885 786
786 885 886 787
787 886 887 788
788 887 888 789
789 888 889 790
790 889 890 791
791 890 891 792
792 891 892 793
793 892 893 794
794 893 894 795
795 894 895 796
796 895 896 797
797 896 897 798
798 897 898 799
799 898 899 800
800 899 900 801
801 900 901 802
802 901 902 803
803 902 903 804
804 903 904 805
805 904 905 806
806 905 906 807
807 906 907 808
808 907 908 809
809 908 909 810
810 909 910 811
811 910 911 812
812 911 912 813
813 912 913 814
814 913 914 815
815 914 915 816
816 915 916 817
817 916 917 818
818 917 918 819
819 918 919 820
820 919 920 821
821 920 921 822
822 921 922 823
823 922 923 824
824 923 924 825
825 924 925 826
826 925 926 827
827 926 927 828
828 927 928 829
829 928 929 830
830 929 930 831
831 930 931 832
832 931 932 833
833 932 933 834
834 933 15 16
30 31 934 835
835 934 935 836
836 935 936 837
837 936 937 838
838 937 938 839
839 938 939 840
840 939 940 841
841 940 941 842
842 941 942 843
843 942 943 844
844 943 944 845
845 944 945 846
846 945 946 847
847 946 947 848
848 947 948 849
849 948 949 850
850 949 950 851
851 950 951 852
852 951 952 853
853 952 953 854
854 953 954 855
855 954 955 856
856 955 956 857
857 956 957 858
858 957 958 859
859 958 959 860
860 959 960 861
861 960 961 862
862 961 962 863
863 962 963 864
864 963 964 865
865 964 965 866
866 965 966 867
867 966 967 868
868 967 968 869
869 968 969 870
870 969 970 871
871 970 971 872
872 971 972 873
873 972 973 874
874 973 974 875
875 974 975 876
876 975 976 877
877 976 977 878
878 977 978 879
879 978 979 880
880 979 980 881
881 980 981 882
882 981 982 883
883 982 983 884
884 983 984 885
885 984 985 886
886 985 986 887
887 986 987 888
888 987 988 889
889 988 989 890
890 989 990 891
891 990 991 892
892 991 992 893
893 992 993 894
894 993 994 895
895 994 995 896
896 995 996 897
897 996 997 898
898 997 998 899
899 998 999 900
900 999 1000 901
901 1000 1001 902
902 1001 1002 903
903 1002 1003 904
904 1003 1004 905
905 1004 1005 906
906 1005 1006 907
907 1006 1007 908
908 1007 1008 909
909 1008 1009 910
910 1009 1010 911
911 1010 1011 912
912 1011 1012 913
913 1012 1013 914
914 1013 1014 915
915 1014 1015 916
916 1015 1016 917
917 1016 1017 918
918 1017 1018 919
919 1018 1019 920
920 1019 1020 921
921 1020 1021 922
922 1021 1022 923
923 1022 1023 924
924 1023 1024 925
925 1024 1025 926
926 1025 1026 927
927 1026 1027 928
928 1027 1028 929
929 1028 1029 930
930 1029 1030 931
931 1030 1031 932
932 1031 1032 933
933 1032 14 15
31 32 1033 934
934 1033 1034 935
935 1034 1035 936
936 1035 1036 937
937 1036 1037 938
938 1037 1038 939
939 1038 1039 940
940 1039 1040 941
941 1040 1041 942
942 1041 1042 943
943 1042 1043 944
944 1043 1044 945
945 1044 1045 946
946 1045 1046 947
947 1046 1047 948
948 1047 1048 949
949 1048 1049 950
950 1049 1050 951
951 1050 1051 952
952 1051 1052 953
953 1052 1053 954
954 1053 1054 955
955 1054 1055 956
956 1055 1056 957
957 1056 1057 958
958 1057 1058 959
959 1058 1059 960
960 1059 1060 961
961 1060 1061 962
962 1061 1062 963
963 1062 1063 964
964 1063 1064 965
965 1064 1065 966
966 1065 1066 967
967 1066 1067 968
968 1067 1068 969
969 1068 1069 970
970 1069 1070 971
971 1070 1071 972
972 1071 1072 973
973 1072 1073 974
974 1073 1074 975
975 1074 1075 976
976 1075 1076 977
977 1076 1077 978
978 1077 1078 979
979 1078 1079 980
980 1079 1080 981
981 1080 1081 982
982 1081 1082 983
983 1082 1083 984
984 1083 1084 985
985 1084 1085 986
986 1085 1086 987
987 1086 1087 988
988 1087 1088 989
989 1088 1089 990
990 1089 1090 991
991 1090 1091 992
992 1091 1092 993
993 1092 1093 994
994 1093 1094 995
995 1094 1095 996
996 1095 1096 997
997 1096 1097 998
998 1097 1098 999
999 1098 1099 1000
1000 1099 1100 1001
1001 1100 1101 1002
1002 1101 1102 1003
1003 1102 1103 1004
1004 1103 1104 1005
1005 1104 1105 1006
1006 1105 1106 1007
1007 1106 1107 1008
1008 1107 1108 1009
1009 1108 1109 1010
1010 1109 1110 1011
1011 1110 1111 1012
1012 1111 1112 1013
1013 1112 1113 1014
1014 1113 1114 1015
1015 1114 1115 1016
1016 1115 1116 1017
1017 1116 1117 1018
1018 1117 1118 1019
1019 1118 1119 1020
1020 1119 1120 1021
1021 1120 1121 1022
1022 1121 1122 1023
1023 1122 1123 1024
1024 1123 1124 1025
1025 1124 1125 1026
1026 1125 1126 1027
1027 1126 1127 1028
1028 1127 1128 1029
1029 1128 1129 1030
1030 1129 1130 1031
1031 1130 1131 1032
1032 1131 13 14
32 33 1132 1033
1033 1132 1133 1034
1034 1133 1134 1035
1035 1134 1135 1036
1036 1135 1136 1037
1037 1136 1137 1038
1038 1137 1138 1039
1039 1138 1139 1040
1040 1139 1140 1041
1041 1140 1141 1042
1042 1141 1142 1043
1043 1142 1143 1044
1044 1143 1144 1045
1045 1144 1145 1046
1046 1145 1146 1047
1047 1146 1147 1048
1048 1147 1148 1049
1049 1148 1149 1050
1050 1149 1150 1051
1051 1150 1151 1052
1052 1151 1152 1053
1053 1152 1153 1054
1054 1153 1154 1055
1055 1154 1155 1056
1056 1155 1156 1057
1057 1156 1157 1058
1058 1157 1158 1059
1059 1158 1159 1060
1060 1159 1160 1061
1061 1160 1161 1062
1062 1161 1162 1063
1063 1162 1163 1064
1064 1163 1164 1065
1065 1164 1165 1066
1066 1165 1166 1067
1067 1166 1167 1068
1068 1167 1168 1069
1069 1168 1169 1070
1070 1169 1170 1071
1071 1170 1171 1072
1072 1171 1172 1073
1073 1172 1173 1074
1074 1173 1174 1075
1075 1174 1175 1076
1076 1175 1176 1077
1077 1176 1177 1078
1078 1177 1178 1079
1079 1178 1179 1080
1080 1179 1180 1081
1081 1180 1181 1082
1082 1181 1182 1083
1083 1182 1183 1084
1084 1183 1184 1085
1085 1184 1185 1086
1086 1185 1186 1087
1087 1186 1187 1088
1088 1187 1188 1089
1089 1188 1189 1090
1090 1189 1190 1091
1091 1190 1191 1092
1092 1191 1192 1093
1093 1192 1193 1094
1094 1193 1194 1095
1095 1194 1195 1096
1096 1195 1196 1097
1097 1196 1197 1098
1098 1197 1198 1099
1099 1198 1199 1100
1100 1199 1200 1101
1101 1200 1201 1102
1102 1201 1202 1103
1103 1202 1203 1104
1104 1203 1204 1105
1105 1204 1205 1106
1106 1205 1206 1107
1107 1206 1207 1108
1108 1207 1208 1109
1109 1208 1209 1110
1110 1209 1210 1111
1111 1210 1211 1112
1112 1211 1212 1113
1113 1212 1213 1114
1114 1213 1214 1115
1115 1214 1215 1116
1116 1215 1216 1117
1117 1216 1217 1118
1118 1217 1218 1119
1119 1218 1219 1120
1120 1219 1220 1121
1121 1220 1221 1122
1122 1221 1222 1123
1123 1222 1223 1124
1124 1223 1224 1125
1125 1224 1225 1126
1126 1225 1226 1127
1127 1226 1227 1128
1128 1227 1228 1129
1129 1228 1229 1130
1130 1229 1230 1131
1131 1230 12 13
33 34 1231 1132
1132 1231 1232 1133
1133 1232 1233 1134
1134 1233 1234 1135
1135 1234 1235 1136
1136 1235 1236 1137
1137 1236 1237 1138
1138 1237 1238 1139
1139 1238 1239 1140
1140 1239 1240 1141
1141 1240 1241 1142
1142 1241 1242 1143
1143 1242 1243 1144
1144 1243 1244 1145
1145 1244 1245 1146
1146 1245 1246 1147
1147 1246 1247 1148
1148 1247 1248 1149
1149 1248 1249 1150
1150 1249 1250 1151
1151 1250 1251 1152
1152 1251 1252 1153
1153 1252 1253 1154
1154 1253 1254 1155
1155 1254 1255 1156
1156 1255 1256 1157
1157 1256 1257 1158
1158 1257 1258 1159
1159 1258 1259 1160
1160 1259 1260 1161
1161 1260 1261 1162
1162 1261 1262 1163
1163 1262 1263 1164
1164 1263 1264 1165
1165 1264 1265 1166
1166 1265 1266 1167
1167 1266 1267 1168
1168 1267 1268 1169
1169 1268 1269 1170
1170 1269 1270 1171
1171 1270 1271 1172
1172 1271 1272 1173
1173 1272 1273 1174
1174 1273 1274 1175
1175 1274 1275 1176
1176 1275 1276 1177
1177 1276 1277 1178
1178 1277 1278 1179
1179 1278 1279 1180
1180 1279 1280 1181
1181 1280 1281 1182
1182 1281 1282 1183
1183 1282 1283 1184
1184 1283 1284 1185
1185 1284 1285 1186
1186 1285 1286 1187
1187 1286 1287 1188
1188 1287 1288 1189
1189 1288 1289 1190
1190 1289 1290 1191
1191 1290 1291 1192
1192 1291 1292 1193
1193 1292 1293 1194
1194 1293 1294 1195
1195 1294 1295 1196
1196 1295 1296 1197
1197 1296 1297 1198
1198 1297 1298 1199
1199 1298 1299 1200
1200 1299 1300 1201
1201 1300 1301 1202
1202 1301 1302 1203
1203 1302 1303 1204
1204 1303 1304 1205
1205 1304 1305 1206
1206 1305 1306 1207
1207 1306 1307 1208
1208 1307 1308 1209
1209 1308 1309 1210
1210 1309 1310 1211
1211 1310 1311 1212
1212 1311 1312 1213
1213 1312 1313 1214
1214 1313 1314 1215
1215 1314 1315 1216
1216 1315 1316 1217
1217 1316 1317 1218
1218 1317 1318 1219
1219 1318 1319 1220
1220 1319 1320 1221
1221 1320 1321 1222
1222 1321 1322 1223
1223 1322 1323 1224
1224 1323 1324 1225
1225 1324 1325 1226
1226 1325 1326 1227
1227 1326 1327 1228
1228 1327 1328 1229
1229 1328 1329 1230
1230 1329 11 12
34 35 1330 1231
1231 1330 1331 1232
1232 1331 1332 1233
1233 1332 1333 1234
1234 1333 1334 1235
1235 1334 1335 1236
1236 1335 1336 1237
1237 1336 1337 1238
1238 1337 1338 1239
1239 1338 1339 1240
1240 1339 1340 1241
1241 1340 1341 1242
1242 1341 1342 1243
1243 1342 1343 1244
1244 1343 1344 1245
1245 1344 1345 1246
1246 1345 1346 1247
1247 1346 1347 1248
1248 1347 1348 1249
1249 1348 1349 1250
1250 1349 1350 1251
1251 1350 1351 1252
1252 1351 1352 1253
1253 1352 1353 1254
1254 1353 1354 1255
1255 1354 1355 1256
1256 1355 1356 1257
1257 1356 1357 1258
1258 1357 1358 1259
1259 1358 1359 1260
1260 1359 1360 1261
1261 1360 1361 1262
1262 1361 1362 1263
1263 1362 1363 1264
1264 1363 1364 1265
1265 1364 1365 1266
1266 1365 1366 1267
1267 1366 1367 1268
1268 1367 1368 1269
1269 1368 1369 1270
1270 1369 1370 1271
1271 1370 1371 1272
1272 1371 1372 1273
1273 1372 1373 1274
1274 1373 1374 1275
1275 1374 1375 1276
1276 1375 1376 1277
1277 1376 1377 1278
1278 1377 1378 1279
1279 1378 1379 1280
1280 1379 1380 1281
1281 1380 1381 1282
1282 1381 1382 1283
1283 1382 1383 1284
1284 1383 1384 1285
1285 1384 1385 1286
1286 1385 1386 1287
1287 1386 1387 1288
1288 1387 1388 1289
1289 1388 1389 1290
1290 1389 1390 1291
1291 1390 1391 1292
1292 1391 1392 1293
1293 1392 1393 1294
1294 1393 1394 1295
1295 1394 1395 1296
1296 1395 1396 1297
1297 1396 1397 1298
1298 1397 1398 1299
1299 1398 1399 1300
1300 1399 1400 1301
1301 1400 1401 1302
1302 1401 1402 1303
1303 1402 1403 1304
1304 1403 1404 1305
1305 1404 1405 1306
1306 1405 1406 1307
1307 1406 1407 1308
1308 1407 1408 1309
1309 1408 1409 1310
1310 1409 1410 1311
1311 1410 1411 1312
1312 1411 1412 1313
1313 1412 1413 1314
1314 1413 1414 1315
1315 1414 1415 1316
1316 1415 1416 1317
1317 1416 1417 1318
1318 1417 1418 1319
1319 1418 1419 1320
1320 1419 1420 1321
1321 1420 1421 1322
1322 1421 1422 1323
1323 1422 1423 1324
1324 1423 1424 1325
1325 1424 1425 1326
1326 1425 1426 1327
1327 1426 1427 1328
1328 1427 1428 1329
1329 1428 10 11
35 36 1429 1330
1330 1429 1430 1331
1331 1430 1431 1332
1332 1431 1432 1333
1333 1432 1433 1334
1334 1433 1434 1335
1335 1434 1435 1336
1336 1435 1436 1337
1337 1436 1437 1338
1338 1437 1438 1339
1339 1438 1439 1340
1340 1439 1440 1341
1341 1440 1441 1342
1342 1441 1442 1343
1343 1442 1443 1344
1344 1443 1444 1345
1345 1444 1445 1346
1346 1445 1446 1347
1347 1446 1447 1348
1348 1447 1448 1349
1349 1448 1449 1350
1350 1449 1450 1351
1351 1450 1451 1352
1352 1451 1452 1353
1353 1452 1453 1354
1354 1453 1454 1355
1355 1454 1455 1356
1356 1455 1456 1357
1357 1456 1457 1358
1358 1457 1458 1359
1359 1458 1459 1360
1360 1459 1460 1361
1361 1460 1461 1362
1362 1461 1462 1363
1363 1462 1463 1364
1364 1463 1464 1365
1365 1464 1465 1366
1366 1465 1466 1367
1367 1466 1467 1368
1368 1467 1468 1369
1369 1468 1469 1370
1370 1469 1470 1371
1371 1470 1471 1372
1372 1471 1472 1373
1373 1472 1473 1374
1374 1473 1474 1375
1375 1474 1475 1376
1376 1475 1476 1377
1377 1476 1477 1378
1378 1477 1478 1379
1379 1478 1479 1380
1380 1479 1480 1381
1381 1480 1481 1382
1382 1481 1482 1383
1383 1482 1483 1384
1384 1483 1484 1385
1385 1484 1485 1386
1386 1485 1486 1387
1387 1486 1487 1388
1388 1487 1488 1389
1389 1488 1489 1390
1390 1489 1490 1391
1391 1490 1491 1392
1392 1491 1492 1393
1393 1492 1493 1394
1394 1493 1494 1395
1395 1494 1495 1396
1396 1495 1496 1397
1397 1496 1497 1398
1398 1497 1498 1399
1399 1498 1499 1400
1400 1499 1500 1401
1401 1500 1501 1402
1402 1501 1502 1403
1403 1502 1503 1404
1404 1503 1504 1405
1405 1504 1505 1406
1406 1505 1506 1407
1407 1506 1507 1408
1408 1507 1508 1409
1409 1508 1509 1410
1410 1509 1510 1411
1411 1510 1511 1412
1412 1511 1512 1413
1413 1512 1513 1414
1414 1513 1514 1415
1415 1514 1515 1416
1416 1515 1516 1417
1417 1516 1517 1418
1418 1517 1518 1419
1419 1518 1519 1420
1420 1519 1520 1421
1421 1520 1521 1422
1422 1521 1522 1423
1423 1522 1523 1424
1424 1523 1524 1425
1425 1524 1525 1426
1426 1525 1526 1427
1427 1526 1527 1428
1428 1527 9 10
36 37 1528 1429
1429 1528 1529 1430
1430 1529 1530 1431
1431 1530 1531 1432
1432 1531 1532 1433
1433 1532 1533 1434
1434 1533 1534 1435
1435 1534 1535 1436
1436 1535 1536 1437
1437 1536 1537 1438
1438 1537 1538 1439
1439 1538 1539 1440
1440 1539 1540 1441
1441 1540 1541 1442
1442 1541 1542 1443
1443 1542 1543 1444
1444 1543 1544 1445
1445 1544 1545 1446
1446 1545 1546 1447
1447 1546 1547 1448
1448 1547 1548 1449
1449 1548 1549 1450
1450 1549 1550 1451
1451 1550 1551 1452
1452 1551 1552 1453
1453 1552 1553 1454
1454 1553 1554 1455
1455 1554 1555 1456
1456 1555 1556 1457
1457 1556 1557 1458
1458 1557 1558 1459
1459 1558 1559 1460
1460 1559 1560 1461
1461 1560 1561 1462
1462 1561 1562 1463
1463 1562 1563 1464
1464 1563 1564 1465
1465 1564 1565 1466
1466 1565 1566 1467
1467 1566 1567 1468
1468 1567 1568 1469
1469 1568 1569 1470
1470 1569 1570 1471
1471 1570 1571 1472
1472 1571 1572 1473
1473 1572 1573 1474
1474 1573 1574 1475
1475 1574 1575 1476
1476 1575 1576 1477
1477 1576 1577 1478
1478 1577 1578 1479
1479 1578 1579 1480
1480 1579 1580 1481
1481 1580 1581 1482
1482 1581 1582 1483
1483 1582 1583 1484
1484 1583 1584 1485
1485 1584 1585 1486
1486 1585 1586 1487
1487 1586 1587 1488
1488 1587 1588 1489
1489 1588 1589 1490
1490 1589 1590 1491
1491 1590 1591 1492
1492 1591 1592 1493
1493 1592 1593 1494
1494 1593 1594 1495
1495 1594 1595 1496
1496 1595 1596 1497
1497 1596 1597 1498
1498 1597 1598 1499
1499 1598 1599 1500
1500 1599 1600 1501
1501 1600 1601 1502
1502 1601 1602 1503
1503 1602 1603 1504
1504 1603 1604 1505
1505 1604 1605 1506
1506 1605 1606 1507
1507 1606 1607 1508
1508 1607 1608 1509
1509 1608 1609 1510
1510 1609 1610 1511
1511 1610 1611 1512
1512 1611 1612 1513
1513 1612 1613 1514
1514 1613 1614 1515
1515 1614 1615 1516
1516 1615 1616 1517
1517 1616 1617 1518
1518 1617 1618 1519
1519 1618 1619 1520
1520 1619 1620 1521
1521 1620 1621 1522
1522 1621 1622 1523
1523 1622 1623 1524
1524 1623 1624 1525
1525 1624 1625 1526
1526 1625 1626 1527
1527 1626 8 9
37 38 1627 1528
1528 1627 1628 1529
1529 1628 1629 1530
1530 1629 1630 1531
1531 1630 1631 1532
1532 1631 1632 1533
1533 1632 1633 1534
1534 1633 1634 1535
1535 1634 1635 1536
1536 1635 1636 1537
1537 1636 1637 1538
1538 1637 1638 1539
1539 1638 1639 1540
1540 1639 1640 1541
1541 1640 1641 1542
1542 1641 1642 1543
1543 1642 1643 1544
1544 1643 1644 1545
1545 1644 1645 1546
1546 1645 1646 1547
1547 1646 1647 1548
1548 1647 1648 1549
1549 1648 1649 1550
1550 1649 1650 1551
1551 1650 1651 1552
1552 1651 1652 1553
1553 1652 1653 1554
1554 1653 1654 1555
1555 1654 1655 1556
1556 1655 1656 1557
1557 1656 1657 1558
1558 1657 1658 1559
1559 1658 1659 1560
1560 1659 1660 1561
1561 1660 1661 1562
1562 1661 1662 1563
1563 1662 1663 1564
1564 1663 1664 1565
1565 1664 1665 1566
1566 1665 1666 1567
1567 1666 1667 1568
1568 1667 1668 1569
1569 1668 1669 1570
1570 1669 1670 1571
1571 1670 1671 1572
1572 1671 1672 1573
1573 1672 1673 1574
1574 1673 1674 1575
1575 1674 1675 1576
1576 1675 1676 1577
1577 1676 1677 1578
1578 1677 1678 1579
1579 1678 1679 1580
1580 1679 1680 1581
1581 1680 1681 1582
1582 1681 1682 1583
1583 1682 1683 1584
1584 1683 1684 1585
1585 1684 1685 1586
1586 1685 1686 1587
1587 1686 1687 1588
1588 1687 1688 1589
1589 1688 1689 1590
1590 1689 1690 1591
1591 1690 1691 1592
1592 1691 1692 1593
1593 1692 1693 1594
1594 1693 1694 1595
1595 1694 1695 1596
1596 1695 1696 1597
1597 1696 1697 1598
1598 1697 1698 1599
1599 1698 1699 1600
1600 1699 1700 1601
1601 1700 1701 1602
1602 1701 1702 1603
1603 1702 1703 1604
1604 1703 1704 1605
1605 1704 1705 1606
1606 1705 1706 1607
1607 1706 1707 1608
1608 1707 1708 1609
1609 1708 1709 1610
1610 1709 1710 1611
1611 1710 1711 1612
1612 1711 1712 1613
1613 1712 1713 1614
1614 1713 1714 1615
1615 1714 1715 1616
1616 1715 1716 1617
1617 1716 1717 1618
1618 1717 1718 1619
1619 1718 1719 1620
1620 1719 1720 1621
1621 1720 1721 1622
1622 1721 1722 1623
1623 1722 1723 1624
1624 1723 1724 1625
1625 1724 1725 1626
1626 1725 7 8
38 39 1726 1627
1627 1726 1727 1628
1628 1727 1728 1629
1629 1728 1729 1630
1630 1729 1730 1631
1631 1730 1731 1632
1632 1731 1732 1633
1633 1732 1733 1634
1634 1733 1734 1635
1635 1734 1735 1636
1636 1735 1736 1637
1637 1736 1737 1638
1638 1737 1738 1639
1639 1738 1739 1640
1640 1739 1740 1641
1641 1740 1741 1642
1642 1741 1742 1643
1643 1742 1743 1644
1644 1743 1744 1645
1645 1744 1745 1646
1646 1745 1746 1647
1647 1746 1747 1648
1648 1747 1748 1649
1649 1748 1749 1650
1650 1749 1750 1651
1651 1750 1751 1652
1652 1751 1752 1653
1653 1752 1753 1654
1654 1753 1754 1655
1655 1754 1755 1656
1656 1755 1756 1657
1657 1756 1757 1658
1658 1757 1758 1659
1659 1758 1759 1660
1660 1759 1760 1661
1661 1760 1761 1662
1662 1761 1762 1663
1663 1762 1763 1664
1664 1763 1764 1665
1665 1764 1765 1666
1666 1765 1766 1667
1667 1766 1767 1668
1668 1767 1768 1669
1669 1768 1769 1670
1670 1769 1770 1671
1671 1770 1771 1672
1672 1771 1772 1673
1673 1772 1773 1674
1674 1773 1774 1675
1675 1774 1775 1676
1676 1775 1776 1677
1677 1776 1777 1678
1678 1777 1778 1679
1679 1778 1779 1680
1680 1779 1780 1681
1681 1780 1781 1682
1682 1781 1782 1683
1683 1782 1783 1684
1684 1783 1784 1685
1685 1784 1785 1686
1686 1785 1786 1687
1687 1786 1787 1688
1688 1787 1788 1689
1689 1788 1789 1690
1690 1789 1790 1691
1691 1790 1791 1692
1692 1791 1792 1693
1693 1792 1793 1694
1694 1793 1794 1695
1695 1794 1795 1696
1696 1795 1796 1697
1697 1796 1797 1698
1698 1797 1798 1699
1699 1798 1799 1700
1700 1799 1800 1701
1701 1800 1801 1702
1702 1801 1802 1703
1703 1802 1803 1704
1704 1803 1804 1705
1705 1804 1805 1706
1706 1805 1806 1707
1707 1806 1807 1708
1708 1807 1808 1709
1709 1808 1809 1710
1710 1809 1810 1711
1711 1810 1811 1712
1712 1811 1812 1713
1713 1812 1813 1714
1714 1813 1814 1715
1715 1814 1815 1716
1716 1815 1816 1717
1717 1816 1817 1718
1718 1817 1818 1719
1719 1818 1819 1720
1720 1819 1820 1721
1721 1820 1821 1722
1722 1821 1822 1723
1723 1822 1823 1724
1724 1823 1824 1725
1725 1824 6 7
39 40 1825 1726
1726 1825 1826 1727
1727 1826 1827 1728
1728 1827 1828 1729
1729 1828 1829 1730
1730 1829 1830 1731
1731 1830 1831 1732
1732 1831 1832 1733
1733 1832 1833 1734
1734 1833 1834 1735
1735 1834 1835 1736
1736 1835 1836 1737
1737 1836 1837 1738
1738 1837 1838 1739
1739 1838 1839 1740
1740 1839 1840 1741
1741 1840 1841 1742
1742 1841 1842 1743
1743 1842 1843 1744
1744 1843 1844 1745
1745 1844 1845 1746
1746 1845 1846 1747
1747 1846 1847 1748
1748 1847 1848 1749
1749 1848 1849 1750
1750 1849 1850 1751
1751 1850 1851 1752
1752 1851 1852 1753
1753 1852 1853 1754
1754 1853 1854 1755
1755 1854 1855 1756
1756 1855 1856 1757
1757 1856 1857 1758
1758 1857 1858 1759
1759 1858 1859 1760
1760 1859 1860 1761
1761 1860 1861 1762
1762 1861 1862 1763
1763 1862 1863 1764
1764 1863 1864 1765
1765 1864 1865 1766
1766 1865 1866 1767
1767 1866 1867 1768
1768 1867 1868 1769
1769 1868 1869 1770
1770 1869 1870 1771
1771 1870 1871 1772
1772 1871 1872 1773
1773 1872 1873 1774
1774 1873 1874 1775
1775 1874 1875 1776
1776 1875 1876 1777
1777 1876 1877 1778
1778 1877 1878 1779
1779 1878 1879 1780
1780 1879 1880 1781
1781 1880 1881 1782
1782 1881 1882 1783
1783 1882 1883 1784
1784 1883 1884 1785
1785 1884 1885 1786
1786 1885 1886 1787
1787 1886 1887 1788
1788 1887 1888 1789
1789 1888 1889 1790
1790 1889 1890 1791
1791 1890 1891 1792
1792 1891 1892 1793
1793 1892 1893 1794
1794 1893 1894 1795
1795 1894 1895 1796
1796 1895 1896 1797
1797 1896 1897 1798
1798 1897 1898 1799
1799 1898 1899 1800
1800 1899 1900 1801
1801 1900 1901 1802
1802 1901 1902 1803
1803 1902 1903 1804
1804 1903 1904 1805
1805 1904 1905 1806
1806 1905 1906 1807
1807 1906 1907 1808
1808 1907 1908 1809
1809 1908 1909 1810
1810 1909 1910 1811
1811 1910 1911 1812
1812 1911 1912 1813
1813 1912 1913 1814
1814 1913 1914 1815
1815 1914 1915 1816
1816 1915 1916 1817
1817 1916 1917 1818
1818 1917 1918 1819
1819 1918 1919 1820
1820 1919 1920 1821
1821 1920 1921 1822
1822 1921 1922 1823
1823 1922 1923 1824
1824 1923 5 6
40 41 1924 1825
1825 1924 1925 1826
1826 1925 1926 1827
1827 1926 1927 1828
1828 1927 1928 1829
1829 1928 1929 1830
1830 1929 1930 1831
1831 1930 1931 1832
1832 1931 1932 1833
1833 1932 1933 1834
1834 1933 1934 1835
1835 1934 1935 1836
1836 1935 1936 1837
1837 1936 1937 1838
1838 1937 1938 1839
1839 1938 1939 1840
1840 1939 1940 1841
1841 1940 1941 1842
1842 1941 1942 1843
1843 1942 1943 1844
1844 1943 1944 1845
1845 1944 1945 1846
1846 1945 1946 1847
1847 1946 1947 1848
1848 1947 1948 1849
1849 1948 1949 1850
1850 1949 1950 1851
1851 1950 1951 1852
1852 1951 1952 1853
1853 1952 1953 1854
1854 1953 1954 1855
1855 1954 1955 1856
1856 1955 1956 1857
1857 1956 1957 1858
1858 1957 1958 1859
1859 1958 1959 1860
1860 1959 1960 1861
1861 1960 1961 1862
1862 1961 1962 1863
1863 1962 1963 1864
1864 1963 1964 1865
1865 1964 1965 1866
1866 1965 1966 1867
1867 1966 1967 1868
1868 1967 1968 1869
1869 1968 1969 1870
1870 1969 1970 1871
1871 1970 1971 1872
1872 1971 1972 1873
1873 1972 1973 1874
1874 1973 1974 1875
1875 1974 1975 1876
1876 1975 1976 1877
1877 1976 1977 1878
1878 1977 1978 1879
1879 1978 1979 1880
1880 1979 1980 1881
1881 1980 1981 1882
1882 1981 1982 1883
1883 1982 1983 1884
1884 1983 1984 1885
1885 1984 1985 1886
1886 1985 1986 1887
1887 1986 1987 1888
1888 1987 1988 1889
1889 1988 1989 1890
1890 1989 1990 1891
1891 1990 1991 1892
1892 1991 1992 1893
1893 1992 1993 1894
1894 1993 1994 1895
1895 1994 1995 1896
1896 1995 1996 1897
1897 1996 1997 1898
1898 1997 1998 1899
1899 1998 1999 1900
1900 1999 2000 1901
1901 2000 2001 1902
1902 2001 2002 1903
1903 2002 2003 1904
1904 2003 2004 1905
1905 2004 2005 1906
1906 2005 2006 1907
1907 2006 2007 1908
1908 2007 2008 1909
1909 2008 2009 1910
1910 2009 2010 1911
1911 2010 2011 1912
1912 2011 2012 1913
1913 2012 2013 1914
1914 2013 2014 1915
1915 2014 2015 1916
1916 2015 2016 1917
1917 2016 2017 1918
1918 2017 2018 1919
1919 2018 2019 1920
1920 2019 2020 1921
1921 2020 2021 1922
1922 2021 2022 1923
1923 2022 4 5
41 42 2023 1924
1924 2023 2024 1925
1925 2024 2025 1926
1926 2025 2026 1927
1927 2026 2027 1928
1928 2027 2028 1929
1929 2028 2029 1930
1930 2029 2030 1931
1931 2030 2031 1932
1932 2031 2032 1933
1933 2032 2033 1934
1934 2033 2034 1935
1935 2034 2035 1936
1936 2035 2036 1937
1937 2036 2037 1938
1938 2037 2038 1939
1939 2038 2039 1940
1940 2039 2040 1941
1941 2040 2041 1942
1942 2041 2042 1943
1943 2042 2043 1944
1944 2043 2044 1945
1945 2044 2045 1946
1946 2045 2046 1947
1947 2046 2047 1948
1948 2047 2048 1949
1949 2048 2049 1950
1950 2049 2050 1951
1951 2050 2051 1952
1952 2051 2052 1953
1953 2052 2053 1954
1954 2053 2054 1955
1955 2054 2055 1956
1956 2055 2056 1957
1957 2056 2057 1958
1958 2057 2058 1959
1959 2058 2059 1960
1960 2059 2060 1961
1961 2060 2061 1962
1962 2061 2062 1963
1963 2062 2063 1964
1964 2063 2064 1965
1965 2064 2065 1966
1966 2065 2066 1967
1967 2066 2067 1968
1968 2067 2068 1969
1969 2068 2069 1970
1970 2069 2070 1971
1971 2070 2071 1972
1972 2071 2072 1973
1973 2072 2073 1974
1974 2073 2074 1975
1975 2074 2075 1976
1976 2075 2076 1977
1977 2076 2077 1978
1978 2077 2078 1979
1979 2078 2079 1980
1980 2079 2080 1981
1981 2080 2081 1982
1982 2081 2082 1983
1983 2082 2083 1984
1984 2083 2084 1985
1985 2084 2085 1986
1986 2085 2086 1987
1987 2086 2087 1988
1988 2087 2088 1989
1989 2088 2089 1990
1990 2089 2090 1991
1991 2090 2091 1992
1992 2091 2092 1993
1993 2092 2093 1994
1994 2093 2094 1995
1995 2094 2095 1996
1996 2095 2096 1997
1997 2096 2097 1998
1998 2097 2098 1999
1999 2098 2099 2000
2000 2099 2100 2001
2001 2100 2101 2002
2002 2101 2102 2003
2003 2102 2103 2004
2004 2103 2104 2005
2005 2104 2105 2006
2006 2105 2106 2007
2007 2106 2107 2008
2008 2107 2108 2009
2009 2108 2109 2010
2010 2109 2110 2011
2011 2110 2111 2012
2012 2111 2112 2013
2013 2112 2113 2014
2014 2113 2114 2015
2015 2114 2115 2016
2016 2115 2116 2017
2017 2116 2117 2018
2018 2117 2118 2019
2019 2118 2119 2020
2020 2119 2120 2021
2021 2120 2121 2022
2022 2121 3 4
42 22 43 2023
2023 43 44 2024
2024 44 45 2025
2025 45 46 2026
2026 46 47 2027
2027 47 48 2028
2028 48 49 2029
2029 49 50 2030
2030 50 51 2031
2031 51 52 2032
2032 52 53 2033
2033 53 54 2034
2034 54 55 2035
2035 55 56 2036
2036 56 57 2037
2037 57 58 2038
2038 58 59 2039
2039 59 60 2040
2040 60 61 2041
2041 61 62 2042
2042 62 63 2043
2043 63 64 2044
2044 64 65 2045
2045 65 66 2046
2046 66 67 2047
2047 67 68 2048
2048 68 69 2049
2049 69 70 2050
2050 70 71 2051
2051 71 72 2052
2052 72 73 2053
2053 73 74 2054
2054 74 75 2055
2055 75 76 2056
2056 76 77 2057
2057 77 78 2058
2058 78 79 2059
2059 79 80 2060
2060 80 81 2061
2061 81 82 2062
2062 82 83 2063
2063 83 84 2064
2064 84 85 2065
2065 85 86 2066
2066 86 87 2067
2067 87 88 2068
2068 88 89 2069
2069 89 90 2070
2070 90 91 2071
2071 91 92 2072
2072 92 93 2073
2073 93 94 2074
2074 94 95 2075
2075 95 96 2076
2076 96 97 2077
2077 97 98 2078
2078 98 99 2079
2079 99 100 2080
2080 100 101 2081
2081 101 102 2082
2082 102 103 2083
2083 103 104 2084
2084 104 105 2085
2085 105 106 2086
2086 106 107 2087
2087 107 108 2088
2088 108 109 2089
2089 109 110 2090
2090 110 111 2091
2091 111 112 2092
2092 112 113 2093
2093 113 114 2094
2094 114 115 2095
2095 115 116 2096
2096 116 117 2097
2097 117 118 2098
2098 118 119 2099
2099 119 120 2100
2100 120 121 2101
2101 121 122 2102
2102 122 123 2103
2103 123 124 2104
2104 124 125 2105
2105 125 126 2106
2106 126 127 2107
2107 127 128 2108
2108 128 129 2109
2109 129 130 2110
2110 130 131 2111
2111 131 132 2112
2112 132 133 2113
2113 133 134 2114
2114 134 135 2115
2115 135 136 2116
2116 136 137 2117
2117 137 138 2118
2118 138 139 2119
2119 139 140 2120
2120 140 141 2121
2121 141 2 3
*BOUNDARY
num-prescribed-disp: 42
node#-dof#-disp:
22 1 0.0
22 2 0.0
23 1 0.0
23 2 0.0
24 1 0.0
24 2 0.0
25 1 0.0
25 2 0.0
26 1 0.0
26 2 0.0
27 1 0.0
27 2 0.0
28 1 0.0
28 2 0.0
29 1 0.0
29 2 0.0
30 1 0.0
30 2 0.0
31 1 0.0
31 2 0.0
32 1 0.0
32 2 0.0
33 1 0.0
33 2 0.0
34 1 0.0
34 2 0.0
35 1 0.0
35 2 0.0
36 1 0.0
36 2 0.0
37 1 0.0
37 2 0.0
38 1 0.0
38 2 0.0
39 1 0.0
39 2 0.0
40 1 0.0
40 2 0.0
41 1 0.0
41 2 0.0
42 1 0.0
42 2 0.0
num-prescribed-load: 0
elem#-face#-trac:
