            66            59            65
            48            41            47
            28             3            22
            79            84            85
            85            86            79
           440           431           439
           451            11           452
           459            11           451
           156           155           162
           156           150           149
           149           155           156
            26            20             1
            17            23            24
            17            18             2
            24            18            17
            30            23            29
            24            23            30
            83            84            77
            78            84            79
            78            77            84
            71            77            78
            90            84            83
            83            89            90
            90            85            84
            95           101           102
            34            28            27
           100            99           106
            98            99            93
            99           100            93
            93           100            94
           127           132           133
           126           132           127
           333           324           323
           323           324           314
           325           324           333
           316           324           325
           355           346           345
           439            10           448
           448           440           439
           448           447           455
            10           447           448
           449           448           455
           440           448           449
           441           432           431
           431           440           441
           441           433           432
           439           431           430
           430           429           439
           436           427           426
           435           436           426
           457           451           450
           450           451           452
           426           427           417
           427           418           417
           177           185           186
           177           176           185
           168           176           177
           150           156           151
           149           150           143
           150           144           143
           143           144           137
           213           221           222
           214           204           213
           212           221           213
           213           204           212
            25            26             1
            25            30            31
            24            30            25
            22            20            21
            20            26            21
            26            27            21
            21            28            22
            21            27            28
            41            48            42
            42            35            41
            42            48            43
            43            37            42
            43            48            49
            49            55            56
            54            48            47
            47            53            54
            54            49            48
            55            49            54
            85            90            91
            95           102            96
            96            89            95
            96            90            89
            96            91            90
           101           107           108
           108           102           101
           293           302           294
           275           284           276
           286           278           277
           277           276           286
           249           248           257
           365           374           366
            39            46            40
            32            27            26
            32            25            31
            26            25            32
            75            82            76
            73            78            79
            51            58            52
            98            93            92
            92            91            98
            86            85            92
            85            91            92
            87            94            88
            87            93            94
            86            92            87
            87            92            93
           117           124           118
           129           136           130
           113           119           120
           120           119           126
           126           119           125
           131           132           125
           125           132           126
           126           127           121
           121           120           126
           115           120           121
           122           115           121
           121           128           122
           121           127           128
           192           202           193
           314           324           315
           316           307           315
           315           324           316
           322           314           313
           322           323           314
           334           325           333
           337           328           327
           353           345           344
           426           417           425
           425           417           416
           383           392           384
           428           437           429
           429           437           438
           438            10           439
           439           429           438
           422           430           431
           422           432           423
           431           432           422
           429           430           420
           419           428           420
           420           428           429
           452            11           444
           444            11            13
           434           435           426
           426           425           434
             9           449           457
           457           450             9
           440           449             9
             9           441           440
           433           441           442
           442           450           452
           441             9           442
           442             9           450
           408           418           409
           408           417           418
           416           417           408
           168             5           167
             7           176           167
           167           176           168
           152           151           158
           158           153           152
           157           156           162
           157           151           156
           164           158           157
           157           158           151
           137           144           138
           131           137           138
           138           132           131
           133           132           138
           138           139           133
           144           139           138
           233           224           232
           230           222           221
           182             6           173
           163             4           164
           164           157           163
           163           157           162
           172             4           180
           180           181           172
           172           181           182
           182           173           172
           205           214           206
           204           214           205
           154           153           160
           160           153           159
           154           148           147
           147           153           154
           147           146           152
           152           153           147
           183           192           193
           206           214           215
           215           216           206
           225           216           215
           215           224           225
           232           224           223
           223           214           213
           224           215           223
           223           215           214
           213           222           223
           223           222           232
           203           212           204
            19            18            24
            24            25            19
            19            25             1
            29            35            36
            35            42            36
            36            30            29
            36            42            37
            31            30            36
            36            37            31
            60            54            53
            59            66            60
            60            53            59
            55            54            60
            98            91            97
            97            96           102
            91            96            97
           114           107           113
           114           108           107
           113           120           114
           114           120           115
           295           294           304
           304           296           295
           303           302           311
           303           294           302
           313           304           303
           303           304           294
           285           294           295
           295           286           285
           285           286           276
           285           276           284
           285           284           293
           293           294           285
           278           286           287
           287           296           297
           295           296           287
           287           286           295
           257           266           258
           258           249           257
           259           249           258
           250           259           251
           250           249           259
            33            39            40
            33            40            34
            34            27            33
            27            32            33
            52            46            45
            46            39            45
            45            51            52
            80            75            74
            79            86            80
            80            73            79
            74            73            80
            69            76            70
            69            75            76
            74            75            69
            69            68            74
            78            73            72
            72            66            65
            65            71            72
            71            78            72
            66            72            67
            67            72            73
            67            73            74
            74            68            67
            61            67            68
            55            60            61
            61            60            66
            66            67            61
            62            61            68
            56            55            62
            55            61            62
            82            75            81
            88            82            81
            81            87            88
            86            87            81
            81            80            86
            75            80            81
           118           112           111
           111           117           118
           122           128           123
           123           117           122
           128           129           123
           124           117           123
           130           124           123
           123           129           130
           133           139           140
           140           139           146
           319           310           309
           210           220           211
           390           400           391
           314           315           305
           296           304           305
           313           314           305
           305           304           313
           297           296           306
           306           315           307
           296           305           306
           306           305           315
           329           338           330
           335           334           344
           325           334           335
           336           346           337
           337           327           336
           336           345           346
           327           335           336
           344           345           336
           336           335           344
           344           334           343
           343           353           344
           423           432           424
           432           433           424
           433           434           424
           424           434           425
           393           394           384
           393           392           401
           393           384           392
           375           366           374
           375           374           383
           383           384           375
           446           437            12
           446           438           437
            10           438           446
           430           422           421
           421           420           430
           452           444           443
           443           444           435
           435           434           443
           443           434           433
           443           442           452
           433           442           443
           453           444            13
           416           408           407
           550           556           557
           580           586           587
           162           155           161
           168           177           187
           187           177           186
             4           163           170
           180             4           170
           170           179           180
           180           179           189
           189           198           190
           190           181           189
           189           181           180
           159           153           165
           153           158           165
           165           158           164
           146           139           145
           152           146           145
           145           151           152
           150           151           145
           145           144           150
           145           139           144
           169           163           162
           162           161           169
           169           161             5
           169           170           163
             4           172           171
           171           172           173
           164             4           171
           171           165           164
           171           173           159
           159           165           171
           166           160           159
           159           173           166
           166           173             6
           141           148           142
           141           147           148
           146           147           141
           141           140           146
           174             6           182
           192           183           191
           191           181           190
           182           181           191
           191           174           182
           183           174           191
           216           208           207
           206           216           207
           217           216           225
           217           208           216
           218           208           217
           217           227           218
           247           238           237
           195           203           204
           204           205           195
           186           185           194
           194           195           186
           203           195           194
           102           108           103
           103            97           102
           321           320           329
           329           330           321
           288           287           297
           278           287           288
           297           306           298
           298           306           307
           282           292           283
           259           258           268
           267           276           277
           277           268           267
           267           268           258
           267           258           266
           267           266           275
           275           276           267
           242           250           251
           242           243           233
           232           222           231
           231           230           239
           222           230           231
           357           356           365
           365           366           357
           342           334           333
           342           343           334
            38            33            32
            31            37            38
            38            32            31
            39            33            38
            68            69            63
            63            62            68
            70            64            63
            63            69            70
           105           112           106
           105           111           112
           106            99           105
           133           140           134
           134           127           133
           128           127           134
           134           129           128
           308           298           307
           299           298           308
           318           327           328
           318           328           319
           319           309           318
           300           310           301
           300           309           310
           299           308           300
           300           308           309
           209           208           218
           218           210           209
           218           227           219
           219           210           218
           229           220           219
           220           210           219
           381           391           382
           381           390           391
           409           400           399
           400           390           399
           399           408           409
           399           390           398
           398           407           399
           399           407           408
           323           322           331
           322           321           331
           331           321           330
           340           331           330
           316           325           326
           325           335           326
           326           335           327
           327           318           326
           455           447           454
           525           519           518
           420           421           411
           411           410           419
           419           420           411
           435           444           445
           444           453           445
           436           435           445
           397           407           398
           544           550           551
           550           557           551
            16           597           600
           597           596           600
           596           599           600
            14           599           595
           595           599           596
           597           591           590
           590           596           597
           590           595           596
           581           574           580
           580           587           581
           581           587           582
           586           592           593
           593           587           586
           563           556           562
           563           557           556
           543           537           536
           561           555           554
           458           451           457
           457           463           458
           459           451           458
           458           465           459
           196           187           186
           186           195           196
           196           195           205
           178           187           179
           179           170           178
           168           187           178
           170           169           178
           178             5           168
           178           169             5
           244           243           252
           252           242           251
           243           242           252
           226           217           225
           227           217           226
           140           141           135
           129           134           135
           135           134           140
           136           129           135
           142           136           135
           135           141           142
           184           183           193
           184           174           183
             6           174           175
           175           184             8
           174           184           175
           200           191           190
           192           191           200
           246           256           247
           247           237           246
           108           114           109
           109           103           108
           109           114           115
            98            97           104
            97           103           104
           104            99            98
           104           105            99
           312           321           322
           312           322           313
           313           303           312
           312           303           311
           311           320           312
           320           321           312
           279           288           280
           278           288           279
           281           280           290
           290           282           281
           271           279           280
           270           279           271
           280           281           271
           271           281           272
           265           256           255
           256           246           255
           289           299           290
           289           298           299
           290           280           289
           280           288           289
           289           288           297
           297           298           289
           264           274           265
           265           255           264
           251           259           260
           259           268           260
           232           231           241
           250           242           241
           241           233           232
           241           242           233
           249           250           240
           240           231           239
           250           241           240
           240           241           231
           239           248           240
           248           249           240
           347           356           348
           356           357           348
           367           357           366
           343           342           351
            44            37            43
            44            38            37
            44            45            39
            39            38            44
            62            63            57
            57            51            56
            56            62            57
            58            51            57
            64            58            57
            57            63            64
           291           300           301
           301           292           291
           292           282           291
           299           300           291
           290           299           291
           291           282           290
           201           209           210
           201           210           211
           192           200           201
           201           200           209
           211           202           201
           202           192           201
           208           209           199
           190           198           199
           199           200           190
           209           200           199
           198           207           199
           199           207           208
           228           219           227
           228           237           238
           228           238           229
           229           219           228
           382           373           372
           372           381           382
           398           390           389
           390           381           389
           415           425           416
           415           424           425
           423           424           415
           415           414           423
           404           414           405
           350           351           341
           341           351           342
           317           326           318
           309           308           317
           317           318           309
           317           308           307
           317           307           316
           316           326           317
           455           454           461
           461           454           460
           464           458           463
           471           465           464
           465           458           464
           477           471           470
           471           464           470
           531           525           524
           525           518           524
           401           410           402
           410           411           402
           402           393           401
           416           407           406
           407           397           406
           406           415           416
           406           397           405
           405           414           406
           414           415           406
           552           551           557
           595           590           589
           576           581           582
           576           577           570
           568           574           575
           574           581           575
           575           576           570
           581           576           575
           598           592            15
           598           593           592
           588           589           582
           595           589           588
           582           587           588
           587           593           588
           567           561           560
           561           554           560
           559           565           560
           560           554           559
           566           560           565
           566           573           567
           567           560           566
           570           577           571
           571           564           570
           565           564           571
           571           566           565
           549           543           542
           543           536           542
           548           555           549
           548           554           555
           549           542           548
           197           205           206
           197           196           205
           206           207           197
           197           207           198
           179           187           188
           187           196           188
           196           197           188
           188           189           179
           198           189           188
           188           197           198
           261           252           251
           251           260           261
           261           260           270
           227           226           236
           236           228           227
           237           228           236
           234           226           225
           233           243           234
           225           224           234
           224           233           234
           116           115           122
           116           109           115
           122           117           116
           117           111           116
           103           109           110
           110           104           103
           109           116           110
           105           104           110
           111           105           110
           110           116           111
           272           264           263
           263           264           255
           273           281           282
           274           264           273
           272           281           273
           273           264           272
           283           274           273
           273           282           283
           269           260           268
           277           278           269
           269           268           277
           278           279           269
           269           279           270
           270           260           269
           339           340           330
           339           330           338
           339           338           347
           347           348           339
           350           341           349
           349           341           340
           340           339           349
           349           339           348
           358           348           357
           357           367           358
           358           349           348
           350           349           358
            45            44            50
            56            51            50
            51            45            50
            50            49            56
            43            49            50
            50            44            43
           363           373           364
           363           372           373
           371           363           362
           372           363           371
           388           397           398
           398           389           388
           413           421           422
           413           422           423
           423           414           413
           414           404           413
           331           340           332
           340           341           332
           323           331           332
           332           341           342
           333           323           332
           332           342           333
           472           473           466
           467           473           468
           468           462           467
           467           462           461
           467           461           460
           460           466           467
           467           466           473
           463           462           469
           469           462           468
           469           464           463
           469           470           464
           530           536           537
           530           537           531
           531           524           530
           530           524           529
           512           519           513
           512           518           519
           511           512           506
           513           507           506
           506           512           513
           421           413           412
           412           413           404
           412           411           421
           412           402           411
           384           394           385
           385           375           384
           582           589           583
           583           576           582
           577           576           583
           594           588           593
           594           598            14
           593           598           594
            14           595           594
           595           588           594
           569           564           563
           568           575           569
           569           575           570
           570           564           569
           562           568           569
           569           563           562
           563           564           558
           557           563           558
           558           552           557
           559           552           558
           558           565           559
           558           564           565
           572           571           577
           566           571           572
           579           573           572
           573           566           572
           270           271           262
           262           261           270
           262           271           272
           272           263           262
           244           252           253
           252           261           253
           261           262           253
           253           262           263
           235           236           226
           235           243           244
           235           234           243
           226           234           235
           245           246           237
           237           236           245
           245           235           244
           236           235           245
           350           358           359
           359           358           367
           360           351           350
           350           359           360
           360           359           369
           353           362           354
           362           363           354
           345           353           354
           354           363           364
           354           364           355
           355           345           354
           380           371           370
           380           389           381
           381           372           380
           372           371           380
           405           397           396
           397           388           396
           379           388           389
           379           380           370
           389           380           379
           461           462           456
           456           449           455
           455           461           456
           457           449           456
           456           463           457
           456           462           463
           479           473           472
           494           501           495
           486           492           493
           489           483           482
           503           496           502
           509           504           503
           503           502           509
           509           502           508
           478           479           472
           518           512           517
           517           512           511
           520           526           527
           520           527           521
           403           412           404
           402           412           403
           394           393           403
           393           402           403
           376           385           377
           376           367           366
           366           375           376
           375           385           376
           584           589           590
           584           583           589
           584           591           585
           584           590           591
           545           538           544
           544           551           545
           547           548           542
           246           245           254
           254           255           246
           254           263           255
           254           253           263
           244           253           254
           254           245           244
           368           359           367
           367           376           368
           368           376           377
           369           359           368
           343           351           352
           351           360           352
           353           343           352
           352           362           353
           361           369           370
           361           360           369
           361           352           360
           370           371           361
           361           371           362
           362           352           361
           386           385           394
           377           385           386
           387           396           388
           388           379           387
           377           386           387
           387           386           396
           468           473           474
           473           479           474
           503           504           498
           491           492           486
           484           490           491
           488           493           494
           488           494           495
           495           489           488
           489           482           488
           516           517           510
           504           509           510
           511           504           510
           510           517           511
           523           524           518
           518           517           523
           529           524           523
           523           517           516
           520           521           514
           515           521           516
           516           510           515
           515           510           509
           515           509           508
           508           514           515
           515           514           521
           578           572           577
           577           583           578
           583           584           578
           579           572           578
           585           579           578
           578           584           585
           541           542           536
           541           547           542
           540           547           541
           541           534           540
           546           547           540
           551           552           546
           546           545           551
           540           545           546
           548           547           553
           559           554           553
           554           548           553
           553           552           559
           553           546           552
           547           546           553
           527           528           522
           516           521           522
           522           521           527
           522           528           529
           529           523           522
           522           523           516
           395           386           394
           394           403           395
           395           403           404
           395           404           405
           405           396           395
           396           386           395
           378           387           379
           370           369           378
           378           379           370
           369           368           378
           378           368           377
           377           387           378
           480           474           479
           470           469           475
           475           469           468
           468           474           475
           505           504           511
           505           498           504
           511           506           505
           479           478           485
           485           491           486
           485           478           484
           484           491           485
           486           480           485
           485           480           479
           497           498           492
           492           491           497
           503           498           497
           497           491           490
           497           496           503
           497           490           496
           532           538           539
           538           545           539
           539           545           540
           540           534           539
           534           541           535
           529           528           535
           528           534           535
           535           530           529
           536           530           535
           535           541           536
           470           475           476
           476           482           483
           476           483           477
           477           470           476
           474           480           481
           481           475           474
           482           476           481
           481           476           475
           500           505           506
           500           506           507
           507           501           500
           501           494           500
           532           539           533
           533           526           532
           533           527           526
           533           528           527
           533           534           528
           533           539           534
           487           481           480
           486           493           487
           487           480           486
           493           488           487
           487           488           482
           482           481           487
           505           500           499
           499           493           492
           494           493           499
           499           500           494
           492           498           499
           498           505           499
