        0.0000000000000000        0.0000000000000000
        0.0000000000000000       -2.1000000000000001
        0.0000000000000000        2.1000000000000001
       20.0000000000000000        0.0000000000000000
       20.0000000000000000       -2.1000000000000001
       20.0000000000000000        2.1000000000000001
       20.0000000000000000       -3.1499999999999999
       20.0000000000000000        3.1499999999999999
       45.0000000000000000        0.0000000000000000
       45.0000000000000000       -2.1000000000000001
       45.0000000000000000        2.1000000000000001
       45.0000000000000000       -3.1499999999999999
       45.0000000000000000        3.1499999999999999
       65.0000000000000000        0.0000000000000000
       65.0000000000000000       -2.1000000000000001
       65.0000000000000000        2.1000000000000001
        0.7013452311075281       -2.0999999993454272
       -0.0000000000121826       -1.3996003054709825
        0.0000000000013660       -0.6903707338060616
       -0.0000000000131860        0.7098959018200151
        0.6995301607369123        1.2800339108762033
       -0.0000000000145252        1.4407862588131499
        1.3897432057354802       -2.0999999995347647
        0.7922836045207958       -1.2548185062819945
        0.9315422077142204       -0.4173711414354216
        0.7975794673830082        0.4210786861859391
        1.3700721516414456        1.2435117744611874
        0.8249024911758673        2.0999999993295937
        2.1068618252723228       -2.0999999995276482
        1.5606396128768381       -1.2357236403609426
        1.8464594187808210       -0.4319260724521833
        1.5655856308340892        0.3745415244144536
        2.0833094101717946        1.2379011947779353
        1.6303702031633596        2.0999999994244534
        2.8599580171991232       -2.0999999994733560
        2.3652363212088559       -1.2527926719124276
        2.7087132180227433       -0.4285209903146030
        2.3647069894526300        0.3925052008431816
        2.8377246384613644        1.2478066342796854
        2.4240111350299807        2.0999999994501439
        3.6316759969741610       -2.0999999994535066
        3.1741404193271716       -1.2549495757799218
        3.5431974423881401       -0.4237251937454677
        3.1696455021695433        0.4047151928827823
        3.6142832791327510        1.2522678786911474
        3.2162917909695419        2.0999999994398419
        4.4142850991871487       -2.0999999994405711
        3.9800877872178808       -1.2565900970385073
        4.3621355659651071       -0.4216616710971398
        3.9752599740483019        0.4116492171409635
        4.4019496448845548        1.2554556968192214
        4.0086601423283259        2.0999999994352301
        5.2030881866431171       -2.0999999994322369
        4.7831968608767932       -1.2577792021968239
        5.1721798934251932       -0.4206338842478823
        4.7791038535656405        0.4154710860301814
        5.1949761369723024        1.2573088713985290
        4.8022012610936384        2.0999999994300365
        5.9952145210343772       -2.0999999994269367
        5.5840826016161467       -1.2585127888011636
        5.9769520725721792       -0.4201071824371451
        5.5810939352469253        0.4175684440176811
        5.9904244324882088        1.2584470447619602
        5.5968383502516268        2.0999999994260361
        6.7889162497951157       -2.0999999994234124
        6.3832684338228560       -1.2589545411845031
        6.7783662968332230       -0.4197885497612602
        6.3814548560603264        0.4187874265638566
        6.7868055395150284        1.2591763096480930
        6.3922534636352371        2.0999999994228040
        7.5830734003890710       -2.0999999994209557
        7.1810420970799633       -1.2591842201326824
        7.5774349640284822       -0.4195345066058541
        7.1804138879890829        0.4195538465522816
        7.5833395040910085        1.2596792472686020
        7.1880849761964569        2.0999999994200795
        8.3769198921168488       -2.0999999994191381
        7.9774996271274130       -1.2592589052553551
        8.3746644732270177       -0.4192663004922220
        7.9781211594883015        0.4201054295276773
        8.3796038941717796        1.2600695213500315
        7.9840191242833267        2.0999999994176175
        9.1698788176678665       -2.0999999994177210
        8.7726005123453081       -1.2592086603179689
        9.1702710174456072       -0.4189312219804687
        8.7746516612460805        0.4205822408876860
        9.1753641401752795        1.2604224672370008
        8.7798175754197398        2.0999999994152105
        9.9614640039634299       -2.0999999994165917
        9.5662068788796759       -1.2590440740797679
        9.9642977975441340       -0.4184843797684254
        9.5700258373467690        0.4210774915544012
        9.9704962691571790        1.2607942601247808
        9.5753219708860797        2.0999999994126886
       10.7512197141350541       -2.0999999994157177
       10.3581063686459949       -1.2587607533287815
       10.7566794123148188       -0.4178789402303034
       10.3642310614286544        0.4216644060087437
       10.7649566498144065        1.2612328774506583
       10.3704541273033932        2.0999999994099081
       11.5386831591864887       -2.0999999994151275
       11.1480229260009338       -1.2583424883471583
       11.5472760909492749       -0.4170609607180761
       11.1572407010499877        0.4224113701729717
       11.5587771356197884        1.2617850280513159
       11.1652180994626100        2.0999999994067422
       12.3233617057997584       -2.0999999994148988
       11.9356196142434108       -1.2577635976031609
       12.3358885667290714       -0.4159640942671027
       11.9490300568976906        0.4233917996968021
       12.3520761588135457        1.2625019771695041
       11.9597054423910656        2.0999999994030709
       13.1047192297238340       -2.0999999994151390
       12.7204952430733123       -1.2569863639637804
       13.1222577325477978       -0.4144976990552743
       12.7395896091362211        0.4246961166073002
       13.1450849382521540        1.2634472202037423
       12.7541028251271946        2.0999999993987695
       13.8821757024416250       -2.0999999994158594
       13.5021731726353522       -1.2559695274057618
       13.9060439859452494       -0.4125918421722959
       13.5289373061992251        0.4264435997323016
       13.9381916787045572        1.2646900642490477
       13.5487000059995637        2.0999999993937277
       14.6551401117367650       -2.0999999994168550
       14.2801071364399057       -1.2547222397039435
       14.6868244485650639       -0.4103341348414274
       14.3171125726423938        0.4286494676522121
       14.7319516930170202        1.2660363821470388
       14.3438863680551396        2.0999999993884622
       15.4230624011813902       -2.0999999994185452
       15.0537461541998940       -1.2533296844008133
       15.4641164631199466       -0.4077458038360967
       15.1042251551461444        0.4310760777822178
       15.5270548597361149        1.2682826352261445
       15.1400157544982683        2.0999999993817164
       16.1853152052109621       -2.0999999994470611
       15.8225101103451919       -1.2515369298006003
       16.2358409462292315       -0.3975243932172686
       15.8900404090003633        0.4370550763968746
       16.3259148219046288        1.2740976695682200
       15.9377739171320343        2.0999999993675802
       16.9364350843087088       -2.0999999993946310
       16.5826358812128056       -1.2369408214753863
       17.0020074204524008       -0.3779579196835042
       16.6759597980010099        0.4518195557074217
       17.1339777619223703        1.2818704235787719
       16.7388599868686718        2.0999999993478897
       17.6950302406760898       -2.0999999992693930
       17.3291672514651474       -1.2673065043798140
       17.7368318302914183       -0.4903750678259469
       17.4651209059233885        0.4573685018556244
       17.9506513670136485        1.2580178324153057
       17.5437746289178449        2.0999999993987917
       18.4684122901523082       -2.0999999991850151
       18.1167305153019953       -1.3131153226763157
       18.5600256885653287       -0.5887588832847803
       18.1628301058610866        0.1973031410300766
       18.8714891417740205        1.4194796346540264
       18.3369548164689071        2.0999999992948313
       19.2398477125070748       -2.0999999991298544
       18.9501634454132777       -1.3347308510660869
       19.4568448809054040       -0.6453482447894404
       19.0648556303306762        0.0373960548948601
       18.5957231954689775        0.7535028967744939
       19.1903075500392184        2.0999999989371085
       19.9999999975379836       -2.6428580024445254
       20.7940080977156612       -2.2859080641610818
       19.8064624853929594       -1.3648213366929174
       20.3465470709792662       -0.7338665828543220
       19.4655222255193685        0.6938532949435222
       20.3376343661172427        0.7483921035854149
       19.7632154147087213        1.3889134741120857
       20.7961386752392663        2.2880736372294095
       19.9999999975480556        2.6424607821695476
       20.8323052594514948       -3.1499999992002388
       21.4401492601114434       -2.4114600627271567
       20.6851396539580143       -1.4997979006128750
       21.1734212446871837       -0.7827606435267497
       20.8152599574042618        0.0094479167337318
       21.1720605670395905        0.7943431988495200
       20.6669257428712712        1.5014318733167156
       21.4441582598164153        2.4142256451749233
       20.8324737399259732        3.1499999991952263
       21.6547218152219330       -3.1499999990140863
       22.1433467517883535       -2.3317157188450577
       21.5222016617391780       -1.5901640685171989
       21.9669549375413133       -0.7966070888732126
       21.6016619368032927        0.0040013363569903
       21.9676639397730682        0.8010120073379109
       21.5165396089109748        1.5940271635485335
       22.1462043374777480        2.3315616177386165
       21.6556911013479798        3.1499999990066088
       22.4457702004819595       -3.1499999992067083
       22.8840702423203268       -2.3511087615303889
       22.3658334492579094       -1.5525995605799519
       22.7807144780447892       -0.7776907612531713
       22.3862844725123473        0.0014061900374501
       22.7821571233064120        0.7792989240391431
       22.3645701166237103        1.5542583094162175
       22.8869742566649066        2.3512649248689965
       22.4470376099072126        3.1499999992071315
       23.2405423465467607       -3.1499999991826337
       23.6528496801234454       -2.3538045123598028
       23.1841114764708784       -1.5619791643989500
       23.5899943052906984       -0.7842290640158944
       23.1934106936206881        0.0004027623566585
       23.5918641703882344        0.7842785962004953
       23.1850617097847298        1.5622208025881530
       23.6556648287846762        2.3535459290421437
       23.2421470982340743        3.1499999991828438
       24.0340170770552284       -3.1499999991862082
       24.4355146835855344       -2.3573311722159902
       23.9964428112064390       -1.5668625834911381
       24.3962951376139330       -0.7847465821912953
       23.9965832488176503       -0.0002397258334076
       24.3981411856145485        0.7840899906069263
       23.9983293428445954        1.5664747603801250
       24.4380709869862152        2.3570419573817865
       24.0356767480381457        3.1499999991871497
       24.8281561377966646       -3.1499999991838470
       25.2253022126259694       -2.3590614800020759
       24.8025922523486209       -1.5696897633969475
       25.2004221341556800       -0.7857164540969266
       24.7999023044038864       -0.0004480582956429
       25.2020561271577535        0.7848832869952392
       24.8046596944621633        1.5691177503160796
       25.2275153995784009        2.3587569505676047
       24.8297551192524963        3.1499999991847272
       25.6230089051040757       -3.1499999991824992
       26.0189439943308543       -2.3602813105769762
       25.6056144799219361       -1.5715792461902085
       26.0029188362247510       -0.7863339211803491
       25.6022447547444756       -0.0004923916006573
       26.0042716312737241        0.7854533768387457
       25.6075356232833791        1.5709694101039033
       26.0207639864531401        2.3599802116483288
       25.6244356167806693        3.1499999991833216
       26.4187147889849534       -3.1499999991809657
       26.8147230690692595       -2.3610599769480709
       26.4068082814215046       -1.5728160556443802
       26.8042634938093798       -0.7868058267509368
       26.4037304579357972       -0.0005062556175694
       26.8053060256072904        0.7858998017208423
       26.4084135498898931        1.5721900709770633
       26.8160974477673371        2.3607427491914481
       26.4198618703733992        3.1499999991817367
       27.2151910193845730       -3.1499999991797454
       27.6117330863558657       -2.3615853578493682
       27.2070054068588618       -1.5736363083689093
       27.6048128720516104       -0.7871521451581572
       27.2044793217834631       -0.0005156945980808
       27.6055392259256926        0.7862084809145597
       27.2082030807366344        1.5729774382385289
       27.6125933343727823        2.3612327914851208
       27.2159326499512453        3.1499999991805332
       28.0123296463121889       -3.1499999991787924
       28.4094940865377019       -2.3619491645174420
       28.0066583109343803       -1.5741972794928660
       28.4048294590827126       -0.7874235986536778
       28.0046650210091244       -0.0005384302665345
       28.4052362391694047        0.7864043066167880
       28.0073880933318868        1.5734791504077050
       28.4097484749136946        2.3615392090107323
       28.0125152229409480        3.1499999991796583
       28.8100263630458713       -3.1499999991780774
       29.2077545798995892       -2.3622137361715967
       28.8060346643800216       -1.5745998490684787
       29.2045080329427797       -0.7876551713404614
       28.8044432943487720       -0.0005882522744217
       29.2045824301043666        0.7864969694230657
       28.8062369640289084        1.5737804434253919
       29.2072753694307536        2.3617163690995095
       28.8094694741737278        3.1499999991790872
       29.6082012515708790       -3.1499999991775431
       30.0063893080377504       -2.3624199528788257
       29.6052999951283553       -1.5749108964493403
       30.0039970621987742       -0.7878790569142891
       29.6039485456633606       -0.0006799269547637
       30.0037070028264878        0.7864891155918058
       29.6048940636567437        1.5739291515354132
       30.0049964791703658        2.3617935489278694
       29.6066622618053934        3.1499999991787848
       30.4068038359707629       -3.1499999991771346
       30.8053471371361489       -2.3625974039419710
       30.4045682125242855       -1.5751787157845738
       30.8034146635535215       -0.7881251518236230
       30.4032921254879902       -0.0008309681578285
       30.8026998863145103        0.7863747571936706
       30.4034331460883891        1.5739485541278988
       30.8027874417460552        2.3617843350659955
       30.4039661621131394        3.1499999991787284
       31.2058140329753613       -3.1499999991768002
       31.6046244917487620       -2.3627685548119506
       31.2039292905688121       -1.5754405600896322
       31.6028615229582179       -0.7884223920174616
       31.2025669336660521       -0.0010622629637113
       31.6016245202724591        0.7861400291934506
       31.2018853949676682        1.5738447250607310
       31.6005457940964476        2.3616912001226975
       31.2012532840442987        3.1499999991789127
       32.0052414169678556       -3.1499999991764973
       32.4042523622881475       -2.3629515317276835
       32.0034662252026365       -1.5757271340435464
       32.4024320237854440       -0.7888000869946936
       32.0018541188895114       -0.0013986567472222
       32.4005279014411229        0.7857630645934037
       32.0002551031858147        1.5736108560315278
       32.3981733194298585        2.3615080440154257
       31.9983871833100082        3.1499999991793519
       32.8051245725509091       -3.1499999991761900
       33.2042906445756500       -2.3631617777119582
       32.8032666893566969       -1.5760656355202667
       33.2022245143557271       -0.7892893469504543
       32.8012308783397373       -0.0018700773114319
       33.1994488078959833        0.7852133615706707
       32.7985286724776870        1.5732291903193405
       33.1955655063248969        2.3612212760242359
       32.7952141286210335        3.1499999991800824
       33.6055309368508617       -3.1499999991758521
       34.0048260348578495       -2.3634128328847024
       33.6034323851799996       -1.5764815419850604
       34.0023513290011579       -0.7899239818792667
       33.6007788237692608       -0.0025126707168702
       33.9984247724788915        0.7844511308947721
       33.5966799945834111        1.5726717487735640
       33.9926047611018660        2.3608102039067345
       33.5915536482601098        3.1499999991811660
       34.4065568902604682       -3.1499999991754630
       34.8059707622747254       -2.3637162875037663
       34.4040874779523449       -1.5769991729249133
       34.8029489731631045       -0.7907406531741611
       34.4005927802949856       -0.0033695471631853
       34.7974980629131565        0.7834268880262647
       34.3946737462417502        1.5719006374264424
       34.7891557898646582        2.3602471433401262
       34.3871877979305580        3.1499999991826901
       35.2083275448512580       -3.1499999991750101
       35.6078596499471018       -2.3640808324412439
       35.2053868612143006       -1.5776409727481147
       35.6041888935547277       -0.7917781861865372
       35.2007900530398032       -0.0044910543230519
       35.5967205378861280        0.7820813750190182
       35.1924672367443137        1.5708684109834707
       35.5850626772244709        2.3594975494287977
       35.1818482587334813        3.1499999991847738
       36.0109956142599046       -3.1499999991744874
       36.4106424165709228       -2.3645101350642617
       36.0075249969222781       -1.5784252747177863
       36.4062894609505108       -0.7930759435160269
       36.0015203428998376       -0.0059346320747231
       36.3961567198333285        0.7803458784917685
       35.9900107782253400        1.5695188856351643
       36.3801481287619595        2.3585205218641780
       35.9752000476954592        3.1499999991875702
       36.8147389135948515       -3.1499999991738976
       37.2144663458246114       -2.3649985827823197
       36.8107467256081193       -1.5793618071178257
       37.2095302249091588       -0.7946705086786785
       36.8029766772778686       -0.0077641754678108
       37.1958836067879233        0.7781436296533021
       36.7872458927125976        1.5677890644454933
       37.1742165612054123        2.3572704207643493
       36.7668201715293179        3.1499999991912717
       37.6197563847613239       -3.1499999991732541
       38.0194399476453881       -2.3655225450259265
       37.6153630161588310       -1.5804423481292218
       38.0142702054520356       -0.7965871819177902
       37.6054080197960872       -0.0100475530015557
       37.9959845838898502        0.7753946123442915
       37.5841000393751230        1.5656139392812709
       37.9670649127658208        2.3557013281597663
       37.5561688990493252        3.1499999991961163
       38.4262632032091034       -3.1499999991725867
       38.8255582041411458       -2.3660218129053470
       38.4217772590686977       -1.5816205620639134
       38.8209726452207633       -0.7988212375606119
       38.4091352359274865       -0.0128478043074751
       38.7965334605347394        0.7720299949074293
       38.3804761138509747        1.5629376281894019
       38.7585088000813300        2.3537768268036716
       38.3425503550481181        3.1499999992023948
       39.2344868206806652       -3.1499999991719423
       39.6325499732436413       -2.3663701849304464
       39.2305342916089401       -1.5827723529457673
       39.6302398521547445       -0.8013015780933177
       39.2145723640019241       -0.0162034499719539
       39.5975590067279910        0.7680204835676624
       39.1762360209265097        1.5597400182668164
       39.5484388381826619        2.3515014589734711
       39.1250568830652270        3.1499999992104395
       40.0446732386456503       -3.1499999991713987
       40.4395694989941816       -2.3663062893165296
       40.0424140318153121       -1.5836310335681134
       40.4428568745954564       -0.8038386862934634
       40.0222577472395500       -0.0200873193940893
       40.3989717809926816        0.7634603165571612
       39.9711720343312535        1.5560929597850583
       40.3369310657992486        2.3489365912154838
       39.9024923692986704        3.1499999992206753
       40.8571138079643958       -3.1499999991711358
       41.2445288317085783       -2.3652811809014156
       40.8586273968509346       -1.5836145468172271
       41.2598533786398818       -0.8057576707482300
       40.8328814822683768       -0.0242991851224147
       41.2004626581143398        0.7584705990825571
       40.7649965423089498        1.5521976058318945
       41.1244104875202368        2.3463659945121256
       40.6732386009871263        3.1499999992335028
       41.6722025887249075       -3.1499999991731347
       42.0424209764472891       -2.3614415932772435
       41.6810701610767680       -1.5810726454746442
       42.0828608523546563       -0.8060407529591777
       41.6475450098282707       -0.0284269553018898
       42.0012247542603561        0.7541813098878568
       41.5572036113691823        1.5485571358884467
       41.9119140665931695        2.3441041235445828
       41.4350803331793216        3.1499999992499439
       42.4901707239185100       -3.1499999991661900
       42.8226857739659792       -2.3591373645740736
       42.5132514565703303       -1.5745801083169582
       42.9127183311803719       -0.7995857203955731
       42.4675397152523999       -0.0297051933805606
       42.8000854763827832        0.7539465354257060
       42.3474701989822009        1.5468282943346781
       42.7016565550880074        2.3462785411680125
       42.1847225540485553        3.1499999992660173
       43.3140359839125892       -3.1499999991856229
       43.5655931418494049       -2.3415878537912933
       43.3557806556725325       -1.5676632493820903
       43.7449633192782770       -0.8090294877296592
       43.2953810059851776       -0.0220582625980572
       43.5920208173576569        0.7771429870906515
       43.1348689496991184        1.5572313646702547
       43.5003336838941337        2.3576166701762187
       42.9186507108969053        3.1499999992774494
       44.1389995913170097       -3.1499999991108072
       44.2245407394065211       -2.3569871702875820
       44.2240680645338600       -1.5535501567448087
       44.5854540202301877       -0.7429533422252952
       44.1151772699127704       -0.0335027540128474
       44.3509706831384065        0.7091213610765319
       43.9246702178327766        1.5854271293390247
       44.3140712787898394        2.3890404423070630
       43.6313752810183075        3.1499999992755621
       44.9999999889442250       -2.6512714518988183
       45.7084447519020927       -2.0999999992889964
       45.1075925314411208       -1.3321981468224393
       45.5005418983099474       -0.5445993306099093
       45.1453609757975372        0.7397613076480943
       45.5299997696669578        1.3496995592729153
       44.6538342792592360        1.4596762569399730
       44.3160907875036685        3.1499999991748830
       46.4308470528077635       -2.0999999993747025
       45.9301194019254595       -1.2878467431623728
       46.2674244660152993       -0.4234886370424563
       45.8419499464867144        0.3709772798940353
       46.2499272889995225        1.2227366238953352
       45.8273316380422315        2.0999999991886145
       47.1546840977991764       -2.0999999994312133
       46.6983022441374587       -1.2483964247711998
       47.0440938885389457       -0.4109445285591560
       46.6316142138832461        0.4148008192315346
       47.0131497334905930        1.2682695622569717
       46.5980191479754353        2.0999999994508092
       47.8935232980445065       -2.0999999994173733
       47.4620764060595874       -1.2520166648015643
       47.8140267841430386       -0.4096568880659840
       47.4068967430105985        0.4310216683619372
       47.7891511006404599        1.2649866756890566
       47.3833875196864582        2.0999999993597060
       48.6427135491154772       -2.0999999994125740
       48.2263883142659679       -1.2525013567008374
       48.5872963880061306       -0.4126876896359219
       48.1842558695581289        0.4266954339485701
       48.5664460884673943        1.2634740356992407
       48.1661744789688910        2.0999999993726415
       49.4009058109152832       -2.0999999994076930
       48.9940167277180905       -1.2547530966403044
       49.3623052694208724       -0.4142575504724473
       48.9621025674377535        0.4253265521059822
       49.3457100025484081        1.2628597964165293
       48.9483087191177404        2.0999999993801710
       50.1661731859436202       -2.0999999994065091
       49.7649663785468519       -1.2559045103869495
       50.1395995359998494       -0.4154391524341665
       49.7412774269366054        0.4243305444311082
       50.1269078069231142        1.2622814183968993
       49.7309759946856218        2.0999999993854641
       50.9373896171248433       -2.0999999994065117
       50.5393791671537898       -1.2569029998724677
       50.9193660759318902       -0.4164953722715856
       50.5222836434736564        0.4234381751702966
       50.9100481234975817        1.2617892176659689
       50.5147290912832361        2.0999999993904992
       51.7136537725207859       -2.0999999994074496
       51.3172953013108852       -1.2576888932310217
       51.7017163662451225       -0.4173324088255138
       51.3053331140433357        0.4226622628710663
       51.6951860314495235        1.2613834400045958
       51.2999559125654159        2.0999999993951999
       52.4942279645175915       -2.0999999994090484
       52.0985757133669765       -1.2582727848968827
       52.4866550264662592       -0.4179569638630276
       52.0905657064464975        0.4220549546744158
       52.4823889681530744        1.2610786859909520
       52.0869129537182332        2.0999999993995413
       53.2784944915325838       -2.0999999994110787
       52.8829966058472323       -1.2586870049661041
       53.2741135740242555       -0.4183939341565707
       52.8780342739045892        0.4216104447942768
       53.2716945040237775        1.2608642882644348
       52.8757666249363467        2.0999999994034755
       54.0659211874178780       -2.0999999994133800
       53.6702932557634043       -1.2589604951197670
       54.0639750478808523       -0.4186687605737393
       53.6677301869056791        0.4213111669772297
       54.0631030592126791        1.2607297230138077
       53.6666075868671939        2.0999999994070060
       54.8560361135807568       -2.0999999994158487
       54.4601845977338854       -1.2591162342386679
       54.8560928557607497       -0.4188029434807897
       54.4596004365286603        0.4211397090330519
       54.8565820682112602        1.2606651093071988
       54.4594704706242538        2.0999999994101399
       55.6484063472567669       -2.0999999994184297
       55.2523876786246149       -1.2591702421580639
       55.6503071032703431       -0.4188128902350550
       55.2535632384745981        0.4210801333903296
       55.6520724357940040        1.2606617372831541
       55.2543505117784122        2.0999999994128888
       56.4426172586706016       -2.0999999994211129
       56.0466263077891185       -1.2591314369842499
       56.4464587574121808       -0.4187096384563282
       56.0495216966963028        0.4211186741859805
       56.4494937897987867        1.2607119483967502
       56.0512181703587657        2.0999999994152643
       57.2382486673724316       -2.0999999994239338
       56.8426369744653712       -1.2590013724489419
       57.2444036237939642       -0.4185001083106259
       56.8473763261793650        0.4212424998229503
       57.2487445882195232        1.2608078292896565
       56.8500324870569926        2.0999999994172773
       58.0348435068858350       -2.0999999994269847
       57.6401757675908613       -1.2587740661422717
       58.0440288991843261       -0.4181905909874918
       57.6470378396538834        0.4214356732385456
       58.0496910739271570        1.2609381117730583
       57.6507543927604189        2.0999999994189325
       58.8318621636192702       -2.0999999994304344
       58.4390317288537631       -1.2584361460425508
       58.8452760345064831       -0.4177945983849171
       58.4484432203183388        0.4216702870245840
       58.8521333514052714        1.2610814977317493
       58.4533626950418821        2.0999999994202230
       59.6286107038634583       -2.0999999994345622
       59.2390561585349573       -1.2579686072005178
       59.6481748163899042       -0.4173509836013910
       59.2515818203098732        0.4218871254212339
       59.6557230059514367        1.2611918156700082
       59.2578785179586589        2.0999999994211205
       60.4241219709377546       -2.0999999994398606
       60.0402263923062591       -1.2573550806234512
       60.4528924046256577       -0.4169576925310068
       60.0565466758542357        0.4219558156926608
       60.4597760665808863        1.2611741098497578
       60.0644100522961679        2.0999999994215419
       61.2169392343150918       -2.0999999994474194
       60.8427773775504832       -1.2565835912796839
       61.2597928607124942       -0.4167469791365294
       60.8636448525953853        0.4216204987942510
       61.2628662158376116        1.2608583193371030
       60.8732455276915516        2.0999999994212275
       62.0046754778672380       -2.0999999994586691
       61.6474245522786646       -1.2555808052329611
       62.0694537294505011       -0.4168320353431051
       61.6736728548166653        0.4205315623849250
       62.0619774049613540        1.2601595659039471
       61.6850553581773227        2.0999999994190430
       62.7833499735304699       -2.0999999994729492
       62.4557423257327358       -1.2546400692252888
       62.8823664747911337       -0.4189413241600105
       62.4884530455196341        0.4181150017582257
       62.8505120065161975        1.2576761688561156
       62.5013803549226807        2.0999999994155223
       63.5465604799030430       -2.0999999994264629
       63.2715153169767817       -1.2562065796741895
       63.7004282869875453       -0.4414474640696632
       63.3116652807782927        0.4056033595149005
       63.6098774503949969        1.2437473236992089
       63.3248197940709332        2.0999999994325349
       64.2981447089555758       -2.0999999993762302
       64.1075684667255672       -1.2997214562976922
       64.5104555656025411       -0.5376403546095149
       64.1447928341481912        0.3589231663451812
       64.2907080158772146        1.2263808611722398
       64.1565192400527593        2.0999999994913425
       64.9999999876053778       -1.2131925259776792
       64.9999999889243014        0.6967620627329100
       64.9999999864629814        1.4413919666242827
