        0.0000000000000000        0.5000000000000000
       -0.4330127018922194       -0.2499999999999999
        0.4330127018922192       -0.2500000000000002
        1.0000000000000000        0.0000000000000000
        0.5000000000000001        0.8660254037844386
       -0.4999999999999998        0.8660254037844387
       -1.0000000000000000        0.0000000000000001
       -0.5000000000000004       -0.8660254037844385
        0.5000000000000001       -0.8660254037844386
       -0.9153442203083489       -0.1466281112592113
       -0.7529255457157327       -0.4279455077856715
       -0.8356028027659201       -0.2847442979089366
       -0.7587891131669082        0.0246333961177057
       -0.8730454146928491        0.2198917918737486
       -0.7476830810198469        0.4370257225664629
       -0.5837638087051817       -0.7209422309066296
       -0.6653752485956096       -0.5795870694643178
       -0.5293128450051052       -0.4205261358538295
       -0.6525728545751297       -0.1991033830967459
       -0.5460627558180998       -0.0180081211663220
       -0.6366847731184427        0.2342504966230255
       -0.4419923835657247        0.1550037398966127
       -0.5101882713865521        0.4511409199241109
       -0.6235237353213079        0.6520760184352870
       -0.3090250609715484       -0.8660254036044936
       -0.4132408591075513       -0.6344481912691365
       -0.3082269933960272       -0.4597634292474674
       -0.2865385695805470       -0.2499999999555258
       -0.3236897217834880       -0.0606470436860413
       -0.2152552713448151        0.1271669334475065
       -0.3417882094264254        0.3245156359682052
       -0.2485893219524009        0.5055213189986310
       -0.3874661500775314        0.6675334935298657
       -0.1023530931464870       -0.8660254035432939
       -0.2097118439770885       -0.6690718319525270
       -0.1047916273476266       -0.4664102868324724
       -0.1462334213617878       -0.2499999999595551
       -0.1067624733307892        0.3150819718419062
       -0.1279424466858350        0.6864362686611980
       -0.2556390676074555        0.8660254035807783
        0.1023530931101001       -0.8660254035432940
       -0.0000000000828900       -0.6645239800443538
        0.1047916273099025       -0.4664102868469888
       -0.0000000000146263       -0.2499999999591685
        0.1279424450449714        0.6864362697784203
       -0.0000000026961670        0.8660254035397822
        0.3090250609612164       -0.8660254036044938
        0.2097118438121124       -0.6690718319679997
        0.3082269933595223       -0.4597634292192351
        0.1462334213224578       -0.2499999999595552
        0.2152552712057174        0.1271669334051308
        0.1067624731127544        0.3150819720257124
        0.2485893215217938        0.5055213200611276
        0.2556390652441070        0.8660254035807782
        0.5837638087873229       -0.7209422305985953
        0.4132408589615102       -0.6344481912662550
        0.5293128448534151       -0.4205261357668626
        0.2865385695647797       -0.2499999999555261
        0.5460627556625228       -0.0180081208935679
        0.3236897215751126       -0.0606470439127634
        0.4419923833345145        0.1550037404445907
        0.3417882089252232        0.3245156366109392
        0.6235237352673074        0.6520760183597736
        0.3874661493859326        0.6675334943975177
        0.6653752485748208       -0.5795870703689894
        0.7529255455565865       -0.4279455084243244
        0.6525728545862247       -0.1991033831038688
        0.7587891130961127        0.0246333961328250
        0.6366847730453771        0.2342504968724905
        0.7476830814544378        0.4370257224381837
        0.5101882710737321        0.4511409204709683
        0.8356028024051385       -0.2847442986615196
        0.9153442200297096       -0.1466281115518470
        0.8730454142161724        0.2198917922355157
