    1   45    1
    1    1   52
    1   52   51
    1   51   58
    1   58    3
    1    3   44
    1   44   37
    1   37   29
    1   29    2
    1    2   30
    1   30   38
    1   38   45
    2   73    4
    2    4   74
    2   74   70
    2   70   71
    2   71   63
    2   63    5
    2    5   64
    2   64   54
    2   54   47
    2   47   40
    2   40    6
    2    6   24
    2   24   23
    2   23   15
    2   15   14
    2   14    7
    2    7   10
    2   10   12
    2   12   11
    2   11   17
    2   17   16
    2   16    8
    2    8   25
    2   25   34
    2   34   41
    2   41   48
    2   48    9
    2    9   55
    2   55   65
    2   65   66
    2   66   72
    2   72   73
