*PARAMETER
num-dim: 2
*MATPROP
b-plane-strain: 1
young's-modulus: 200.0
poisson's-ratio: 0.3
*NODE
num-node: 74
nodal-coord:
0.000000 0.500000
-0.433013 -0.250000
0.433013 -0.250000
1.000000 0.000000
0.500000 0.866025
-0.500000 0.866025
-1.000000 0.000000
-0.500000 -0.866025
0.500000 -0.866025
-0.915344 -0.146628
-0.752926 -0.427946
-0.835603 -0.284744
-0.758789 0.024633
-0.873045 0.219892
-0.747683 0.437026
-0.583764 -0.720942
-0.665375 -0.579587
-0.529313 -0.420526
-0.652573 -0.199103
-0.546063 -0.018008
-0.636685 0.234250
-0.441992 0.155004
-0.510188 0.451141
-0.623524 0.652076
-0.309025 -0.866025
-0.413241 -0.634448
-0.308227 -0.459763
-0.286539 -0.250000
-0.323690 -0.060647
-0.215255 0.127167
-0.341788 0.324516
-0.248589 0.505521
-0.387466 0.667533
-0.102353 -0.866025
-0.209712 -0.669072
-0.104792 -0.466410
-0.146233 -0.250000
-0.106762 0.315082
-0.127942 0.686436
-0.255639 0.866025
0.102353 -0.866025
-0.000000 -0.664524
0.104792 -0.466410
-0.000000 -0.250000
0.127942 0.686436
-0.000000 0.866025
0.309025 -0.866025
0.209712 -0.669072
0.308227 -0.459763
0.146233 -0.250000
0.215255 0.127167
0.106762 0.315082
0.248589 0.505521
0.255639 0.866025
0.583764 -0.720942
0.413241 -0.634448
0.529313 -0.420526
0.286539 -0.250000
0.546063 -0.018008
0.323690 -0.060647
0.441992 0.155004
0.341788 0.324516
0.623524 0.652076
0.387466 0.667533
0.665375 -0.579587
0.752926 -0.427946
0.652573 -0.199103
0.758789 0.024633
0.636685 0.234250
0.747683 0.437026
0.510188 0.451141
0.835603 -0.284744
0.915344 -0.146628
0.873045 0.219892
*ELEMENT
num-elem: 105
num-elem-node: 3
elem-conn:
13 14 7
15 23 24
10 13 7
18 11 17
31 23 22
22 30 31
31 30 38
65 66 57
57 66 67
34 41 42
42 35 34
35 25 34
56 65 57
14 13 21
15 14 21
22 23 21
21 23 15
22 21 20
20 21 13
13 10 19
19 20 13
19 11 18
63 5 64
64 53 71
71 63 64
70 63 71
64 5 54
28 27 37
18 17 26
26 27 18
35 27 26
8 25 26
26 25 35
36 35 42
36 27 35
42 43 36
36 37 27
36 43 44
44 37 36
49 56 57
55 56 9
65 56 55
9 56 47
48 43 42
48 47 56
48 49 43
56 49 48
42 41 48
41 47 48
29 30 22
22 20 29
11 19 12
12 19 10
2 19 18
18 27 2
2 27 28
20 19 2
2 29 20
69 74 70
69 71 61
70 71 69
40 39 46
1 52 53
72 67 66
72 73 67
57 67 3
3 49 57
53 52 62
61 71 62
62 71 53
51 60 61
61 62 51
51 62 52
8 26 16
16 26 17
74 69 68
4 74 68
68 73 4
67 73 68
39 40 33
33 24 23
6 24 33
33 40 6
46 39 45
39 1 45
45 1 53
45 54 46
45 53 64
64 54 45
49 3 58
59 69 61
59 68 69
67 68 59
61 60 59
59 3 67
60 3 59
39 33 32
32 1 39
23 31 32
32 33 23
32 31 38
38 1 32
43 49 50
49 58 50
44 43 50
*BOUNDARY
num-prescribed-disp: 0
node#-dof#-disp:
num-prescribed-load: 13
elem#-face#-trac:
1 2 -0.86025 0.5
15 1 -0.86025 0.5
2 3 -0.86025 0.5
82 1 -0.86025 0.5
23 1 0.86025 0.5
26 1 0.86025 0.5
59 2 0.86025 0.5
77 1 0.86025 0.5
32 1 0 -1.0
12 2 0 -1.0
10 1 0 -1.0
49 1 0 -1.0
43 3 0 -1.0