        0.2500000000000001        0.4330127018922193
       -0.5000000000000000        0.0000000000000001
        0.2500000000000001       -0.4330127018922193
        1.0000000000000000        0.0000000000000000
        0.5000000000000001        0.8660254037844386
       -0.4999999999999998        0.8660254037844387
       -1.0000000000000000        0.0000000000000001
       -0.5000000000000004       -0.8660254037844385
        0.5000000000000001       -0.8660254037844386
       -0.9232916972259047       -0.1328626778599881
       -0.7493107738511856       -0.4342064769255672
       -0.8388219123251850       -0.2791686370476011
       -0.7192150838050785        0.1028060635630129
       -0.9062346331889995        0.1624063787937192
       -0.8043275445451391        0.3389146342815775
       -0.5846064764162537       -0.7194826873009013
       -0.6658843861716196       -0.5787052180302663
       -0.4934568094391503       -0.4615126753681927
       -0.6141330320315106       -0.2850607289400326
       -0.6974723398859145       -0.0938674670178425
       -0.5664196307005092        0.2517202036225896
       -0.3498570993060243        0.3130263396075797
       -0.7078846373516564        0.5059586497775979
       -0.6016934601312903        0.6898871633533041
       -0.3077917583598820       -0.8660254036332573
       -0.3962609324635839       -0.6342658848750933
       -0.3055152070619477       -0.3820611608752656
       -0.4544249057841099       -0.2145105853611912
       -0.2961387708524522       -0.1176993356291159
       -0.3282961318165631        0.0991332744062276
       -0.4863512610779075        0.4762314399897383
       -0.1916638058154890        0.4520488140440310
       -0.3519892942482745        0.6461491021911370
       -0.1143774486556009       -0.8660254035299264
       -0.2181073827048710       -0.6379800352121020
       -0.1272908697714336       -0.4522208134780443
       -0.1249988117123907       -0.2165070368053082
       -0.1360106540796053        0.2101493467507222
       -0.1132660266835566        0.6740978278329075
       -0.2971196919640854        0.8660254036311757
        0.1030766008767408       -0.8660254035216250
       -0.0210447705184038       -0.6878206635238011
        0.0691260644021488       -0.5263941187160565
        0.0548804180880646       -0.3203603585344618
        0.0446446236889264        0.3144507200762049
        0.0265817099027754        0.5167577680078773
       -0.0999612734056878        0.8660254035430905
        0.3135592609087126       -0.8660254036084227
        0.2196679136882343       -0.6737023325326746
        0.4998295507574062       -0.4092922362096140
        0.2499999999806452        0.0028673561287947
        0.2499999999327421        0.2237343509114101
        0.1639779227254941        0.6661696397378905
        0.0902010602688603        0.8660254036151851
        0.5821894667964077       -0.7236690706738919
        0.4087361300341183       -0.6154370100781376
        0.4265311150520938       -0.2042325700022358
        0.2499999999279457       -0.2173011753322760
        0.5010128423850316       -0.0006246142222362
        0.4314102252645068        0.2030221442143117
        0.4990622264311801        0.4210890374874350
        0.3887898672020355        0.6319984368252883
        0.6021792367060285        0.6890457741361803
        0.3004363402871273        0.8660254036405328
        0.6655409444421523       -0.5793000765838087
        0.7494825521524475       -0.4339089474918771
        0.6419321756912383       -0.2038246805961587
        0.7404841755972270        0.0024787837153169
        0.6436284339416934        0.2099034298866910
        0.7927395253730407        0.3589856718958970
        0.6977991471613972        0.5234272310175665
        0.8342658498348263       -0.2870599682115195
        0.9151826693673700       -0.1469079259318628
        0.8961999901150405        0.1797868909656934
