            12            11            19
            19            20            12
            20            10            12
            21            23            15
            63             5            62
            24            33             6
            54            47            39
             6            33            40
            40            33            39
            39            47            40
            13            10            20
            13            14             7
             7            10            13
            13             2            21
            20             2            13
            21            15            13
            13            15            14
            38            22            30
            21             2            30
            30            22            21
            28            20            19
            28             2            20
            72            67            66
             4            74            68
            59            67            68
            50            65            66
            66            67            50
            31            23            21
            21            22            31
            31            24            23
            33            24            31
            62             5            64
            53            54            39
            39            46            53
            62            64            53
            53            64            54
            32            22            38
            32            46            39
            39            33            32
            33            31            32
            32            31            22
            37            27            36
            27            35            36
            36            35            42
            18            17            16
            18            28            19
            27            28            18
            19            11            18
            11            17            18
             2            28            29
            29            27            37
            29            28            27
             4            68            73
            67            72            73
            73            68            67
            59            68            69
            69            74            70
            69            68            74
            56            55            65
            65            50            56
             9            55            56
            57            67            59
            57            50            67
            59            51            57
            60            51            59
            60            52            51
            59            69            60
            45            32            38
            46            32            45
            34            41            42
            42            35            34
            35            25            34
            26            16             8
             8            25            26
            26            25            35
            26            18            16
            26            35            27
            27            18            26
             9            56            48
            58            57            51
            61            63            62
            61            71            63
            61            60            69
            70            71            61
            61            69            70
            41            48            49
            49            48            56
            42            41            49
            37            36            44
            52            60             1
            60            61             1
             1            61            62
            62            53             1
             1            53            46
            46            45             1
            43            36            42
            43            44            36
            42            49            43
             3            49            56
             3            43            49
             3            56            50
            44            43             3
            50            57             3
            57            58             3
