*PARAMETER
num-dim: 2
*MATPROP
b-plane-strain: 1
young's-modulus: 200.0
poisson's-ratio: 0.3
*NODE
num-node: 74
nodal-coord:
0.250000 0.433013
-0.500000 0.000000
0.250000 -0.433013
1.000000 0.000000
0.500000 0.866025
-0.500000 0.866025
-1.000000 0.000000
-0.500000 -0.866025
0.500000 -0.866025
-0.923292 -0.132863
-0.749311 -0.434206
-0.838822 -0.279169
-0.719215 0.102806
-0.906235 0.162406
-0.804328 0.338915
-0.584606 -0.719483
-0.665884 -0.578705
-0.493457 -0.461513
-0.614133 -0.285061
-0.697472 -0.093867
-0.566420 0.251720
-0.349857 0.313026
-0.707885 0.505959
-0.601693 0.689887
-0.307792 -0.866025
-0.396261 -0.634266
-0.305515 -0.382061
-0.454425 -0.214511
-0.296139 -0.117699
-0.328296 0.099133
-0.486351 0.476231
-0.191664 0.452049
-0.351989 0.646149
-0.114377 -0.866025
-0.218107 -0.637980
-0.127291 -0.452221
-0.124999 -0.216507
-0.136011 0.210149
-0.113266 0.674098
-0.297120 0.866025
0.103077 -0.866025
-0.021045 -0.687821
0.069126 -0.526394
0.054880 -0.320360
0.044645 0.314451
0.026582 0.516758
-0.099961 0.866025
0.313559 -0.866025
0.219668 -0.673702
0.499830 -0.409292
0.250000 0.002867
0.250000 0.223734
0.163978 0.666170
0.090201 0.866025
0.582189 -0.723669
0.408736 -0.615437
0.426531 -0.204233
0.250000 -0.217301
0.501013 -0.000625
0.431410 0.203022
0.499062 0.421089
0.388790 0.631998
0.602179 0.689046
0.300436 0.866025
0.665541 -0.579300
0.749483 -0.433909
0.641932 -0.203825
0.740484 0.002479
0.643628 0.209903
0.792740 0.358986
0.697799 0.523427
0.834266 -0.287060
0.915183 -0.146908
0.896200 0.179787
*ELEMENT
num-elem: 104
num-elem-node: 3
elem-conn:
12 11 19
19 20 12
20 10 12
21 23 15
63 5 62
24 33 6
54 47 39
6 33 40
40 33 39
39 47 40
13 10 20
13 14 7
7 10 13
13 2 21
20 2 13
21 15 13
13 15 14
38 22 30
21 2 30
30 22 21
28 20 19
28 2 20
72 67 66
4 74 68
59 67 68
50 65 66
66 67 50
31 23 21
21 22 31
31 24 23
33 24 31
62 5 64
53 54 39
39 46 53
62 64 53
53 64 54
32 22 38
32 46 39
39 33 32
33 31 32
32 31 22
37 27 36
27 35 36
36 35 42
18 17 16
18 28 19
27 28 18
19 11 18
11 17 18
2 28 29
29 27 37
29 28 27
4 68 73
67 72 73
73 68 67
59 68 69
69 74 70
69 68 74
56 55 65
65 50 56
9 55 56
57 67 59
57 50 67
59 51 57
60 51 59
60 52 51
59 69 60
45 32 38
46 32 45
34 41 42
42 35 34
35 25 34
26 16 8
8 25 26
26 25 35
26 18 16
26 35 27
27 18 26
9 56 48
58 57 51
61 63 62
61 71 63
61 60 69
70 71 61
61 69 70
41 48 49
49 48 56
42 41 49
37 36 44
52 60 1
60 61 1
1 61 62
62 53 1
1 53 46
46 45 1
43 36 42
43 44 36
42 49 43
3 49 56
3 43 49
3 56 50
44 43 3
50 57 3
57 58 3
*BOUNDARY
num-prescribed-disp: 0
node#-dof#-disp:
num-prescribed-load: 15
elem#-face#-trac:
12 2 -0.86025 0.5
17 2 -0.86025 0.5
4 2 -0.86025 0.5
30 2 -0.86025 0.5
6 3 -0.86025 0.5
5 1 0.86025 0.5
82 2 0.86025 0.5
84 1 0.86025 0.5
57 2 0.86025 0.5
24 1 0.86025 0.5
74 1 0 -1.0
72 3 0 -1.0
70 1 0 -1.0
86 1 0 -1.0
79 3 0 -1.0