*PARAMETER
num-dim: 2
*MATPROP
b-plane-strain: 0
young's-modulus: 1000000000000.0
poisson's-ratio: 0.3
*NODE
num-node: 165
nodal-coord:
0.000000 -0.010000
0.000000 0.010000
0.160000 0.010000
0.160000 -0.010000
0.000000 0.005000
0.000000 0.000000
0.000000 -0.005000
0.005000 -0.010000
0.010000 -0.010000
0.015000 -0.010000
0.020000 -0.010000
0.025000 -0.010000
0.030000 -0.010000
0.035000 -0.010000
0.040000 -0.010000
0.045000 -0.010000
0.050000 -0.010000
0.055000 -0.010000
0.060000 -0.010000
0.065000 -0.010000
0.070000 -0.010000
0.075000 -0.010000
0.080000 -0.010000
0.085000 -0.010000
0.090000 -0.010000
0.095000 -0.010000
0.100000 -0.010000
0.105000 -0.010000
0.110000 -0.010000
0.115000 -0.010000
0.120000 -0.010000
0.125000 -0.010000
0.130000 -0.010000
0.135000 -0.010000
0.140000 -0.010000
0.145000 -0.010000
0.150000 -0.010000
0.155000 -0.010000
0.160000 -0.005000
0.160000 -0.000000
0.160000 0.005000
0.155000 0.010000
0.150000 0.010000
0.145000 0.010000
0.140000 0.010000
0.135000 0.010000
0.130000 0.010000
0.125000 0.010000
0.120000 0.010000
0.115000 0.010000
0.110000 0.010000
0.105000 0.010000
0.100000 0.010000
0.095000 0.010000
0.090000 0.010000
0.085000 0.010000
0.080000 0.010000
0.075000 0.010000
0.070000 0.010000
0.065000 0.010000
0.060000 0.010000
0.055000 0.010000
0.050000 0.010000
0.045000 0.010000
0.040000 0.010000
0.035000 0.010000
0.030000 0.010000
0.025000 0.010000
0.020000 0.010000
0.015000 0.010000
0.010000 0.010000
0.005000 0.010000
0.005000 0.005000
0.010000 0.005000
0.015000 0.005000
0.020000 0.005000
0.025000 0.005000
0.030000 0.005000
0.035000 0.005000
0.040000 0.005000
0.045000 0.005000
0.050000 0.005000
0.055000 0.005000
0.060000 0.005000
0.065000 0.005000
0.070000 0.005000
0.075000 0.005000
0.080000 0.005000
0.085000 0.005000
0.090000 0.005000
0.095000 0.005000
0.100000 0.005000
0.105000 0.005000
0.110000 0.005000
0.115000 0.005000
0.120000 0.005000
0.125000 0.005000
0.130000 0.005000
0.135000 0.005000
0.140000 0.005000
0.145000 0.005000
0.150000 0.005000
0.155000 0.005000
0.005000 0.000000
0.010000 0.000000
0.015000 0.000000
0.020000 0.000000
0.025000 0.000000
0.030000 0.000000
0.035000 0.000000
0.040000 0.000000
0.045000 0.000000
0.050000 0.000000
0.055000 0.000000
0.060000 0.000000
0.065000 0.000000
0.070000 0.000000
0.075000 0.000000
0.080000 -0.000000
0.085000 -0.000000
0.090000 -0.000000
0.095000 -0.000000
0.100000 -0.000000
0.105000 -0.000000
0.110000 -0.000000
0.115000 -0.000000
0.120000 -0.000000
0.125000 -0.000000
0.130000 -0.000000
0.135000 -0.000000
0.140000 -0.000000
0.145000 -0.000000
0.150000 -0.000000
0.155000 -0.000000
0.005000 -0.005000
0.010000 -0.005000
0.015000 -0.005000
0.020000 -0.005000
0.025000 -0.005000
0.030000 -0.005000
0.035000 -0.005000
0.040000 -0.005000
0.045000 -0.005000
0.050000 -0.005000
0.055000 -0.005000
0.060000 -0.005000
0.065000 -0.005000
0.070000 -0.005000
0.075000 -0.005000
0.080000 -0.005000
0.085000 -0.005000
0.090000 -0.005000
0.095000 -0.005000
0.100000 -0.005000
0.105000 -0.005000
0.110000 -0.005000
0.115000 -0.005000
0.120000 -0.005000
0.125000 -0.005000
0.130000 -0.005000
0.135000 -0.005000
0.140000 -0.005000
0.145000 -0.005000
0.150000 -0.005000
0.155000 -0.005000
*ELEMENT
num-elem: 128
num-elem-node: 4
elem-conn:
2 5 73 72
72 73 74 71
71 74 75 70
70 75 76 69
69 76 77 68
68 77 78 67
67 78 79 66
66 79 80 65
65 80 81 64
64 81 82 63
63 82 83 62
62 83 84 61
61 84 85 60
60 85 86 59
59 86 87 58
58 87 88 57
57 88 89 56
56 89 90 55
55 90 91 54
54 91 92 53
53 92 93 52
52 93 94 51
51 94 95 50
50 95 96 49
49 96 97 48
48 97 98 47
47 98 99 46
46 99 100 45
45 100 101 44
44 101 102 43
43 102 103 42
42 103 41 3
5 6 104 73
73 104 105 74
74 105 106 75
75 106 107 76
76 107 108 77
77 108 109 78
78 109 110 79
79 110 111 80
80 111 112 81
81 112 113 82
82 113 114 83
83 114 115 84
84 115 116 85
85 116 117 86
86 117 118 87
87 118 119 88
88 119 120 89
89 120 121 90
90 121 122 91
91 122 123 92
92 123 124 93
93 124 125 94
94 125 126 95
95 126 127 96
96 127 128 97
97 128 129 98
98 129 130 99
99 130 131 100
100 131 132 101
101 132 133 102
102 133 134 103
103 134 40 41
6 7 135 104
104 135 136 105
105 136 137 106
106 137 138 107
107 138 139 108
108 139 140 109
109 140 141 110
110 141 142 111
111 142 143 112
112 143 144 113
113 144 145 114
114 145 146 115
115 146 147 116
116 147 148 117
117 148 149 118
118 149 150 119
119 150 151 120
120 151 152 121
121 152 153 122
122 153 154 123
123 154 155 124
124 155 156 125
125 156 157 126
126 157 158 127
127 158 159 128
128 159 160 129
129 160 161 130
130 161 162 131
131 162 163 132
132 163 164 133
133 164 165 134
134 165 39 40
7 1 8 135
135 8 9 136
136 9 10 137
137 10 11 138
138 11 12 139
139 12 13 140
140 13 14 141
141 14 15 142
142 15 16 143
143 16 17 144
144 17 18 145
145 18 19 146
146 19 20 147
147 20 21 148
148 21 22 149
149 22 23 150
150 23 24 151
151 24 25 152
152 25 26 153
153 26 27 154
154 27 28 155
155 28 29 156
156 29 30 157
157 30 31 158
158 31 32 159
159 32 33 160
160 33 34 161
161 34 35 162
162 35 36 163
163 36 37 164
164 37 38 165
165 38 4 39
*BOUNDARY
num-prescribed-disp: 10
node#-dof#-disp:
3 1 0.0
3 2 0.0
4 1 0.0
4 2 0.0
39 1 0.0
39 2 0.0
40 1 0.0
40 2 0.0
41 1 0.0
41 2 0.0
num-prescribed-load: 0
elem#-face#-trac:
