*PARAMETER
num-dim: 2
*MATPROP
b-plane-strain: 0
young's-modulus: 1000000000000.0
poisson's-ratio: 0.3
*NODE
num-node: 205
nodal-coord:
0.000000 -0.010000
0.000000 0.010000
0.200000 0.010000
0.200000 -0.010000
0.000000 0.005000
0.000000 0.000000
0.000000 -0.005000
0.005000 -0.010000
0.010000 -0.010000
0.015000 -0.010000
0.020000 -0.010000
0.025000 -0.010000
0.030000 -0.010000
0.035000 -0.010000
0.040000 -0.010000
0.045000 -0.010000
0.050000 -0.010000
0.055000 -0.010000
0.060000 -0.010000
0.065000 -0.010000
0.070000 -0.010000
0.075000 -0.010000
0.080000 -0.010000
0.085000 -0.010000
0.090000 -0.010000
0.095000 -0.010000
0.100000 -0.010000
0.105000 -0.010000
0.110000 -0.010000
0.115000 -0.010000
0.120000 -0.010000
0.125000 -0.010000
0.130000 -0.010000
0.135000 -0.010000
0.140000 -0.010000
0.145000 -0.010000
0.150000 -0.010000
0.155000 -0.010000
0.160000 -0.010000
0.165000 -0.010000
0.170000 -0.010000
0.175000 -0.010000
0.180000 -0.010000
0.185000 -0.010000
0.190000 -0.010000
0.195000 -0.010000
0.200000 -0.005000
0.200000 -0.000000
0.200000 0.005000
0.195000 0.010000
0.190000 0.010000
0.185000 0.010000
0.180000 0.010000
0.175000 0.010000
0.170000 0.010000
0.165000 0.010000
0.160000 0.010000
0.155000 0.010000
0.150000 0.010000
0.145000 0.010000
0.140000 0.010000
0.135000 0.010000
0.130000 0.010000
0.125000 0.010000
0.120000 0.010000
0.115000 0.010000
0.110000 0.010000
0.105000 0.010000
0.100000 0.010000
0.095000 0.010000
0.090000 0.010000
0.085000 0.010000
0.080000 0.010000
0.075000 0.010000
0.070000 0.010000
0.065000 0.010000
0.060000 0.010000
0.055000 0.010000
0.050000 0.010000
0.045000 0.010000
0.040000 0.010000
0.035000 0.010000
0.030000 0.010000
0.025000 0.010000
0.020000 0.010000
0.015000 0.010000
0.010000 0.010000
0.005000 0.010000
0.005000 0.005000
0.010000 0.005000
0.015000 0.005000
0.020000 0.005000
0.025000 0.005000
0.030000 0.005000
0.035000 0.005000
0.040000 0.005000
0.045000 0.005000
0.050000 0.005000
0.055000 0.005000
0.060000 0.005000
0.065000 0.005000
0.070000 0.005000
0.075000 0.005000
0.080000 0.005000
0.085000 0.005000
0.090000 0.005000
0.095000 0.005000
0.100000 0.005000
0.105000 0.005000
0.110000 0.005000
0.115000 0.005000
0.120000 0.005000
0.125000 0.005000
0.130000 0.005000
0.135000 0.005000
0.140000 0.005000
0.145000 0.005000
0.150000 0.005000
0.155000 0.005000
0.160000 0.005000
0.165000 0.005000
0.170000 0.005000
0.175000 0.005000
0.180000 0.005000
0.185000 0.005000
0.190000 0.005000
0.195000 0.005000
0.005000 0.000000
0.010000 0.000000
0.015000 0.000000
0.020000 0.000000
0.025000 0.000000
0.030000 0.000000
0.035000 0.000000
0.040000 0.000000
0.045000 0.000000
0.050000 0.000000
0.055000 0.000000
0.060000 0.000000
0.065000 0.000000
0.070000 0.000000
0.075000 0.000000
0.080000 0.000000
0.085000 0.000000
0.090000 0.000000
0.095000 0.000000
0.100000 -0.000000
0.105000 -0.000000
0.110000 -0.000000
0.115000 -0.000000
0.120000 -0.000000
0.125000 -0.000000
0.130000 -0.000000
0.135000 -0.000000
0.140000 -0.000000
0.145000 -0.000000
0.150000 -0.000000
0.155000 -0.000000
0.160000 -0.000000
0.165000 -0.000000
0.170000 -0.000000
0.175000 -0.000000
0.180000 -0.000000
0.185000 -0.000000
0.190000 -0.000000
0.195000 -0.000000
0.005000 -0.005000
0.010000 -0.005000
0.015000 -0.005000
0.020000 -0.005000
0.025000 -0.005000
0.030000 -0.005000
0.035000 -0.005000
0.040000 -0.005000
0.045000 -0.005000
0.050000 -0.005000
0.055000 -0.005000
0.060000 -0.005000
0.065000 -0.005000
0.070000 -0.005000
0.075000 -0.005000
0.080000 -0.005000
0.085000 -0.005000
0.090000 -0.005000
0.095000 -0.005000
0.100000 -0.005000
0.105000 -0.005000
0.110000 -0.005000
0.115000 -0.005000
0.120000 -0.005000
0.125000 -0.005000
0.130000 -0.005000
0.135000 -0.005000
0.140000 -0.005000
0.145000 -0.005000
0.150000 -0.005000
0.155000 -0.005000
0.160000 -0.005000
0.165000 -0.005000
0.170000 -0.005000
0.175000 -0.005000
0.180000 -0.005000
0.185000 -0.005000
0.190000 -0.005000
0.195000 -0.005000
*ELEMENT
num-elem: 160
num-elem-node: 4
elem-conn:
2 5 89 88
88 89 90 87
87 90 91 86
86 91 92 85
85 92 93 84
84 93 94 83
83 94 95 82
82 95 96 81
81 96 97 80
80 97 98 79
79 98 99 78
78 99 100 77
77 100 101 76
76 101 102 75
75 102 103 74
74 103 104 73
73 104 105 72
72 105 106 71
71 106 107 70
70 107 108 69
69 108 109 68
68 109 110 67
67 110 111 66
66 111 112 65
65 112 113 64
64 113 114 63
63 114 115 62
62 115 116 61
61 116 117 60
60 117 118 59
59 118 119 58
58 119 120 57
57 120 121 56
56 121 122 55
55 122 123 54
54 123 124 53
53 124 125 52
52 125 126 51
51 126 127 50
50 127 49 3
5 6 128 89
89 128 129 90
90 129 130 91
91 130 131 92
92 131 132 93
93 132 133 94
94 133 134 95
95 134 135 96
96 135 136 97
97 136 137 98
98 137 138 99
99 138 139 100
100 139 140 101
101 140 141 102
102 141 142 103
103 142 143 104
104 143 144 105
105 144 145 106
106 145 146 107
107 146 147 108
108 147 148 109
109 148 149 110
110 149 150 111
111 150 151 112
112 151 152 113
113 152 153 114
114 153 154 115
115 154 155 116
116 155 156 117
117 156 157 118
118 157 158 119
119 158 159 120
120 159 160 121
121 160 161 122
122 161 162 123
123 162 163 124
124 163 164 125
125 164 165 126
126 165 166 127
127 166 48 49
6 7 167 128
128 167 168 129
129 168 169 130
130 169 170 131
131 170 171 132
132 171 172 133
133 172 173 134
134 173 174 135
135 174 175 136
136 175 176 137
137 176 177 138
138 177 178 139
139 178 179 140
140 179 180 141
141 180 181 142
142 181 182 143
143 182 183 144
144 183 184 145
145 184 185 146
146 185 186 147
147 186 187 148
148 187 188 149
149 188 189 150
150 189 190 151
151 190 191 152
152 191 192 153
153 192 193 154
154 193 194 155
155 194 195 156
156 195 196 157
157 196 197 158
158 197 198 159
159 198 199 160
160 199 200 161
161 200 201 162
162 201 202 163
163 202 203 164
164 203 204 165
165 204 205 166
166 205 47 48
7 1 8 167
167 8 9 168
168 9 10 169
169 10 11 170
170 11 12 171
171 12 13 172
172 13 14 173
173 14 15 174
174 15 16 175
175 16 17 176
176 17 18 177
177 18 19 178
178 19 20 179
179 20 21 180
180 21 22 181
181 22 23 182
182 23 24 183
183 24 25 184
184 25 26 185
185 26 27 186
186 27 28 187
187 28 29 188
188 29 30 189
189 30 31 190
190 31 32 191
191 32 33 192
192 33 34 193
193 34 35 194
194 35 36 195
195 36 37 196
196 37 38 197
197 38 39 198
198 39 40 199
199 40 41 200
200 41 42 201
201 42 43 202
202 43 44 203
203 44 45 204
204 45 46 205
205 46 4 47
*BOUNDARY
num-prescribed-disp: 10
node#-dof#-disp:
3 1 0.0
3 2 0.0
4 1 0.0
4 2 0.0
47 1 0.0
47 2 0.0
48 1 0.0
48 2 0.0
49 1 0.0
49 2 0.0
num-prescribed-load: 0
elem#-face#-trac:
