*PARAMETER
num-dim: 2
*MATPROP
b-plane-strain: 1
young's-modulus: 200.0
poisson's-ratio: 0.3
*NODE
num-node: 2106
nodal-coord:
0.000000 0.000000
12.000000 0.000000
0.000000 -3.000000
0.000000 3.000000
6.000000 -3.000000
6.000000 3.000000
12.000000 -2.000000
12.000000 2.000000
-0.000000 2.373472
-0.000000 -2.034956
-0.000000 -1.543478
-0.000000 -0.521453
-0.000000 -1.032370
0.584200 3.000000
0.460615 -0.228072
0.325009 2.626100
0.743528 2.559741
0.000000 -2.544999
0.455177 -0.764099
-0.000000 0.633431
-0.000000 1.832102
0.410195 -2.245686
0.452505 -1.792637
0.432250 -1.290841
0.825242 -1.635203
-0.000000 1.248128
0.435525 -3.000000
0.455573 2.102817
0.576444 -2.605439
1.027895 -2.601066
0.903354 -0.289180
0.396352 0.356437
0.926786 2.167300
0.374320 0.964552
0.393005 1.551190
0.844676 -2.151418
0.827420 0.176396
0.740188 0.709408
1.127590 2.599621
0.882080 -3.000000
0.833418 -1.161741
1.204934 -1.403362
0.803272 1.739216
1.581506 1.597835
1.166047 -1.855734
0.749822 1.244060
1.242678 1.849155
1.351791 2.242917
1.291523 -3.000000
1.521941 -2.009992
1.249029 -0.973274
1.110905 0.985764
1.157917 1.441230
1.079820 3.000000
1.274496 -2.287328
0.876845 -0.720593
1.491717 0.357886
1.127543 0.499102
1.476575 0.796533
1.616902 -0.784974
1.287434 -0.011783
1.470654 -2.631588
1.505778 1.211395
1.482955 2.644645
1.595735 -1.202437
1.779808 0.119474
1.898197 1.382454
1.546488 3.000000
1.679645 -3.000000
1.283677 -0.517702
1.610387 -0.313529
1.833163 -1.867268
2.047729 -3.000000
1.530090 -1.613357
1.955160 -1.053389
1.651948 1.960722
1.843711 2.701912
1.933672 -0.641009
1.963078 -0.256889
1.820749 0.588169
2.015294 2.063089
1.736073 2.331806
1.985464 1.734960
1.981905 3.000000
1.844512 -2.674303
1.878315 -1.463253
1.842220 1.001997
1.727627 -2.298644
2.186712 0.031129
2.119216 0.405618
2.312050 2.178913
2.081680 2.426548
2.148173 -1.732853
2.210608 -2.741444
2.068988 -2.414327
2.082682 -2.089415
2.153319 0.810623
2.197498 1.186780
2.268489 1.540842
2.220950 2.730462
2.366465 1.875297
2.276507 -0.402249
2.426537 -1.935237
2.608955 1.652196
2.413201 -3.000000
2.388268 -2.235321
2.261896 -0.762526
2.505048 -0.151094
2.374255 3.000000
2.391931 -2.516128
2.202200 -1.381877
2.312930 -1.072417
2.444544 0.628170
2.576170 -0.560866
2.532431 1.331663
2.580566 -2.757965
2.460674 -1.626938
2.467352 0.263776
2.753345 0.807453
2.604238 2.183428
2.744476 -1.863277
2.479896 0.990145
2.727913 1.938218
2.436024 2.473413
2.674672 -2.469899
2.676855 -2.161579
2.790426 1.136830
2.848962 1.445435
2.906057 -2.401850
2.576983 2.743799
2.750455 -3.000000
2.607323 -0.900596
2.796711 -0.298284
2.750652 0.467333
3.147715 1.534145
2.935981 1.730996
3.085184 -2.590985
2.795451 -1.177947
2.758994 0.093640
3.029502 0.639598
3.045307 2.002744
2.891869 2.744995
2.723322 3.000000
2.984901 -1.667877
2.724302 -1.545374
2.540567 -1.287585
2.886281 -0.638514
3.104691 -0.367832
2.921451 -0.928774
3.042039 0.956371
3.086041 1.253354
2.750278 2.476257
3.044914 2.501508
2.879344 -2.732548
3.191249 -2.806684
2.947242 -2.132739
3.060467 -1.912986
3.177182 -0.869757
3.421269 1.607684
3.230077 1.800589
2.901874 2.227686
3.183659 2.272350
3.317763 2.528085
3.178759 2.757528
3.031522 3.000000
3.039572 -3.000000
3.335594 -3.000000
3.167087 -2.350201
3.247572 -1.695469
2.950457 -1.386078
3.044113 -0.054466
3.026606 0.302824
3.319932 1.074409
3.441257 2.767265
3.290119 0.790188
3.325762 2.059504
3.232539 -2.132050
3.135864 -1.165523
3.478211 -0.756455
3.310516 3.000000
3.204464 -1.435390
3.678459 2.800312
3.466519 -2.795887
3.335917 -2.586304
3.576218 2.092369
3.442920 2.312028
3.408981 -2.365082
3.479515 -2.138684
3.509186 -1.716680
3.199153 -0.632072
3.492633 1.858187
3.571189 2.552804
3.344451 -1.918343
3.626553 -2.340256
3.440013 -1.501012
3.433125 -1.258302
3.376627 -1.019060
3.360957 1.349358
3.592568 -3.000000
3.703947 -2.783678
3.570697 -2.580719
3.592183 -1.925025
3.723115 -1.683724
3.609096 -1.015030
3.288611 0.474194
3.666811 1.680942
3.738240 1.912510
3.563085 3.000000
3.652019 -1.465636
3.420214 -0.462402
3.295857 0.145265
3.571703 1.178799
3.617495 1.430844
3.806149 2.656387
3.672392 2.309428
3.680471 -0.553622
3.354642 -0.168245
3.521246 0.633073
3.839979 1.517287
3.897340 1.743720
3.916964 2.347668
3.803959 3.000000
3.762282 -2.518818
3.838199 -1.024888
3.635658 -0.267127
3.603500 0.033651
3.534228 0.306256
3.553001 0.907810
3.708312 -2.123694
3.754166 -0.793063
3.812544 1.261557
4.013744 3.000000
3.868397 -1.474659
3.689004 -1.251486
3.716599 0.463615
4.014641 2.189770
3.901760 -2.090080
3.797088 -1.889764
3.931228 -1.684826
3.910377 -1.239078
3.887698 -0.379687
3.861864 -0.093383
3.847610 0.216402
3.934255 0.504617
3.778662 1.020692
3.787764 2.478690
3.815919 -3.000000
3.839092 -2.312326
4.010338 -0.834563
4.002651 1.364109
3.964453 1.958116
4.006005 2.564948
3.935645 2.796285
3.979393 -2.473504
3.990996 -1.903016
3.965221 0.884294
3.814448 2.131271
4.043169 -3.000000
4.021083 -2.254298
3.953328 -0.614255
4.074069 0.064327
4.166316 1.257022
3.932679 -2.841886
4.055041 -1.383968
4.058135 -1.038444
3.774658 0.739671
4.115581 2.389211
4.245167 -3.000000
4.061090 -2.675113
3.872011 -2.659890
4.093835 -0.242522
4.053189 0.678628
4.143718 2.087535
4.151447 2.693474
4.123797 2.851389
4.171992 -2.543897
4.105470 -2.083258
4.188667 -1.914663
4.018644 1.106827
4.110413 1.765093
4.434944 -3.000000
4.145812 -2.841435
4.362430 -2.568409
4.308400 -2.419600
4.387579 -2.298082
4.146950 -2.366447
4.118640 -1.749265
4.111647 -1.558076
4.151144 -1.192190
4.248265 -0.952076
4.159432 -0.480568
4.102489 0.363383
4.235248 0.611700
4.061663 1.578799
4.231056 2.242856
4.231146 2.542412
4.312071 2.839261
4.410509 3.000000
4.226407 3.000000
4.251256 -1.369058
4.454600 -1.008847
4.386000 -0.574864
4.274956 0.184607
4.349075 0.426032
4.182385 0.894852
4.433403 0.971522
4.218897 1.458038
4.173249 1.930576
4.237815 -2.216626
4.352250 -1.863329
4.282413 -1.706619
4.336882 -1.163862
4.282432 -0.121392
4.354974 0.797645
4.266076 1.083026
4.288286 1.646765
4.330809 2.067684
4.325456 2.398339
4.358085 2.690452
4.342172 -2.859854
4.429049 -1.360174
4.200447 -0.719977
4.477261 0.631737
4.358503 1.287043
4.261535 -2.703716
4.429482 -2.150795
4.301419 -2.050000
4.518246 -1.837165
4.455540 -1.688588
4.317534 -1.536905
4.601469 -0.875615
4.511004 0.252003
4.581779 0.823521
4.411974 1.471270
4.314681 1.845796
4.412825 2.242992
4.429743 2.547851
4.539190 2.697339
4.602992 -3.000000
4.517290 -2.601848
4.489683 -2.439817
4.472425 -1.993719
4.504689 -1.531112
4.410452 -0.797355
4.585443 -0.448939
4.367075 -0.343436
4.671227 0.053674
4.500905 1.615838
4.459491 1.757942
4.488896 2.845041
4.526671 -2.858298
4.441139 -2.730052
4.679643 -1.540991
4.526697 -1.209941
4.641557 -1.078958
4.590325 -0.662029
4.451540 0.011274
4.490050 1.142633
4.514579 2.117618
4.544887 -2.278031
4.610854 -1.386211
4.563985 -0.202188
4.805252 -0.126645
4.591812 0.466151
4.645192 1.004041
4.551643 1.311353
4.606727 1.456680
4.452754 1.955797
4.579382 3.000000
4.681324 -2.863952
4.642845 -2.383341
4.696265 -2.237080
4.590013 -2.124605
4.669023 -1.831027
4.625107 -1.685171
4.732517 0.294462
4.689349 1.172118
4.743666 1.331201
4.662909 1.734357
4.580739 1.859630
4.504119 2.400615
4.598835 2.548911
4.756107 -3.000000
4.772764 -2.753448
4.618202 -2.718761
4.631361 -2.535515
4.631585 -1.978179
4.772784 -0.970351
4.789949 -0.567671
4.760522 -0.334933
4.880917 0.130498
4.698640 0.666768
4.673069 1.591860
4.628788 2.008848
4.655093 2.839775
4.729789 3.000000
4.756348 -2.463102
4.780508 -1.964124
4.787188 -1.678669
4.713216 -1.255953
4.762648 -0.767157
4.869088 1.206049
4.688502 2.150252
4.589762 2.267857
4.698180 2.683816
4.801018 2.890717
4.830373 -2.882830
4.733961 -2.622330
4.795289 -2.330637
4.796974 -1.814245
4.896768 -1.314575
4.811484 0.504319
4.794947 1.476520
4.738196 1.887490
4.753157 2.285827
4.669359 2.410644
4.823442 2.414012
4.755576 2.541465
4.815628 2.773268
4.889249 3.000000
4.903000 -3.000000
4.974440 -2.890292
4.851220 -2.543991
4.897331 -2.424900
4.744453 -2.097399
4.904695 -1.905877
4.843502 -1.543584
4.790251 -1.409763
4.826997 -1.149557
4.918110 -0.875426
4.994483 -0.252698
5.020505 -0.029328
4.949910 0.340612
4.820011 1.635345
4.832986 1.777249
4.901517 2.292656
4.944051 2.879727
4.915095 -2.781530
4.878662 -2.658911
5.076925 -2.610521
4.842734 -2.194775
5.003627 -1.975106
4.952667 -1.628564
4.971746 -1.467970
4.948033 -0.704559
5.043921 -0.570235
4.932938 -0.438285
4.785180 0.862579
4.786522 2.031438
4.843846 2.167886
4.964046 2.410529
4.853693 2.644325
5.038788 -3.000000
5.102622 -2.897224
5.051700 -2.787469
4.975526 -2.545238
4.931357 -2.301605
4.974042 -2.181137
4.929145 -1.760320
5.055738 -1.343857
4.950139 -1.039175
5.007270 0.541327
4.892760 0.711668
4.837546 1.039072
4.920619 1.366202
4.944293 1.526441
4.887719 1.918695
4.929016 2.055750
5.037038 2.295803
4.909039 2.527383
4.951929 2.743417
5.164683 -3.000000
5.014620 -2.417850
5.051932 -2.303523
5.173676 -2.297471
4.894181 -2.061088
5.037742 -1.849595
4.997854 -1.195480
5.306409 -0.292795
4.959160 1.681020
4.986211 1.815439
4.988944 2.181667
5.084816 2.412720
5.029370 3.000000
5.174516 -2.809326
4.999371 -2.681934
5.097678 -2.498347
5.039132 -2.079111
5.162799 -1.834274
5.083532 -1.591756
5.129365 -1.471425
5.072986 -0.885238
5.149980 -0.401430
5.028602 1.247987
5.098580 1.720646
5.060126 2.075519
5.045265 2.524302
5.001379 2.631921
5.049098 2.818370
5.125261 -1.956972
5.068930 -1.724467
5.148386 -1.213215
5.138396 -0.743927
5.186281 -0.163286
5.102489 0.183577
5.149293 0.391141
5.064026 1.428196
5.073133 1.591618
5.023759 1.951296
5.170013 2.085691
5.126328 2.196143
5.156293 2.310382
5.165100 2.517776
5.097777 2.714774
5.175925 2.800083
5.169428 3.000000
5.178807 -2.580183
5.219203 -2.483031
5.096678 -2.198736
5.149071 -2.089280
5.223655 -2.003882
5.190743 -1.709324
5.274268 -1.474664
5.104267 -1.055647
5.221688 -0.931403
5.199535 0.576929
5.066935 0.723204
4.972666 0.905739
5.145724 1.019271
5.009083 1.087609
5.148819 1.314724
5.222612 1.652236
5.118500 1.856082
5.193695 2.417308
5.140147 2.620156
5.235488 2.699575
5.108041 2.906410
5.284989 -3.000000
5.292738 -2.837119
5.137783 -2.703388
5.239971 -2.653232
5.291422 -2.562569
5.138650 -2.396649
5.253649 -2.389494
5.211491 -2.194287
5.258451 -1.903160
5.287797 -1.798631
5.206342 -1.351475
5.179995 1.168122
5.173357 1.529271
5.154360 1.968223
5.245410 2.250113
5.270533 2.359853
5.277011 2.483875
5.257451 2.589803
5.284954 2.809769
5.224514 -2.909724
5.358258 -2.763933
5.256455 -2.742992
5.341158 -2.663402
5.353489 -2.372931
5.382116 -2.276194
5.280994 -2.289561
5.267344 -2.099466
5.220000 -1.589435
5.251466 -1.093437
5.420387 -0.120760
5.259265 0.034166
5.341395 0.447989
5.252154 0.741242
5.138768 0.872932
5.306026 1.535162
5.210741 1.781170
5.258642 1.891723
5.251614 2.145327
5.345140 2.641091
5.233736 2.903358
5.349334 2.911332
5.292605 3.000000
5.345130 -2.918582
5.406369 -2.843183
5.383096 -2.579762
5.332521 -2.472526
5.320484 -2.192699
5.365121 -2.087825
5.332751 -1.991027
5.398082 -1.774532
5.357410 -1.575520
5.418610 -1.474767
5.350858 -1.367906
5.295358 -0.796038
5.300328 0.252411
5.409608 0.799027
5.231912 1.420434
5.356332 1.968321
5.262792 2.016645
5.345927 2.087391
5.352758 2.420426
5.407404 3.000000
5.398101 -3.000000
5.454151 -2.920699
5.469153 -2.778908
5.423816 -2.510532
5.379910 -1.888101
5.315601 -1.683813
5.296027 -1.238423
5.228685 -0.598183
5.347279 -0.479565
5.387601 0.626737
5.299402 0.911473
5.305171 1.055238
5.374852 1.857360
5.345788 2.199490
5.348427 2.304252
5.362859 2.536461
5.348044 2.733475
5.387738 2.826995
5.425255 -2.707558
5.453746 -2.635584
5.474041 -2.245503
5.416099 -2.176093
5.508975 -2.148000
5.432141 -1.988515
5.439394 -1.667563
5.491585 -1.565773
5.435423 -1.264181
5.392006 -0.674115
5.452710 0.111045
5.488040 0.316504
5.519360 0.506167
5.289998 1.292257
5.314496 1.761944
5.433222 2.147854
5.436264 2.452951
5.500605 -3.000000
5.594736 -3.000000
5.552933 -2.925397
5.512237 -2.850064
5.563614 -2.775580
5.520577 -2.704210
5.552268 -2.632320
5.492580 -2.567315
5.514532 -2.486604
5.431488 -2.429037
5.520847 -2.405404
5.450681 -2.341401
5.533004 -2.311365
5.557758 -2.217673
5.587301 -2.119263
5.456971 -2.079088
5.482032 -1.846817
5.558520 -1.653553
5.493702 -1.382351
5.392379 -1.125729
5.479167 -0.338771
5.449737 0.975593
5.345377 1.181164
5.354300 1.647002
5.456920 1.939177
5.457232 2.534402
5.440943 2.706986
5.463466 2.797955
5.602193 -2.853535
5.609752 -2.700663
5.632724 -2.622333
5.577689 -2.552834
5.594635 -2.467112
5.591147 -2.372583
5.610657 -2.285212
5.534620 -2.038381
5.628790 -2.035751
5.498734 -1.932050
5.511570 -1.755262
5.362466 -0.974566
5.447836 -0.853275
5.505540 -0.551402
5.622015 -0.431676
5.462861 1.117723
5.368518 1.407279
5.426709 1.742357
5.438825 2.043581
5.521745 2.109742
5.433760 2.252111
5.430818 2.354798
5.514104 2.398562
5.533743 2.574004
5.439916 2.616701
5.460870 2.905473
5.508079 3.000000
5.643530 -2.784586
5.648355 -2.533500
5.686355 -2.473531
5.649090 -2.417260
5.579758 -1.955350
5.606412 -1.745691
5.622264 -1.571904
5.524245 -1.154432
5.501924 -1.014427
5.637948 -1.055928
5.547189 -0.738647
5.655040 -0.629265
5.551224 0.685921
5.439516 1.285106
5.425198 1.533231
5.478657 1.634333
5.483462 1.832142
5.610781 1.981108
5.532835 2.016556
5.513026 2.205368
5.510847 2.305753
5.587387 2.355475
5.602477 2.432490
5.530029 2.481666
5.608596 2.611348
5.527005 2.657763
5.533931 2.743433
5.538701 2.838338
5.559575 2.923683
5.679447 -3.000000
5.642089 -2.926235
5.686195 -2.856416
5.667142 -2.341173
5.634857 -2.200190
5.668924 -2.126446
5.654021 -1.930370
5.586821 -1.850893
5.568788 -1.281509
5.651793 -1.179607
5.595900 -0.906186
5.693571 -0.809070
5.792247 -0.703298
5.765199 -0.512994
5.609824 -0.214291
5.612944 -0.016711
5.543078 0.845697
5.601650 0.981847
5.595867 1.103623
5.488345 1.428472
5.536576 1.730056
5.550047 1.910802
5.582028 2.261592
5.646733 2.315190
5.602161 2.520116
5.667867 2.542972
5.608005 2.695555
5.611878 2.780058
5.722536 -2.925529
5.681009 -2.722417
5.705061 -2.658436
5.757881 -2.603892
5.695202 -2.584417
5.734138 -2.524915
5.688443 -2.267249
5.716390 -2.200692
5.704900 -1.984578
5.762076 -1.919895
5.696388 -1.865376
5.561239 -1.478112
5.686646 -1.478193
5.753527 -1.379395
5.630833 -1.380792
5.733004 -0.977627
5.643086 0.189040
5.663004 0.380955
5.678342 0.839028
5.556021 1.223840
5.549879 1.532102
5.594697 1.635376
5.589710 1.816897
5.647709 1.893308
5.668430 2.035098
5.610725 2.087424
5.595809 2.172646
5.677240 2.162844
5.660040 2.237742
5.715638 2.304242
5.670998 2.462304
5.683034 2.609620
5.680831 2.675145
5.684243 2.744033
5.622347 2.860134
5.654714 2.936324
5.606439 3.000000
5.755025 -3.000000
5.721960 -2.791443
5.752046 -2.722312
5.782586 -2.661015
5.792675 -2.554794
5.757007 -2.452143
5.718821 -2.396741
5.768379 -2.254164
5.751109 -2.144347
5.779100 -2.084910
5.709275 -2.063862
5.677260 -1.789471
5.674863 -1.668805
5.732740 -1.574642
5.705009 -1.276472
5.765675 -1.135863
5.681352 0.555840
5.728757 1.071331
5.697525 1.196063
5.558090 1.349267
5.628650 1.443587
5.704925 1.651898
5.644140 1.730075
5.693886 1.813470
5.704876 1.959055
5.749737 2.032713
5.709152 2.102329
5.734936 2.229534
5.787224 2.284640
5.678115 2.383932
5.729022 2.502589
5.749580 2.643702
5.752992 2.712909
5.693241 2.813210
5.702761 2.881015
5.701337 3.000000
5.793512 -2.935430
5.765308 -2.857541
5.831948 -2.605506
5.804548 -2.494802
5.784811 -2.378842
5.741115 -2.322964
5.804321 -2.192898
5.780065 -2.006594
5.781030 -1.827030
5.743259 -1.740729
5.783659 -1.657139
5.840356 -1.573528
5.799119 -1.481632
5.860211 -1.382785
5.814380 -1.262205
5.759294 -0.319189
5.810968 0.081493
5.817956 0.278931
5.705493 0.710549
5.752677 0.944519
5.662769 1.306870
5.731671 1.389345
5.666462 1.551046
5.775370 1.583931
5.749355 1.741343
5.794788 1.822758
5.746160 1.886933
5.793535 2.100830
5.764566 2.163210
5.860011 2.270186
5.758245 2.356221
5.743556 2.425364
5.786513 2.483858
5.801272 2.539291
5.742724 2.570928
5.812258 2.674263
5.760213 2.781407
5.769561 2.853825
5.748888 2.933315
5.784480 3.000000
5.830374 -2.887310
5.837233 -2.829845
5.789886 -2.784318
5.820092 -2.718510
5.853740 -2.542407
5.823663 -2.430591
5.811494 -2.309225
5.836538 -2.133016
5.901055 -2.101070
5.841472 -2.056967
5.890011 -2.020271
5.840058 -1.966210
5.842927 -1.892476
5.874001 -1.816874
5.832725 -1.743810
5.880817 -1.664012
5.924322 -1.292281
5.849950 -1.041098
5.820601 -0.880597
5.793281 -0.116957
5.839115 0.633801
5.837895 0.800435
5.856304 1.063741
5.824671 1.178780
5.790152 1.290408
5.750854 1.483764
5.848207 1.758067
5.836592 1.903878
5.791061 1.961260
5.823958 2.031232
5.849051 2.149659
5.811011 2.216428
5.835189 2.328626
5.815809 2.385682
5.816874 2.440103
5.804423 2.605174
5.821797 2.739937
5.833106 2.867690
5.823073 2.932543
5.858866 3.000000
5.827473 -3.000000
5.871062 -2.941551
5.898698 -2.820891
5.856112 -2.768358
5.885738 -2.707257
5.848593 -2.659699
5.894659 -2.586743
5.908870 -2.523709
5.866284 -2.479337
5.921766 -2.462283
5.884239 -2.415742
5.848504 -2.365014
5.876922 -2.302791
5.844047 -2.243955
5.906772 -2.243918
5.884488 -2.179302
5.918164 -1.952008
5.922097 -1.885375
5.923987 -1.746480
5.905920 -1.487637
5.894296 -1.168747
5.982817 -1.080885
5.895119 -0.595372
5.827597 0.462769
5.978065 0.540236
5.972818 0.701764
5.881302 0.939802
5.901456 1.290701
5.844614 1.398346
5.850123 1.509773
5.876042 1.607413
5.811311 1.674693
5.909029 1.697411
5.882784 1.839017
5.873741 1.986310
5.869160 2.077466
5.877380 2.212538
5.884540 2.369031
5.855968 2.495251
5.906988 2.528208
5.856697 2.562818
5.859476 2.630867
5.888584 2.763418
5.828881 2.802518
5.893717 -2.881257
5.952033 -2.808436
5.912033 -2.759403
5.943458 -2.700287
5.904368 -2.646357
5.948432 -2.601190
5.939870 -2.402785
5.909216 -2.352756
5.940090 -2.289966
5.948821 -2.209083
5.949370 -2.149877
5.967609 -2.088157
5.947440 -2.032953
5.982858 -1.979659
5.995374 -1.907519
5.962360 -1.825542
6.006183 -1.758026
5.972022 -1.671492
5.938650 -0.951157
5.909490 -0.415167
5.927631 -0.232231
5.981278 0.177910
5.979069 0.365430
6.125112 0.467401
5.984382 0.837644
5.942415 1.190508
5.962433 1.366507
5.934558 1.456688
5.950526 1.548935
5.969513 1.638374
5.911822 1.919647
5.946089 1.985939
5.928683 2.045742
5.920407 2.118222
5.921125 2.177722
5.930745 2.250381
5.905961 2.310058
5.873988 2.429225
5.915157 2.469618
5.906253 2.590112
5.910014 2.652199
5.872284 2.699405
5.950802 2.756872
5.890264 2.827329
5.890493 2.891599
5.891418 2.950350
5.894208 -3.000000
5.949725 -3.000000
5.939472 -2.933213
6.000000 -2.892946
5.949330 -2.868171
6.000000 -2.781318
5.959925 -2.750851
6.000000 -2.676396
5.956837 -2.651322
6.000496 -2.575609
5.952597 -2.551618
5.962332 -2.497242
5.975454 -2.442236
5.993872 -2.387590
5.963499 -2.345578
5.992294 -2.294939
5.994250 -2.243609
6.006822 -2.186362
6.013293 -2.122251
6.019573 -2.045900
6.008189 -1.511601
5.936928 -1.583410
6.061333 -1.440931
5.966836 -1.405340
6.030931 -1.321554
5.911851 -0.782870
6.099483 -0.189221
6.114147 0.632696
6.114918 0.778324
6.003963 0.969106
5.968079 1.079608
6.038771 1.559216
5.999605 1.724439
5.937096 1.779813
5.960040 1.865079
5.981137 2.083582
5.973475 2.205299
5.968446 2.298330
5.946701 2.353840
6.003869 2.344728
5.930937 2.410086
5.970688 2.449151
5.960371 2.502910
6.011372 2.483737
5.954654 2.557462
6.000202 2.584449
5.954152 2.613098
5.958832 2.668810
5.930360 2.711922
6.000000 2.734145
5.945287 2.808525
6.000000 2.837191
5.946288 2.866477
5.948097 2.930041
5.935657 3.000000
6.000000 -2.946194
6.000000 -2.836691
6.000000 -2.724336
6.000000 -2.623838
6.004523 -2.526469
6.012969 -2.475925
6.026082 -2.425018
6.044142 -2.374120
6.019670 -2.334579
6.043132 -2.277426
6.057709 -2.226216
6.056780 -2.163898
6.064254 -2.096053
6.080997 -2.031889
6.043870 -1.973980
6.053293 -1.689855
6.029645 -1.597455
6.156295 -1.460365
6.010613 -1.212026
6.076223 -0.992129
6.078849 -0.352745
5.992224 -0.028130
6.049586 1.641797
6.009993 1.811860
5.989748 1.939296
6.004660 2.017419
6.035898 2.127581
5.981971 2.147139
6.032078 2.190551
5.999666 2.249273
6.028091 2.297413
5.986382 2.395962
6.039161 2.386788
6.023225 2.434679
6.003664 2.533793
6.000000 2.635505
6.000000 2.688167
6.000000 2.785655
6.000000 2.891394
6.000000 2.947000
6.067954 -2.322643
6.095085 -2.275869
6.104311 -2.193988
6.104818 -2.140696
6.139634 -2.018599
6.106754 -1.964884
6.068727 -1.904995
6.036806 -1.837414
6.084124 -1.767907
6.116385 -1.362819
6.092015 -1.138157
6.024179 -0.859864
6.007320 -0.683691
6.041462 -0.518180
6.062756 1.162333
6.030493 1.273003
6.056910 1.383166
6.029928 1.469553
6.141328 1.655778
6.081026 1.707734
6.071778 1.778506
6.084756 1.847084
6.033781 1.889854
6.099316 1.919847
6.052120 1.966366
6.077036 2.023810
6.041757 2.070422
6.095831 2.090977
6.082987 2.147509
6.083214 2.207008
6.053879 2.248867
6.081731 2.297680
6.058543 2.341496
6.122615 -2.236540
6.158358 -2.193857
6.121551 -2.082739
6.110861 -1.838245
6.135737 -1.697881
6.105813 -1.622610
6.114094 -1.536634
6.131034 -1.255023
6.153868 -0.614661
6.142123 0.294277
6.099378 1.050805
6.150117 1.220093
6.134491 1.318917
6.142360 1.422767
6.119962 1.499180
6.124412 1.586153
6.194678 1.703471
6.145071 1.747275
6.124516 1.972074
6.148190 2.081093
6.122653 2.173586
6.107561 2.257211
6.151283 -2.135784
6.193287 -2.105645
6.172194 -2.064078
6.202074 -2.013987
6.170611 -1.960698
6.139397 -1.901965
6.181532 -1.838161
6.159393 -1.770564
6.203357 -1.357110
6.171845 -1.058833
6.114142 -0.764005
6.118197 0.912468
6.198184 1.550180
6.256845 1.704003
6.148584 1.811486
6.146474 1.880721
6.179808 1.927150
6.182096 1.988743
6.132501 2.031731
6.195351 2.101536
6.146209 2.131426
6.170584 2.180951
6.136160 2.219405
6.195635 -2.156729
6.237857 -2.121615
6.231225 -2.064132
6.259203 -2.008063
6.231349 -1.957288
6.206130 -1.900546
6.209166 -1.697816
6.180851 -1.612843
6.222859 -1.539074
6.211422 -1.173552
6.248424 -0.977103
6.204772 -0.445242
6.153638 0.111723
6.284610 0.414305
6.256170 0.572915
6.248105 0.727529
6.215118 0.999550
6.317368 1.082171
6.193777 1.118643
6.227337 1.475537
6.219255 1.778841
6.204253 1.851985
6.236138 1.956495
6.191244 2.044108
6.238173 2.067331
6.203776 2.149438
6.278227 -2.093579
6.282788 -2.046906
6.324715 -2.013372
6.271053 -1.905125
6.248804 -1.842228
6.230105 -1.773430
6.257464 -1.630408
6.316069 -1.481451
6.239544 -1.449534
6.165181 -0.890795
6.242334 -0.745609
6.290415 -0.579535
6.213664 -0.071139
6.274231 1.189672
6.285899 1.551721
6.220797 1.623856
6.299075 1.633209
6.291276 1.771843
6.267645 1.834292
6.311233 1.880540
6.243568 1.898158
6.292236 1.984830
6.238352 2.010712
6.282809 2.038415
6.285589 2.088976
6.243731 2.117224
6.326443 -2.065990
6.291606 -1.963044
6.332692 -1.913515
6.313366 -1.851722
6.299330 -1.786029
6.283172 -1.713102
6.311120 -1.568911
6.303639 -1.379372
6.250173 -1.277065
6.304848 -0.861541
6.366274 -0.703990
6.266321 -0.272714
6.315095 0.246819
6.243221 0.864902
6.332513 0.966218
6.388767 1.174899
6.344970 1.273403
6.237590 1.285691
6.312781 1.365363
6.225617 1.383574
6.313622 1.454875
6.364858 1.528667
6.369586 1.602542
6.323182 1.708126
6.336957 1.822059
6.294425 1.934140
6.350650 1.935907
6.349544 1.983271
6.333554 2.022889
6.329376 2.064498
6.372453 -2.044822
6.424053 -2.026378
6.384249 -1.996171
6.346482 -1.965492
6.372830 -1.870528
6.366783 -1.803715
6.355447 -1.735341
6.333115 -1.653841
6.395866 -1.599680
6.389384 -1.519307
6.393645 -1.414498
6.297409 -1.087311
6.377359 -0.979990
6.439376 -0.560342
6.366339 -0.421290
6.391512 -0.125423
6.346106 0.078988
6.453380 0.367578
6.371619 0.823984
6.439945 1.067440
6.440941 1.283131
6.397214 1.374888
6.407171 1.460359
6.446558 1.555208
6.377380 1.676360
6.367356 1.759664
6.398383 1.828391
6.372469 1.882778
6.407885 1.932126
6.395035 1.987286
6.380391 2.041635
6.436091 -1.976114
6.394136 -1.936011
6.424196 -1.888438
6.426048 -1.826401
6.428214 -1.758923
6.402224 -1.681108
6.466962 -1.700949
6.359060 -1.305803
6.434490 -1.226280
6.326736 -1.200963
6.405413 -1.113261
6.461058 -0.286449
6.438355 0.941104
6.491967 1.184394
6.484435 1.474698
6.443537 1.635955
6.432366 1.714153
6.429924 1.777036
6.468449 1.825924
6.436329 1.877342
6.445542 1.972858
6.478182 2.012496
6.428894 2.024915
6.475333 -2.013095
6.494780 -1.966823
6.514781 -1.913260
6.458550 -1.928698
6.477713 -1.867646
6.486291 -1.804111
6.470240 -1.629992
6.477654 -1.555348
6.459532 -1.479162
6.454217 -1.332211
6.414649 0.525408
6.378054 0.670905
6.489300 0.752934
6.563649 1.106182
6.534982 1.289941
6.485684 1.384496
6.514341 1.620143
6.498653 1.695358
6.493906 1.762726
6.504941 1.869071
6.467079 1.920341
6.528843 2.004234
6.529406 -2.004167
6.534345 -1.853452
6.510481 -1.745374
6.538260 -1.672527
6.549311 -1.597175
6.553781 -1.502667
6.502993 -1.416806
6.556341 -1.341459
6.521475 -1.153688
6.491151 -1.044473
6.488806 -0.918031
6.421533 -0.826946
6.505380 -0.703542
6.547136 -0.425889
6.523757 0.024549
6.505856 0.203718
6.530580 1.546378
6.566245 1.680585
6.534825 1.813961
6.524919 1.914112
6.498186 1.963790
6.582014 2.000270
6.549899 -1.956946
6.571123 -1.903790
6.555945 -1.794314
6.634337 -1.204565
6.575233 -0.816075
6.587458 -0.165851
6.637088 0.757164
6.529620 0.862975
6.548332 0.995965
6.572922 1.380898
6.566129 1.462636
6.592855 1.602624
6.631841 1.663847
6.558789 1.748526
6.572035 1.862364
6.576359 1.913426
6.552030 1.961141
6.582490 -2.000256
6.603334 -1.952905
6.628404 -1.901003
6.595573 -1.847813
6.622729 -1.788712
6.582877 -1.729270
6.614134 -1.658983
6.589295 -0.976782
6.586607 -0.570778
6.664275 -0.320948
6.702479 -0.013870
6.695848 0.164431
6.579064 0.485972
6.538072 0.628680
6.688664 0.619931
6.638033 1.321775
6.654888 1.428653
6.687777 1.507866
6.615232 1.526386
6.676570 1.593195
6.692300 1.675932
6.627063 1.735216
6.599109 1.802089
6.662825 1.800105
6.636395 1.855506
6.627180 1.906233
6.607229 1.957692
6.634863 2.000000
6.635073 -2.000000
6.655509 -1.952648
6.657236 -1.846678
6.654973 -1.728718
6.616267 -1.567267
6.649843 -1.490905
6.600726 -1.417692
6.539422 -1.254778
6.615515 -1.094442
6.886403 0.185200
6.632200 0.332451
6.646866 0.902819
6.666842 1.026100
6.677206 1.140378
6.602164 1.217000
6.706267 1.254029
6.725643 1.362670
6.756361 1.543485
6.693794 1.743741
6.682365 1.907232
6.659898 1.955424
6.687285 2.000000
6.706882 -1.952919
6.686247 -1.901701
6.721031 -1.857058
6.690974 -1.794057
6.733565 -1.746076
6.702256 -1.682098
6.673396 -1.618431
6.645605 -1.309922
6.710359 -1.018452
6.655261 -0.682643
6.714604 -0.503641
6.788052 -0.175266
6.878036 0.019951
6.757527 0.837552
6.700076 1.858454
6.743554 1.904665
6.714752 1.954130
6.740023 2.000000
6.688341 -2.000000
6.742080 -1.989995
6.746090 -1.921421
6.779609 -1.876067
6.761046 -1.809493
6.755366 -1.622925
6.707599 -1.550327
6.690422 -1.406876
6.740193 -1.330995
6.739770 -1.232367
6.733275 -1.131615
6.729877 -0.787769
6.817500 -0.375251
6.806025 0.326798
6.742828 0.476427
6.776949 0.956329
6.780509 1.074853
6.801874 1.303063
6.830087 1.492087
6.750808 1.622287
6.759073 1.696227
6.758033 1.760432
6.727979 1.810517
6.770595 1.951462
6.792198 2.000000
6.785970 -2.000000
6.834683 -2.000000
6.795912 -1.946037
6.809876 -1.759756
6.783092 -1.694770
6.749764 -1.476020
6.798853 -1.401200
6.667517 -0.895922
6.858999 -0.790959
6.792418 -0.645326
6.921104 0.447171
6.794321 0.725403
6.892215 0.865966
6.891004 1.003328
6.781666 1.186972
6.873855 1.240353
6.830380 1.391785
6.753050 1.448634
6.826246 1.584571
6.895614 1.633466
6.824009 1.663215
6.823088 1.737962
6.802642 1.806512
6.770829 1.857109
6.811148 1.901931
6.844577 2.000000
6.891545 -2.000000
6.855364 -1.952314
6.832805 -1.894134
6.825860 -1.827444
6.880390 -1.776640
6.865723 -1.706005
6.834955 -1.638830
6.868523 -1.575169
6.793267 -1.552828
6.848659 -1.169753
6.792193 -0.918262
6.853360 0.591614
6.971120 1.219617
6.918561 1.332068
6.907808 1.440812
6.898407 1.544936
6.888133 1.713013
6.869844 1.788917
6.843823 1.852895
6.877063 1.951579
6.825273 1.950586
6.951140 -2.000000
6.920354 -1.948647
6.889814 -1.903995
6.887573 -1.844948
6.829532 -1.287015
6.825736 -1.049293
6.936229 -1.064957
7.006954 0.965544
6.885182 1.128289
7.073479 1.180992
7.032606 1.305667
6.936546 1.769019
6.912601 1.840195
6.882625 1.899375
6.899069 2.000000
6.978455 -1.947665
6.947749 -1.881103
7.007865 -1.835596
6.945620 -1.806004
6.941377 -1.727102
6.924399 -1.646534
6.850071 -1.482419
6.883182 -1.373651
6.923607 -1.261758
6.972342 -1.170881
7.060525 -1.074864
6.905761 -0.935350
6.885770 -0.523420
6.930868 -0.253833
7.072842 0.117322
7.010129 0.306418
6.933601 0.729188
6.990438 1.093774
6.994507 1.398994
6.969710 1.505894
6.968432 1.602671
6.958461 1.688589
6.981712 1.824798
6.953508 1.890077
6.933810 1.945644
6.952322 2.000000
7.013988 -2.000000
7.008182 -1.898463
7.012066 -1.684999
6.998739 -1.610882
6.931573 -1.452484
6.976211 -1.346385
7.043281 -1.270318
7.024817 -0.957833
6.943577 -0.670654
7.003860 -0.406576
7.002327 -0.093756
7.013273 0.584277
7.108391 1.057158
7.049704 1.472467
7.033146 1.662438
7.005786 1.748826
6.996872 1.944614
7.048015 -1.948322
7.070504 -1.881659
7.076315 -1.809931
7.010570 -1.763434
7.083993 -1.730794
6.932547 -1.549111
7.069215 -1.569925
7.005696 -1.513562
7.093011 -1.472047
7.020708 -1.419561
7.155821 -0.993177
6.988560 -0.821116
7.054275 -0.553971
7.181455 -0.420377
7.110016 -0.256946
7.034043 0.840254
7.144024 0.930445
7.134517 1.270067
7.106474 1.392286
7.041342 1.565927
7.074880 1.747106
7.022042 1.885018
7.004635 2.000000
7.056980 2.000000
7.115235 -1.939272
7.096454 -1.646137
7.192377 -1.621006
7.149039 -1.550978
7.098587 -1.358006
7.168379 -1.253338
7.092150 -1.177485
7.123224 -0.861826
7.085836 -0.714024
7.183947 0.283818
7.081226 0.705158
7.192696 1.153566
7.195581 1.351999
7.129885 1.502171
7.197225 1.568781
7.110331 1.598060
7.188805 1.653019
7.108700 1.678600
7.051613 1.818189
7.129400 1.811731
7.093159 1.879566
7.065277 1.942092
7.081612 -2.000000
7.136316 -1.868159
7.175355 -1.445366
7.296350 -1.302460
7.193091 -1.119139
7.282256 -1.034278
7.102623 0.459130
7.197125 0.610287
7.184313 0.790238
7.240580 1.033504
7.212472 1.455493
7.272717 1.543841
7.167986 1.872972
7.137018 1.938672
7.115012 2.000000
7.149104 -2.000000
7.218390 -2.000000
7.184460 -1.932990
7.147978 -1.789980
7.163999 -1.705850
7.238243 -1.522248
7.278255 -1.419964
7.200582 -1.347472
7.265150 -0.904970
7.197355 -0.604058
7.327551 1.137465
7.327440 1.469508
7.157209 1.742806
7.211933 1.939751
7.256729 -1.921576
7.205196 -1.855328
7.224141 -1.770467
7.404766 -1.246232
7.273940 -1.198857
7.227491 -0.765224
7.325591 -0.525529
7.283090 0.896162
7.255494 1.248982
7.293544 1.369794
7.281886 1.646361
7.233744 1.722028
7.218353 1.801877
7.240653 1.873143
7.180266 2.000000
7.287636 -2.000000
7.327744 -1.946522
7.277927 -1.837633
7.308079 -1.751333
7.253643 -1.683714
7.351135 -1.667117
7.291983 -1.594625
7.359119 -1.124054
7.345890 -0.692198
7.185867 -0.058718
7.264019 0.442329
7.315152 0.736428
7.376330 1.690555
7.304640 1.748245
7.304385 1.830909
7.375255 -2.000000
7.414689 -1.923899
7.344378 -1.881734
7.365404 -1.812557
7.453814 -1.656495
7.341132 -1.494348
7.378965 -1.375396
7.535376 -1.226446
7.479502 -1.122306
7.381583 -0.840062
7.273617 -0.225769
7.362420 0.584496
7.375251 1.001873
7.364165 1.278806
7.355735 1.587610
7.446249 1.629721
7.479764 1.738653
7.292938 1.923393
7.365139 1.937401
7.253259 2.000000
7.324892 2.000000
7.500946 -1.920351
7.445672 -1.839698
7.406648 -1.742128
7.395839 -1.574083
7.444044 -1.464168
7.487016 -1.344460
7.406630 -0.984325
7.503715 -0.737272
7.468173 -0.582524
7.359583 -0.376596
7.478059 0.696728
7.421829 0.851161
7.475187 1.085849
7.436621 1.197834
7.407448 1.390251
7.390589 1.780373
7.466122 1.836085
7.374955 1.864857
7.447836 1.922257
7.409532 2.000000
7.459300 -2.000000
7.500416 -1.557257
7.556020 -1.451009
7.655466 -1.237292
7.544571 -1.015701
7.463278 -0.226336
7.279293 0.117202
7.435413 0.424864
7.581747 0.815507
7.498081 1.309106
7.421669 1.515758
7.494501 2.000000
7.495724 -1.750400
7.608979 -1.349052
7.529005 -0.880729
7.520741 -0.437514
7.398494 -0.049466
7.377714 0.272332
7.523668 0.957831
7.533850 1.914570
7.626968 1.911388
7.584782 2.000000
7.549933 -2.000000
7.596911 -1.921320
7.541586 -1.836966
7.554937 -1.651007
7.612170 -1.547483
7.639513 -1.105553
7.673809 -0.941110
7.662427 -0.778340
7.502730 0.125629
7.585656 0.317476
7.544596 0.531263
7.568070 1.195430
7.501249 1.445466
7.527299 1.556332
7.540179 1.659138
7.598720 1.733708
7.558327 1.821513
7.591351 -1.743916
7.733623 -1.555468
7.626394 -0.614128
7.619517 -0.292489
7.700378 0.124846
7.639379 1.618337
7.666564 1.821674
7.734714 1.907289
7.683660 2.000000
7.770770 -1.184884
7.779151 -1.031108
7.806440 -0.842718
7.783023 0.305188
7.624303 1.074156
7.620595 1.503715
7.754006 1.629928
7.707653 1.722729
7.783239 1.804638
7.650468 -2.000000
7.691186 -1.744123
7.665322 -1.645885
7.746439 -1.335089
7.706456 -0.471080
7.650337 0.659587
7.588351 1.389161
7.704257 -1.914111
7.642474 -1.836495
7.782130 -1.686807
7.688871 -1.448162
7.912812 -0.957881
7.719320 1.187672
7.711787 1.411160
7.842904 1.697383
7.907763 1.784684
7.791945 2.000000
7.757357 -2.000000
7.756128 -1.816337
7.834924 -1.575608
7.828082 -1.442845
7.616569 -0.080389
7.826280 0.631309
7.749050 0.792654
7.646759 1.292341
7.790380 1.316497
7.739629 1.525144
7.849550 1.898049
7.815183 -1.905353
7.904480 -1.675237
7.959068 -0.767522
7.778881 -0.263769
7.826531 -0.073371
7.709028 0.478371
7.925750 0.774102
7.839993 0.927108
7.679371 0.941157
7.868287 1.209511
7.847391 1.445078
7.868277 1.571557
8.025706 1.766145
7.970581 1.890850
7.870434 -1.295071
7.897473 -1.135442
7.794816 -0.653403
7.936782 1.084672
7.782666 1.066701
7.938727 1.345221
7.983033 1.496709
8.114281 1.641653
7.973246 1.646490
8.030622 2.000000
7.869993 -2.000000
7.858700 -1.788857
7.980301 -1.779356
7.941906 -1.534372
7.965796 -1.397723
8.063319 -0.885518
7.872095 -0.442222
7.906620 0.475208
8.032074 0.624868
7.991198 0.954417
8.117842 1.062206
8.152667 1.770859
7.927028 -1.893016
8.050383 -1.889538
8.056721 -0.041458
7.918849 0.122388
8.113899 0.429801
8.080779 0.844289
8.027585 1.210493
8.078337 1.361928
8.254334 1.564265
8.116143 1.505592
7.907202 2.000000
7.987698 -2.000000
8.023432 -1.648754
8.006824 -1.244205
7.953241 -0.597208
8.074004 -0.440762
7.973717 -0.251588
8.182875 1.231403
8.269787 1.715806
8.099248 1.888605
8.116053 -2.000000
8.106008 -1.766073
8.108885 -1.357548
8.147687 -1.185833
8.026491 -1.070859
8.126305 -0.643559
8.178507 -0.244848
7.985119 0.296486
8.247128 0.570676
8.183051 0.731328
8.231590 1.397124
8.165488 2.000000
8.067942 -1.509128
8.251561 -1.306646
8.162654 0.186706
8.236216 0.929598
8.305813 2.000000
8.183710 -1.882330
8.154350 -1.632336
8.200252 -1.481449
8.332564 -1.438527
8.267587 -0.450901
8.276920 -0.029109
8.295351 1.103930
8.400317 1.643206
8.248108 1.874873
8.244318 -1.752477
8.294383 -1.606093
8.314048 -1.138197
8.207765 -0.805507
8.322155 -0.632126
8.391998 -0.249953
8.515092 -0.042416
8.314791 0.373657
8.422414 0.961029
8.442344 -1.574414
8.172935 -1.014130
8.357442 0.770958
8.348676 1.281265
8.382344 1.464058
8.388128 1.825649
8.328668 -1.874207
8.318164 -0.954604
8.401084 0.178585
8.531888 1.869300
8.254394 -2.000000
8.525201 -0.640860
8.489339 -0.450758
8.442802 0.585116
8.537482 1.531037
8.391805 -1.732194
8.417234 -1.266858
8.470657 -1.037367
8.411203 -0.811307
8.537427 0.395536
8.443579 2.000000
8.402951 -2.000000
8.482404 -1.416065
8.557978 -1.195340
8.482790 -1.859754
8.549283 -1.699647
8.474811 1.149476
8.639166 0.191475
8.655413 0.614947
8.548521 0.795277
8.695518 1.617807
8.619009 -1.534996
8.629568 -1.358542
8.580358 -0.876280
8.695844 -0.699949
8.733244 -0.478446
8.771745 0.423497
8.612406 1.002303
8.540934 1.712850
8.559273 -2.000000
8.678177 -1.057226
8.723343 -2.000000
8.632571 -0.263502
8.885292 0.215038
8.512474 1.341258
8.642090 -1.840978
8.760338 -0.033605
8.654096 1.207612
8.679487 1.411853
8.902770 -2.000000
8.760295 -1.249783
8.794728 -0.886429
8.877632 0.658861
8.694872 1.816090
8.613237 2.000000
9.104497 -2.000000
8.721625 -1.666153
8.899479 -0.670763
9.138761 0.250268
8.864837 1.686618
8.776261 2.000000
8.810326 -1.832050
8.799530 -1.463827
9.019879 -0.013758
8.807890 1.057958
8.847808 1.481071
8.976638 2.000000
8.880734 -0.258669
8.752609 0.838867
8.994762 -1.831227
8.890894 -1.647854
9.006475 -1.480152
8.944687 -1.293422
8.882927 -1.084329
8.969387 0.898513
8.837454 1.271293
9.020480 1.571889
9.088592 -1.666601
8.995536 -0.462330
9.016313 0.465569
9.106991 0.716417
9.013711 1.125868
9.025496 1.349716
8.868852 1.854798
9.088918 -1.104650
9.057658 1.805113
9.175922 2.000000
9.303101 -1.686040
9.231426 -1.498894
9.005182 -0.887080
9.132364 -0.683766
9.156434 -0.237680
9.273115 0.518988
9.191107 1.650546
9.215330 -1.849045
9.234735 -0.913612
9.260016 -0.465058
9.204035 0.970975
9.478884 -1.804787
9.342060 0.779366
9.226230 1.207225
9.159555 -1.308114
9.381906 -0.703652
9.528328 -0.469452
9.446652 1.086456
9.215712 1.435454
9.343915 -2.000000
9.586533 -2.000000
9.483753 -1.568259
9.323403 -1.139718
9.300584 0.018030
9.399737 0.291597
9.657573 0.308299
9.550619 0.573688
9.291720 1.819861
9.404554 -1.354712
9.482292 -0.948109
9.448289 -0.229157
9.432129 1.343373
9.663014 -1.400298
9.581424 -1.177208
9.643016 -0.740497
9.596743 0.029123
9.395578 1.588641
9.731399 -1.834526
9.715070 -1.639394
9.553984 0.858278
9.618041 1.543864
9.523161 1.786580
9.407689 2.000000
9.999249 -1.760711
9.665103 1.292715
9.768003 1.769191
9.768792 -0.213548
9.923224 -1.495970
9.758524 -0.988536
9.779031 -0.491590
9.906473 0.123535
9.875348 -2.000000
9.865247 -1.236322
9.928777 -0.756651
9.863601 0.473737
10.231917 -0.769159
10.043787 -0.478214
10.073904 -0.187154
9.648372 2.000000
10.156218 -2.000000
10.153299 0.392894
9.794363 0.759701
10.048356 -1.016678
9.731260 1.051995
10.230492 0.110709
10.078510 0.711103
9.941291 1.270311
10.189733 -1.544842
10.151788 -1.286164
9.865926 1.520702
10.319707 -1.750055
10.005387 0.998154
10.236844 1.232155
10.376622 0.617682
9.909117 2.000000
10.456875 -1.405986
10.151328 1.503288
10.350277 -1.071244
10.523297 0.266148
10.038619 1.757693
10.335848 -0.467918
10.466251 -2.000000
10.549468 -0.769368
10.466836 1.483380
10.196595 2.000000
10.682124 0.569761
10.309475 0.942968
10.559160 1.202386
10.343203 1.749118
10.634722 -1.095785
10.623178 0.898696
11.072215 1.708290
10.686602 1.731822
10.613161 -1.703264
10.420169 -0.149300
10.822737 1.447335
10.866051 2.000000
10.516164 2.000000
10.723628 -0.031874
10.785952 -1.413895
10.892877 -0.770684
10.659446 -0.435038
10.971686 -0.392363
10.929398 0.358850
10.960948 0.780806
10.910732 1.133854
10.954204 -1.702287
11.263866 -1.024492
11.208955 1.398170
10.789180 -2.000000
10.939378 -1.102473
11.241596 2.000000
11.152942 -2.000000
11.269433 1.045295
11.508181 1.672264
11.318106 -1.675484
11.621308 -0.915607
11.257792 -0.661421
11.163759 -1.382551
11.573534 -1.317233
11.051906 -0.008952
11.265775 0.640156
11.613890 1.323494
11.679139 -1.679736
11.312217 0.245107
11.615575 0.911909
11.332084 -0.247061
11.624377 2.000000
11.627322 -0.490570
11.631933 0.484589
12.000000 0.800485
11.630812 0.003369
12.000000 1.611927
11.550190 -2.000000
12.000000 0.390806
12.000000 1.204594
12.000000 -1.574335
12.000000 -0.790043
12.000000 -1.191342
12.000000 -0.384562
*ELEMENT
num-elem: 4011
num-elem-node: 3
elem-conn:
20 34 26
32 34 20
2090 7 2103
41 19 24
24 19 13
13 19 12
56 19 41
2082 2090 2086
2086 2090 2103
2103 2105 2086
49 69 62
7 2090 2100
2100 2090 2082
11 24 13
19 56 31
62 69 85
138 178 149
70 31 56
2082 2086 2085
2085 2086 2074
2082 2085 2073
2073 2085 2066
23 11 10
24 11 23
62 85 88
15 12 19
19 31 15
37 32 15
15 31 37
73 85 69
60 70 51
51 70 56
51 65 60
42 65 51
51 56 41
41 42 51
138 145 170
170 178 138
242 271 261
241 271 242
93 103 117
138 149 132
158 149 178
107 102 78
35 26 34
21 26 35
64 68 54
2077 2085 2074
2066 2085 2077
2060 2073 2066
2060 2066 2042
2079 2100 2082
2082 2073 2079
2083 2086 2105
2105 2104 2083
2074 2086 2083
1996 2015 2001
187 184 201
144 170 145
36 23 22
22 29 36
22 23 10
10 18 22
18 29 22
27 18 3
27 29 18
30 49 62
36 29 30
1 15 32
12 15 1
1 32 20
154 131 166
95 88 85
95 110 106
74 65 42
42 45 74
107 78 75
60 65 75
75 78 60
25 45 42
25 42 41
25 23 36
36 45 25
41 24 25
24 23 25
218 235 266
291 271 241
243 242 261
217 148 210
146 145 138
146 117 145
138 132 146
142 164 165
165 143 142
165 164 180
174 180 164
28 9 21
21 35 28
2067 2077 2074
2042 2066 2056
2066 2077 2056
2077 2067 2056
2076 2079 2073
2076 2060 2048
2073 2060 2076
1227 1175 1261
1227 1261 1336
2001 2015 2020
2014 2034 2035
2035 2034 2042
2010 2034 2014
2018 2026 2010
1987 1978 1986
1986 1978 1974
1974 1935 1986
1982 1996 2001
2001 1983 1982
1913 1920 1931
1900 1861 1885
1907 1926 1923
729 700 675
601 600 635
199 247 200
183 201 184
183 200 201
183 167 199
199 200 183
188 177 187
168 177 156
168 184 187
187 177 168
156 177 157
169 144 157
1189 1190 1165
1301 1300 1343
699 762 729
701 676 700
701 731 732
730 700 729
729 762 730
730 701 700
731 701 730
731 730 878
878 730 762
762 877 878
878 877 962
1915 1958 1947
1813 1836 1825
1911 1902 1880
1912 1902 1911
1929 1941 1921
1925 1919 1921
1921 1941 1925
49 30 40
29 27 40
40 30 29
55 45 36
36 30 55
55 30 62
62 88 55
155 154 166
166 167 155
155 183 184
167 183 155
106 110 125
110 95 94
94 73 105
85 73 94
94 95 85
72 88 96
88 95 96
96 95 106
96 93 72
106 103 96
96 103 93
72 74 50
50 74 45
45 55 50
50 88 72
50 55 88
65 74 86
86 75 65
72 93 86
86 74 72
216 210 179
179 230 216
204 230 179
265 290 249
279 250 231
173 151 150
235 218 227
227 243 235
114 102 107
107 132 114
210 148 190
179 210 190
190 158 179
241 242 225
225 217 210
225 216 241
210 216 225
307 324 334
262 279 315
262 250 279
315 324 262
262 324 307
307 250 262
180 174 208
163 174 164
176 162 141
34 32 38
38 32 37
53 52 63
53 44 47
63 44 53
64 82 77
77 68 64
77 84 68
81 82 76
47 44 76
83 101 81
81 76 83
83 76 44
2049 2056 2067
2049 2067 2068
2068 2047 2049
2049 2047 2022
592 629 569
628 629 592
568 628 592
592 505 568
506 592 569
433 505 506
505 592 506
392 323 364
568 505 432
432 504 568
261 271 313
479 504 493
447 446 493
608 479 493
358 315 306
358 324 315
1227 1336 1262
235 243 244
266 235 244
244 272 266
266 272 256
376 332 347
364 332 376
1374 1442 1490
1372 1442 1374
837 836 965
965 966 837
924 966 967
1398 1336 1371
1398 1442 1372
1372 1262 1398
1398 1262 1336
578 599 579
2019 1999 2014
2014 2035 2019
2014 1999 2005
2005 2010 2014
2015 1996 2000
2000 2019 2015
1999 2019 2000
2000 1996 1989
1968 1951 1957
2016 1983 2001
2001 2020 2016
2044 2049 2022
2056 2049 2044
2042 2056 2044
2044 2035 2042
2037 2026 2048
2048 2060 2037
2034 2010 2037
2037 2010 2026
2037 2060 2042
2042 2034 2037
1996 1982 1975
1989 1996 1975
1970 1969 1975
1975 1982 1970
1937 1969 1970
1937 1931 1969
1970 1958 1937
1958 1915 1937
1930 1920 1903
1903 1912 1930
1969 1931 1953
1953 1930 1952
1953 1931 1920
1920 1930 1953
1877 1926 1907
1976 1958 1970
1970 1982 1976
1976 1982 1983
2099 8 2094
2078 2063 2058
2095 2083 2104
2091 2093 2098
2093 2095 2098
2068 2067 2069
1712 1797 1722
1722 1797 1756
1980 1962 1961
1961 1977 1980
1945 1962 1956
1956 1962 1985
1985 1962 1980
1997 1976 1983
1943 1926 1947
1943 1923 1926
1882 1909 1879
1882 1853 1893
1893 1909 1882
1960 1959 1972
1932 1959 1960
1980 1977 1984
1984 2006 2030
2030 2011 1984
1854 1853 1882
460 548 502
548 606 502
566 524 502
502 606 566
525 524 566
674 525 566
627 676 608
700 676 627
627 675 700
491 548 460
460 444 491
653 589 758
587 673 624
624 673 652
383 421 407
187 201 194
194 188 187
121 157 144
121 144 145
156 157 121
145 117 121
121 117 103
169 157 193
193 157 177
177 188 193
193 189 169
1664 1685 1665
1664 1663 1704
831 797 830
1480 1454 1479
1506 1526 1505
1505 1488 1506
1506 1488 1524
1505 1526 1489
1276 1299 1300
1299 1276 1246
1246 1276 1247
1164 1141 1163
1165 1141 1164
1164 1189 1165
1300 1299 1321
1321 1343 1300
1455 1429 1453
1455 1481 1431
1455 1480 1481
1453 1454 1455
1454 1480 1455
799 877 762
762 699 799
920 877 799
727 626 653
697 626 727
920 799 834
834 799 798
834 760 833
798 760 834
677 701 732
676 701 677
731 878 1015
1096 1097 1015
1015 962 1096
1015 878 962
1914 1937 1915
1913 1931 1914
1931 1937 1914
1892 1866 1875
1876 1866 1892
1640 1613 1574
1612 1659 1640
1640 1574 1612
1796 1797 1784
1784 1797 1712
1422 1371 1370
1201 1261 1175
1368 1334 1258
1368 1333 1419
1258 1333 1368
1763 1729 1743
1803 1781 1817
1649 1664 1665
1663 1664 1649
1863 1837 1846
1825 1836 1826
1718 1690 1708
1733 1754 1805
1745 1765 1719
1719 1692 1745
1805 1765 1745
1745 1733 1805
1639 1692 1719
1896 1912 1903
1902 1912 1896
1865 1880 1902
1865 1858 1864
1902 1896 1865
1865 1896 1858
1957 1951 1950
1941 1929 1949
1957 1950 1949
1949 1950 1941
1949 1929 1935
1949 1974 1957
1935 1974 1949
1890 1901 1886
1905 1880 1895
1911 1880 1905
129 125 154
129 168 156
154 125 116
105 131 116
131 154 116
116 125 110
116 94 105
110 94 116
107 75 112
112 132 107
112 146 132
302 344 356
301 344 290
289 290 265
178 170 181
181 144 169
170 144 181
230 204 224
265 249 224
224 249 230
290 344 322
322 249 290
322 344 302
302 291 322
260 291 241
230 249 260
260 322 291
249 322 260
241 216 260
260 216 230
71 70 60
60 78 71
135 151 198
151 173 198
198 159 135
213 159 198
228 218 266
242 243 226
243 227 226
226 225 242
217 225 226
211 217 226
226 227 211
218 228 175
175 228 173
175 173 150
150 140 175
205 227 218
218 175 205
205 175 140
211 227 205
147 132 149
147 114 132
149 158 147
158 190 147
147 190 148
395 419 406
253 232 222
253 275 232
213 231 219
219 231 250
251 257 207
215 257 221
174 163 192
164 142 153
153 163 164
162 163 153
153 142 152
160 176 141
135 159 160
160 136 135
141 136 160
185 257 215
207 257 185
152 120 161
141 162 161
161 153 152
162 153 161
58 38 37
52 38 58
43 53 47
47 33 43
43 28 35
43 33 28
52 53 46
46 35 34
46 43 35
53 43 46
34 38 46
46 38 52
48 82 64
48 33 47
47 76 48
48 76 82
17 54 14
28 33 17
100 109 84
84 77 100
123 136 141
141 161 123
123 161 120
123 120 101
104 123 101
136 123 104
67 83 44
67 44 63
1946 1940 1963
2064 2051 2055
763 836 837
763 629 628
628 734 763
763 734 836
433 506 462
526 506 569
527 462 526
526 462 506
323 392 333
306 314 333
333 314 323
391 505 433
391 432 505
433 376 391
391 376 347
363 391 347
432 391 363
504 432 431
431 493 504
447 493 431
432 363 431
390 447 431
431 363 390
390 363 362
362 363 347
271 291 346
346 313 271
346 291 302
346 362 313
608 493 607
607 493 446
607 446 503
607 627 608
527 571 528
1309 1310 1177
1309 1262 1372
632 612 574
551 533 574
509 533 551
656 678 611
802 801 883
737 801 802
768 739 705
767 768 705
842 768 767
292 243 261
292 244 243
272 244 292
305 256 272
315 279 305
279 256 305
306 315 305
305 314 306
412 392 364
364 376 412
412 376 433
433 462 412
1179 1180 1181
1181 1180 1202
1180 1179 1229
924 967 1017
1017 967 1177
1464 1374 1490
1507 1465 1573
1573 1574 1507
1592 1612 1573
1573 1612 1574
1263 1310 1311
1443 1400 1399
1444 1400 1443
1177 967 1176
1227 1262 1176
1176 1309 1177
1262 1309 1176
1127 967 966
1127 965 1175
966 965 1127
1127 1175 1227
1227 1176 1127
1127 1176 967
688 599 578
688 689 599
718 689 688
406 419 437
437 420 406
382 418 405
405 338 382
405 395 338
419 395 405
537 516 484
484 437 537
420 437 484
406 420 396
369 395 396
396 395 406
2029 2019 2035
2035 2044 2029
2029 2020 2015
2015 2019 2029
2022 2020 2029
2029 2044 2022
2018 2010 2004
2010 2005 2004
2004 1987 2018
1978 1987 2004
2004 2005 1978
1978 2005 1988
1988 2005 1999
1952 1951 1981
1951 1968 1981
2002 1997 2013
1983 2016 2013
2013 1997 1983
2023 2016 2020
2023 2020 2022
2022 2047 2023
2023 2047 2024
2024 2013 2023
2023 2013 2016
2024 2047 2061
2061 2031 2024
2061 2047 2068
2045 2031 2061
2024 2031 2017
2002 2013 2017
2017 2013 2024
2017 1992 2002
2021 1992 2017
2027 2045 2040
2027 2031 2045
2040 2032 2027
2032 2021 2027
2021 2017 2027
2027 2017 2031
1942 1930 1912
1942 1912 1911
1942 1951 1952
1952 1930 1942
1942 1950 1951
1964 1975 1969
1969 1953 1964
1989 1975 1964
1964 1981 1989
1964 1953 1952
1952 1981 1964
1922 1915 1947
1947 1926 1922
1926 1877 1922
1922 1877 1876
1876 1892 1922
1922 1892 1915
1888 1877 1907
1947 1958 1971
1958 1976 1971
1971 1943 1947
1976 1997 1971
1993 1992 2021
2059 2063 2064
2059 2050 2062
2062 2058 2059
2059 2058 2063
2064 2055 2059
2059 2055 2050
2099 2089 2102
2101 2097 2096
2091 2098 2096
2096 2098 2101
2081 2089 2099
2099 2094 2081
2081 2094 2078
2078 2058 2081
2039 2038 2053
2040 2057 2053
2053 2032 2040
2053 2038 2032
2072 2057 2071
2071 2080 2072
2071 2057 2052
2052 2070 2071
2052 2057 2040
2040 2045 2052
2045 2070 2052
2075 2058 2062
2062 2072 2075
2075 2072 2080
2075 2080 2089
2089 2081 2075
2075 2081 2058
2089 2080 2092
2092 2102 2089
2097 2102 2092
2092 2096 2097
2106 2095 2104
2106 2098 2095
2084 2095 2093
2093 2069 2084
2074 2083 2084
2083 2095 2084
2084 2067 2074
2084 2069 2067
2091 2070 2087
2087 2093 2091
2087 2069 2093
1777 1751 1750
1640 1659 1695
1712 1722 1695
1675 1613 1640
1640 1695 1675
1675 1695 1722
1906 1927 1924
1962 1945 1955
1955 1927 1944
1944 1961 1955
1955 1961 1962
2003 1985 1998
1998 1985 1980
1980 1984 1998
1998 1984 2011
2033 2038 2039
2030 2038 2033
2033 2011 2030
2041 2025 2012
1870 1861 1856
1870 1885 1861
1882 1879 1860
1860 1854 1882
1830 1854 1860
1916 1959 1932
1923 1959 1916
1907 1923 1916
2002 1992 1991
1991 1993 1972
1992 1993 1991
1909 1948 1917
1917 1879 1909
1917 1948 1944
1906 1879 1917
1944 1927 1917
1917 1927 1906
1979 1960 1972
1972 1993 1979
1979 1993 2006
1977 1960 1979
2006 1984 1979
1979 1984 1977
1977 1961 1954
1954 1960 1977
1954 1961 1944
1944 1948 1954
1954 1948 1932
1932 1960 1954
1859 1829 1852
1852 1829 1820
1876 1877 1867
1877 1888 1867
1859 1827 1867
1867 1888 1859
1821 1854 1830
1820 1829 1821
1853 1854 1821
1821 1829 1853
524 525 492
492 525 503
654 674 566
566 606 654
654 626 697
606 626 654
698 699 729
697 699 698
729 675 698
675 674 698
698 654 697
674 654 698
675 627 591
591 674 675
525 674 591
503 525 591
591 607 503
627 607 591
548 491 523
651 673 587
726 673 651
796 795 829
829 830 796
830 797 796
726 795 695
695 673 726
652 673 695
695 796 652
795 796 695
759 758 696
696 797 759
652 796 696
696 796 797
625 758 589
625 624 652
652 696 625
625 696 758
601 635 637
784 747 719
719 747 720
472 538 557
564 586 521
521 520 564
564 584 585
585 586 564
789 865 824
248 194 223
223 194 201
201 200 223
200 270 223
263 200 247
263 270 200
329 328 375
238 203 202
202 203 189
189 193 202
202 193 188
188 194 229
229 202 188
229 194 248
248 237 229
229 237 238
238 202 229
156 121 126
106 125 126
126 103 106
126 121 103
126 129 156
125 129 126
1546 1586 1547
1582 1604 1619
644 561 583
668 669 647
722 669 668
663 637 720
1165 1143 1142
1142 1141 1165
874 830 829
829 795 828
828 874 829
873 874 828
875 831 830
830 874 875
961 1011 875
875 1011 831
1093 1121 1147
1479 1500 1501
1501 1480 1479
1524 1488 1523
1546 1547 1523
1523 1547 1524
1525 1506 1524
1718 1733 1691
1691 1745 1692
1733 1745 1691
1672 1690 1718
1718 1691 1672
921 877 920
962 877 921
1668 1654 1687
1669 1625 1668
1626 1625 1607
1607 1625 1669
1166 1167 1143
1166 1143 1165
1165 1190 1166
1190 1189 1215
590 589 653
653 626 590
590 523 589
590 626 606
590 606 548
548 523 590
697 727 728
728 727 798
728 699 697
728 799 699
798 799 728
833 760 832
832 760 759
759 797 832
797 831 832
798 727 761
761 760 798
759 760 761
761 758 759
653 758 761
761 727 653
655 677 733
655 479 608
608 676 655
676 677 655
733 734 567
479 655 567
567 655 733
568 504 567
567 504 479
567 628 568
567 734 628
1819 1765 1805
1819 1840 1841
1792 1765 1819
1819 1841 1792
1891 1892 1875
1913 1914 1891
1891 1914 1915
1915 1892 1891
1593 1509 1553
1553 1613 1593
1553 1574 1613
1507 1574 1553
1720 1710 1657
1659 1612 1611
1611 1612 1592
1820 1821 1783
1712 1695 1694
1694 1695 1659
1551 1528 1572
1572 1657 1551
1371 1422 1397
1370 1348 1421
1421 1422 1370
1440 1528 1421
1421 1528 1551
1551 1422 1421
1335 1348 1370
1335 1336 1261
1370 1371 1335
1371 1336 1335
1287 1334 1369
1369 1348 1287
1440 1421 1369
1369 1421 1348
1097 1098 922
732 731 922
731 1015 922
922 1015 1097
1816 1781 1780
1816 1817 1781
1663 1649 1648
1621 1619 1620
1621 1582 1619
1770 1779 1814
1871 1863 1846
1871 1886 1895
1845 1826 1836
1728 1685 1684
1685 1664 1684
1684 1664 1704
1704 1726 1684
1789 1813 1825
1825 1814 1789
1789 1814 1779
1762 1770 1763
1762 1779 1770
1763 1743 1762
1839 1819 1805
1840 1819 1839
1707 1752 1731
1731 1752 1753
1718 1708 1732
1732 1733 1718
1732 1731 1753
1708 1731 1732
1753 1754 1732
1754 1733 1732
1671 1708 1690
1671 1731 1708
1804 1752 1803
1753 1752 1804
1849 1804 1838
1803 1817 1838
1838 1804 1803
1772 1754 1753
1753 1804 1772
1772 1804 1849
1913 1891 1898
1898 1891 1875
1858 1896 1873
1919 1925 1904
1904 1901 1919
1904 1886 1901
1895 1886 1904
1904 1905 1895
1925 1905 1904
1941 1950 1936
1936 1925 1941
1936 1905 1925
1911 1905 1936
1936 1942 1911
1950 1942 1936
137 129 154
168 129 137
154 155 137
184 168 137
137 155 184
93 117 111
111 86 93
117 146 111
146 112 111
75 86 111
111 112 75
389 446 447
389 447 390
461 492 430
524 492 461
427 444 428
428 353 427
331 356 344
344 301 331
264 233 288
197 158 178
179 158 197
197 204 179
204 197 196
178 181 196
196 197 178
234 224 204
204 196 234
133 147 148
114 147 133
63 52 59
52 58 59
66 89 90
90 80 66
102 89 79
79 78 102
79 71 78
79 89 66
66 71 79
119 140 150
134 140 119
150 151 127
127 119 150
122 119 127
173 228 212
212 231 213
213 198 212
212 198 173
266 256 245
245 228 266
279 231 245
245 256 279
231 212 245
245 212 228
172 140 134
172 205 140
211 205 172
232 275 299
298 299 297
297 299 275
182 253 222
222 208 182
182 208 174
174 192 182
382 338 337
382 337 381
381 337 318
206 159 213
213 219 206
308 280 335
273 251 308
308 251 280
335 280 316
307 334 316
334 348 316
294 250 307
294 219 250
307 316 294
294 316 280
335 316 349
349 316 348
435 414 379
379 414 380
380 349 379
379 349 348
220 251 207
280 251 220
207 206 220
220 206 219
219 294 220
220 294 280
236 221 257
236 251 273
257 251 236
295 236 273
191 160 159
176 160 191
191 185 176
159 206 191
207 185 191
191 206 207
162 176 186
176 185 186
186 185 215
186 163 162
215 192 186
186 192 163
61 71 66
61 58 37
37 31 61
31 70 61
70 71 61
64 54 39
54 17 39
39 48 64
33 48 39
39 17 33
9 28 16
28 17 16
16 17 14
4 9 16
16 14 4
109 100 130
143 109 130
130 142 143
152 142 130
124 130 100
124 120 152
152 130 124
120 124 91
81 101 91
101 120 91
92 77 82
92 100 77
92 82 81
81 91 92
92 124 100
92 91 124
99 67 98
83 67 99
101 83 99
99 104 101
98 67 87
87 67 63
63 59 87
87 59 80
2009 1966 1994
1965 1966 1946
1946 1963 1965
1965 1994 1966
1939 1945 1956
1956 1965 1939
1939 1965 1963
1940 1934 1933
1933 1963 1940
1933 1939 1963
2054 2050 2039
2039 2053 2054
2054 2053 2057
2057 2072 2054
2062 2050 2054
2054 2072 2062
569 629 630
702 630 800
837 966 923
923 966 924
924 880 923
923 880 800
764 763 837
629 763 764
837 923 764
764 923 800
764 630 629
800 630 764
463 462 527
527 528 463
392 412 463
463 412 462
610 656 611
593 656 610
529 610 611
571 610 529
530 528 529
529 528 571
609 526 569
569 630 609
609 702 593
630 702 609
357 362 347
313 362 357
347 332 357
390 362 345
362 346 345
345 389 390
356 389 345
302 356 345
345 346 302
367 348 334
464 528 530
509 468 467
467 414 435
449 414 467
467 468 449
495 480 508
481 480 495
495 533 481
481 533 509
509 467 481
435 480 481
481 467 435
574 533 573
573 632 574
573 533 495
680 706 612
612 632 680
739 706 680
705 739 680
574 612 595
683 614 613
509 551 496
482 468 496
496 468 509
766 678 737
737 802 766
736 801 737
737 678 736
678 656 736
839 736 765
801 736 839
594 679 572
842 767 804
803 804 738
738 804 767
1102 971 970
970 927 1100
303 292 261
303 357 332
261 313 303
313 357 303
364 323 304
304 332 364
304 303 332
292 303 304
1132 1021 1102
1230 1202 1180
1230 1289 1265
1263 1229 1228
1228 1229 1179
1180 1229 1264
1264 1230 1180
1289 1230 1264
883 801 882
801 839 882
1535 1494 1534
1534 1494 1493
1575 1509 1593
1575 1510 1509
1374 1464 1349
1592 1573 1531
1531 1573 1465
1465 1464 1531
1531 1464 1490
1263 1311 1350
1350 1349 1399
1311 1349 1350
1372 1374 1373
1373 1309 1372
1374 1349 1373
1373 1349 1311
1310 1309 1373
1373 1311 1310
1314 1266 1265
1314 1352 1353
1466 1465 1507
1466 1443 1465
1444 1443 1466
1466 1508 1444
718 688 717
717 688 662
717 662 716
716 746 717
783 689 718
718 782 783
783 782 819
781 746 817
781 717 746
781 782 718
718 717 781
417 436 451
417 470 418
451 470 417
777 743 712
577 516 537
577 579 516
578 579 577
577 556 578
716 662 661
616 556 536
536 576 616
576 661 616
616 661 662
1967 1974 1978
1978 1988 1967
1967 1988 1968
1957 1974 1967
1967 1968 1957
1968 1988 1995
1989 1981 1995
1995 1981 1968
1995 2000 1989
1999 2000 1995
1995 1988 1999
1878 1893 1853
1853 1829 1878
1878 1829 1859
1859 1888 1878
2028 1993 2021
2006 1993 2028
2028 2021 2032
2030 2006 2028
2028 2038 2030
2032 2038 2028
2088 2080 2071
2091 2096 2088
2088 2092 2080
2096 2092 2088
2088 2070 2091
2071 2070 2088
2101 2098 2
2098 2106 2
2065 2070 2045
2065 2087 2070
2045 2061 2065
2065 2061 2068
2068 2069 2065
2069 2087 2065
1681 1703 1683
1715 1703 1702
1703 1681 1702
1724 1751 1725
1724 1750 1751
1696 1722 1756
1696 1675 1722
1641 1575 1593
1928 1924 1927
1927 1955 1928
1928 1955 1945
1894 1924 1928
2043 2033 2039
2039 2050 2043
2050 2055 2043
2003 1998 2007
2007 1998 2011
1856 1812 1844
1844 1870 1856
1868 1879 1906
1868 1860 1879
1907 1916 1899
1893 1878 1899
1899 1888 1907
1899 1878 1888
1909 1893 1908
1908 1916 1932
1893 1899 1908
1908 1899 1916
1932 1948 1908
1908 1948 1909
1923 1943 1938
1938 1959 1923
1972 1959 1938
1938 1991 1972
1828 1827 1859
1859 1852 1828
1827 1841 1851
1851 1867 1827
1876 1867 1851
1851 1866 1876
1851 1840 1866
1841 1840 1851
589 523 588
588 625 589
624 625 588
586 585 623
623 585 650
720 637 636
636 719 720
636 637 635
540 455 485
580 557 538
580 600 601
580 538 600
427 353 399
399 353 375
443 444 427
427 399 443
443 399 459
459 399 410
474 475 519
587 624 605
624 588 605
650 585 621
621 585 584
474 519 458
487 473 456
456 473 424
648 620 647
647 669 648
545 584 564
545 519 475
545 563 584
475 563 545
564 520 545
520 519 545
258 263 247
270 263 269
311 329 330
311 330 288
288 287 311
239 203 238
233 203 239
288 233 239
239 287 288
1587 1637 1608
1626 1607 1587
1587 1607 1637
1587 1586 1626
1587 1547 1586
1605 1621 1634
1582 1621 1605
1582 1605 1559
1666 1686 1651
1666 1650 1665
1651 1650 1666
1665 1685 1666
1685 1686 1666
1716 1743 1729
1728 1743 1716
1716 1685 1728
1716 1686 1685
1651 1686 1653
1687 1654 1653
822 948 906
562 563 561
584 563 562
562 621 584
620 621 562
645 668 647
645 644 643
722 668 693
823 865 789
789 752 823
748 749 664
641 664 665
664 749 665
721 663 720
720 747 721
873 828 872
757 795 726
757 828 795
1061 1011 961
1122 1093 1147
1169 1122 1147
1170 1122 1169
1147 1121 1146
1121 1145 1146
1325 1392 1326
1481 1480 1502
1480 1501 1502
1652 1653 1654
1651 1653 1652
1438 1488 1505
1504 1523 1488
1524 1547 1588
1588 1525 1524
1547 1587 1588
1608 1525 1588
1588 1587 1608
1505 1489 1418
1418 1438 1505
1396 1418 1367
1438 1418 1396
1419 1333 1347
1333 1332 1347
1440 1369 1420
1420 1368 1419
1419 1462 1420
1334 1368 1420
1420 1369 1334
1439 1462 1419
1419 1347 1439
1462 1439 1461
1461 1489 1526
1461 1439 1489
1440 1420 1527
1527 1420 1462
1590 1589 1638
1096 962 1064
962 921 1064
1198 1064 1149
1096 1064 1198
1669 1668 1688
1688 1689 1669
1706 1689 1688
1688 1668 1687
1191 1166 1190
1190 1215 1191
1245 1246 1247
1247 1191 1245
1245 1191 1215
1050 1051 1002
1343 1321 1360
1360 1361 1343
1388 1361 1360
1389 1361 1388
1361 1389 1362
1720 1709 1782
1673 1709 1720
1720 1657 1673
1657 1572 1673
1673 1572 1571
1552 1611 1592
1552 1531 1490
1592 1531 1552
1766 1783 1784
1766 1784 1712
1712 1694 1766
1766 1694 1736
1795 1821 1830
1795 1783 1821
1796 1784 1795
1784 1783 1795
1674 1694 1659
1659 1611 1674
1674 1611 1658
1736 1694 1674
1550 1572 1528
1550 1527 1570
1550 1570 1571
1571 1572 1550
1550 1528 1440
1440 1527 1550
1441 1398 1371
1371 1397 1441
1442 1398 1441
1721 1658 1591
1591 1710 1721
1287 1348 1260
1348 1335 1260
1261 1201 1260
1260 1335 1261
1175 965 1066
1066 1201 1175
1066 1016 1201
1066 965 836
732 922 963
963 922 1098
1225 1200 1199
1225 1332 1333
1225 1333 1258
1258 1200 1225
1199 1200 1126
1126 1098 1097
1126 1174 1098
1200 1174 1126
1717 1689 1706
1706 1771 1717
1764 1752 1707
1803 1752 1764
1707 1717 1764
1764 1717 1771
1764 1781 1803
1764 1771 1781
1730 1771 1706
1730 1729 1763
1817 1816 1857
1857 1863 1864
1837 1863 1857
1857 1816 1837
1633 1649 1665
1665 1650 1633
1633 1648 1649
1633 1650 1634
1634 1621 1633
1620 1648 1633
1633 1621 1620
1815 1814 1825
1825 1826 1815
1815 1826 1846
1846 1837 1815
1863 1871 1872
1864 1863 1872
1895 1880 1872
1872 1871 1895
1872 1865 1864
1880 1865 1872
1846 1826 1862
1862 1871 1846
1862 1845 1890
1826 1845 1862
1890 1886 1862
1886 1871 1862
1768 1789 1779
1655 1671 1690
1608 1637 1655
1707 1731 1670
1731 1671 1670
1670 1717 1707
1689 1717 1670
1847 1838 1817
1864 1858 1847
1847 1857 1864
1817 1857 1847
1754 1772 1791
1805 1754 1791
1791 1839 1805
1897 1896 1903
1897 1873 1896
1903 1920 1897
1897 1920 1913
1913 1898 1897
446 389 445
503 446 445
430 492 445
445 492 503
478 502 524
524 461 478
460 502 478
478 461 429
388 461 430
429 461 388
312 321 354
354 301 312
312 301 290
290 289 312
353 428 361
354 321 361
289 264 300
300 312 289
321 312 300
330 321 300
288 330 300
300 264 288
224 234 240
265 224 240
233 264 240
240 234 233
240 289 265
240 264 289
209 203 233
233 234 209
189 203 209
209 234 196
102 114 108
114 133 108
108 89 102
80 59 57
57 59 58
66 80 57
57 61 66
58 61 57
118 90 89
89 108 118
128 127 151
128 151 135
135 136 128
136 104 128
298 297 350
338 395 350
369 298 350
350 395 369
252 253 214
253 182 214
214 182 192
318 337 296
221 236 267
236 295 267
252 221 267
267 296 252
267 295 318
318 296 267
104 99 115
115 128 104
127 128 115
122 127 115
98 122 115
115 99 98
97 122 98
98 87 97
80 90 97
97 87 80
2008 1994 2003
2003 2007 2008
2008 2007 2012
2008 2012 2025
2008 2025 2009
2009 1994 2008
1973 1965 1956
1994 1965 1973
2003 1994 1973
1956 1985 1973
1973 1985 2003
1945 1939 1910
1894 1928 1910
1910 1928 1945
1939 1933 1910
1889 1933 1934
1900 1885 1889
1889 1934 1900
735 702 765
593 702 735
765 736 735
735 656 593
735 736 656
765 702 838
838 702 800
800 880 838
924 1017 925
925 880 924
570 609 593
526 609 570
593 610 570
570 610 571
570 571 527
527 526 570
366 334 324
366 367 334
324 358 366
378 367 366
393 379 348
348 367 393
377 366 358
378 366 377
465 378 402
402 494 465
378 377 402
402 377 464
402 464 530
530 494 402
448 333 392
392 463 448
448 463 528
528 464 448
777 712 813
507 531 594
465 494 507
507 494 531
612 706 659
659 595 612
596 551 574
574 595 596
482 496 511
803 766 840
840 766 802
840 804 803
841 804 840
678 766 703
703 766 803
803 738 703
703 738 679
881 839 765
765 838 881
881 838 880
881 925 968
880 925 881
842 804 885
885 804 841
531 494 549
549 529 611
530 529 549
549 494 530
594 572 550
550 507 594
508 507 550
658 680 632
705 680 658
704 572 679
679 738 704
705 658 704
704 658 572
704 767 705
704 738 767
805 768 842
1100 927 969
969 1099 1100
1020 1099 969
969 927 883
883 882 969
969 882 1020
928 885 841
928 970 971
927 970 928
323 314 293
293 304 323
293 305 272
314 305 293
272 292 293
292 304 293
1021 1132 1133
1103 1067 1133
1133 1067 1021
1133 1132 1152
1131 1132 1102
968 925 1018
1018 925 1017
926 882 839
839 881 926
1020 882 926
926 1019 1020
968 1019 926
926 881 968
1128 1179 1181
1181 1099 1128
1128 1099 1020
1020 1019 1128
1041 1040 1082
1080 1081 1037
1235 1266 1267
1266 1314 1267
1237 1291 1269
1268 1291 1237
1296 1297 1298
1386 1359 1358
1342 1359 1386
6 1044 1084
1600 1537 1556
1577 1595 1597
1554 1595 1577
1577 1535 1534
1534 1554 1577
1533 1554 1534
1534 1493 1533
1532 1553 1509
1507 1553 1532
1532 1466 1507
1508 1466 1532
1510 1575 1576
1576 1533 1510
1554 1533 1576
1614 1595 1576
1576 1595 1554
1399 1349 1423
1423 1349 1464
1423 1443 1399
1423 1464 1465
1465 1443 1423
1288 1264 1229
1288 1229 1263
1263 1350 1288
1444 1508 1467
1508 1468 1467
989 1044 899
817 746 780
744 743 777
988 897 987
987 897 943
988 987 1042
1042 987 1040
1041 1083 1042
1042 1040 1041
1038 1081 1039
1038 1037 1081
537 437 499
536 556 515
515 514 536
556 577 515
515 577 537
537 499 515
515 499 514
536 514 535
514 499 471
471 437 419
471 499 437
498 535 514
514 471 498
497 470 451
451 483 497
497 498 470
497 483 513
513 535 497
535 498 497
512 483 469
482 511 469
469 511 512
469 436 482
451 436 469
469 483 451
534 483 512
512 553 534
513 483 534
552 553 512
552 511 575
512 511 552
575 613 552
552 613 614
614 553 552
711 712 685
685 710 711
742 813 711
711 813 712
617 616 662
556 616 617
578 556 617
617 688 578
662 688 617
716 661 715
1683 1682 1680
1680 1681 1683
1750 1724 1749
1749 1724 1742
1725 1715 1723
1723 1724 1725
1715 1702 1723
1742 1724 1723
1700 1742 1723
1723 1702 1700
1737 1696 1756
1737 1785 1713
1675 1696 1629
1676 1641 1629
1613 1675 1629
1593 1613 1629
1629 1641 1593
1575 1641 1594
1614 1576 1594
1594 1576 1575
1885 1870 1843
1843 1869 1885
1906 1924 1883
1883 1868 1906
1842 1868 1883
1830 1860 1823
1860 1868 1823
1823 1868 1842
1810 1811 1809
2033 2043 2036
2012 2007 2036
2011 2033 2036
2036 2007 2011
2041 2012 2046
2046 2051 2041
2012 2036 2046
2046 2036 2043
2046 2055 2051
2046 2043 2055
1811 1775 1800
1800 1809 1811
1759 1775 1760
1760 1749 1759
1750 1749 1760
1801 1811 1810
1990 1938 1943
1990 1971 1997
1943 1971 1990
1991 1938 1990
1990 1997 2002
2002 1991 1990
1711 1658 1721
1711 1674 1658
1736 1674 1711
1820 1783 1794
1794 1766 1736
1783 1766 1794
670 623 650
670 671 694
649 671 670
672 694 726
726 651 672
672 670 694
623 670 672
586 623 604
604 651 587
604 672 651
623 672 604
820 747 784
455 438 422
421 453 422
422 407 421
422 438 407
454 485 455
455 422 454
454 422 453
454 453 472
472 557 454
557 485 454
539 485 557
557 580 539
603 644 583
583 582 603
643 644 603
501 443 459
520 521 500
488 519 520
488 458 519
488 500 442
520 500 488
487 517 518
560 582 542
542 518 517
542 582 583
583 518 542
541 517 540
560 542 541
541 542 517
440 517 487
487 456 440
540 517 440
439 456 423
423 456 424
866 825 824
650 621 622
622 648 649
622 621 620
620 648 622
649 670 622
622 670 650
753 669 722
722 825 753
1001 909 907
1049 1050 1001
1002 909 1001
1001 1050 1002
952 1004 1005
914 953 915
952 953 914
950 909 1002
263 258 282
282 269 263
259 237 248
259 277 237
278 311 287
1651 1652 1635
1634 1650 1635
1635 1650 1651
1542 1559 1517
1667 1716 1729
1686 1716 1667
1687 1653 1667
1667 1653 1686
996 995 1047
1047 947 996
997 947 1047
863 862 903
646 645 647
644 645 646
647 620 646
620 562 646
561 644 646
646 562 561
789 824 790
722 693 790
790 825 722
824 825 790
822 906 864
864 906 907
690 748 664
785 748 690
690 721 785
663 721 690
788 823 752
752 750 788
788 864 823
788 750 822
822 864 788
749 750 751
751 665 749
751 750 752
821 721 747
747 820 821
821 820 860
785 721 821
821 862 785
581 580 601
581 539 580
1120 1142 1089
1089 1058 1120
1090 1058 1089
1089 1142 1143
1144 1145 1090
1143 1167 1144
1144 1089 1143
1090 1089 1144
1091 1145 1121
1090 1145 1091
917 959 873
873 872 917
755 794 827
671 794 755
833 832 919
831 1011 919
919 832 831
920 834 876
876 834 833
1123 1122 1170
1170 1124 1123
1123 1124 1061
1253 1221 1252
1366 1325 1324
1392 1325 1366
1365 1366 1324
1391 1366 1365
1364 1365 1345
1391 1365 1364
1323 1282 1280
1345 1365 1323
1324 1282 1323
1323 1365 1324
1324 1325 1305
1305 1282 1324
1654 1668 1624
1624 1668 1625
1584 1585 1583
1584 1652 1654
1654 1624 1584
1584 1624 1585
1567 1586 1546
1546 1545 1567
1413 1364 1390
1391 1364 1413
1583 1543 1562
1565 1567 1545
1488 1438 1437
1437 1504 1488
1526 1506 1548
1506 1525 1548
1568 1525 1608
1568 1548 1525
1589 1548 1568
1460 1418 1489
1367 1418 1460
1489 1439 1460
1460 1347 1367
1460 1439 1347
1367 1347 1331
1331 1347 1332
1331 1332 1257
1569 1589 1590
1569 1548 1589
1569 1461 1526
1526 1548 1569
1590 1570 1549
1570 1527 1549
1549 1527 1462
1462 1461 1549
1549 1569 1590
1461 1569 1549
1590 1638 1628
1628 1570 1590
1628 1639 1571
1571 1570 1628
1692 1639 1656
1656 1691 1692
1639 1628 1656
1656 1628 1638
1656 1672 1691
1656 1638 1672
1173 1198 1149
1173 1256 1257
1149 1256 1173
1254 1221 1253
1255 1254 1307
1328 1394 1417
1705 1688 1687
1687 1667 1705
1705 1667 1729
1729 1730 1705
1706 1688 1705
1705 1730 1706
1217 1249 1218
1428 1389 1388
1453 1429 1428
1390 1362 1411
1411 1362 1389
1363 1362 1390
1390 1364 1363
1363 1364 1345
1792 1782 1746
1746 1782 1709
1746 1709 1719
1746 1765 1792
1719 1765 1746
1793 1782 1792
1827 1828 1793
1792 1841 1793
1793 1841 1827
1747 1793 1828
1782 1793 1747
1571 1639 1693
1693 1673 1571
1709 1673 1693
1693 1639 1719
1719 1709 1693
1530 1441 1397
1551 1657 1529
1529 1657 1710
1710 1591 1529
1529 1530 1397
1591 1530 1529
1529 1422 1551
1529 1397 1422
835 677 732
732 963 835
733 677 835
1098 1174 1065
1065 963 1098
1201 1016 1226
1226 1260 1201
1016 1065 1226
1226 1065 1174
1287 1260 1226
1259 1200 1258
1259 1174 1200
1258 1334 1259
1259 1334 1287
1287 1226 1259
1259 1226 1174
1150 1126 1097
1199 1126 1150
1150 1097 1096
1096 1198 1150
1150 1198 1199
1744 1730 1763
1771 1730 1744
1744 1770 1780
1763 1770 1744
1780 1781 1744
1781 1771 1744
1790 1815 1837
1814 1815 1790
1790 1816 1780
1837 1816 1790
1780 1770 1790
1770 1814 1790
1813 1789 1778
1789 1768 1778
1768 1761 1778
1727 1761 1768
1726 1761 1727
1728 1684 1727
1727 1684 1726
1779 1762 1769
1769 1768 1779
1769 1727 1768
1728 1727 1769
1769 1743 1728
1769 1762 1743
1637 1607 1636
1636 1655 1637
1689 1670 1636
1671 1655 1636
1636 1670 1671
1636 1607 1669
1669 1689 1636
1839 1791 1850
1840 1839 1850
1875 1866 1850
1866 1840 1850
1849 1838 1848
1848 1881 1849
1848 1847 1858
1838 1847 1848
1858 1873 1848
1873 1881 1848
1818 1791 1772
1818 1772 1849
1849 1881 1818
1818 1850 1791
1887 1881 1873
1873 1897 1887
1887 1897 1898
401 445 389
401 389 356
356 331 401
430 445 401
401 388 430
331 388 401
411 478 429
460 478 411
411 444 460
411 428 444
429 388 355
355 301 354
355 331 301
355 388 331
343 361 321
330 329 343
343 321 330
353 361 343
375 353 343
343 329 375
400 361 428
400 411 429
428 411 400
354 361 400
400 355 354
429 355 400
189 209 195
169 189 195
195 181 169
195 196 181
195 209 196
211 172 171
171 133 148
171 217 211
148 217 171
246 192 215
246 214 192
215 221 246
246 221 252
252 214 246
319 296 337
319 337 338
338 350 319
319 350 297
380 414 394
394 414 449
382 381 416
416 418 382
416 417 418
368 349 380
335 349 368
380 394 368
368 394 359
90 118 113
113 97 90
113 118 134
134 119 113
113 119 122
122 97 113
1918 1869 1894
1894 1910 1918
1885 1869 1918
1918 1889 1885
1918 1910 1933
1933 1889 1918
435 379 434
379 393 434
434 480 435
413 367 378
413 393 367
413 434 393
413 378 465
464 377 365
365 448 464
333 448 365
306 333 365
365 358 306
365 377 358
980 849 979
1026 1074 979
740 707 708
708 659 740
740 659 706
740 770 707
510 596 575
551 596 510
510 496 551
575 511 510
510 511 496
597 613 575
575 596 597
597 596 595
841 840 884
883 927 884
884 802 883
884 840 802
884 928 841
927 928 884
611 678 657
678 703 657
657 549 611
495 508 532
508 550 532
532 573 495
632 573 532
532 658 632
532 550 572
572 658 532
842 885 843
843 805 842
739 768 806
768 805 806
806 805 844
1152 1203 1204
1204 1134 1103
1103 1133 1204
1204 1133 1152
1103 1134 1135
1107 1069 1024
1022 1067 1104
1104 1105 1022
1104 1135 1105
1104 1067 1103
1103 1135 1104
1265 1266 1231
1231 1232 1202
1231 1230 1265
1202 1230 1231
1129 1232 1130
1129 1099 1181
1181 1202 1129
1202 1232 1129
1129 1130 1100
1100 1099 1129
1235 1203 1182
1182 1203 1152
1152 1132 1182
1132 1131 1182
1130 1232 1234
1234 1131 1130
1234 1182 1131
1235 1182 1234
1102 970 1101
1101 1131 1102
1130 1131 1101
1101 970 1100
1100 1130 1101
1151 1018 1228
1151 1228 1179
1151 1019 968
968 1018 1151
1179 1128 1151
1151 1128 1019
1228 1018 1178
1178 1310 1263
1263 1228 1178
1177 1310 1178
1178 1017 1177
1178 1018 1017
892 849 980
892 893 850
981 1030 982
982 1030 1031
1031 1032 982
1270 1238 1269
1270 1239 1206
1206 1238 1270
1271 1239 1270
1270 1293 1271
1317 1316 1356
1290 1314 1353
1290 1267 1314
1268 1267 1290
1269 1238 1205
1205 1237 1269
1203 1237 1205
1205 1204 1203
1236 1267 1268
1268 1237 1236
1236 1237 1203
1236 1203 1235
1235 1267 1236
1320 1359 1342
1359 1320 1341
1341 1297 1296
1341 1320 1297
1358 1359 1340
1359 1341 1340
1342 1386 1387
1475 1496 1497
1497 1496 1512
1358 1340 1357
1357 1340 1318
1474 1496 1475
1495 1496 1474
1449 1474 1475
1448 1474 1449
1495 1474 1473
1473 1474 1448
1385 1386 1358
1358 1357 1385
1426 1407 1425
1272 1239 1271
1271 1295 1272
1296 1298 1274
1274 1298 1275
1318 1295 1294
1293 1317 1294
1271 1293 1294
1294 1295 1271
1579 1600 1602
1537 1600 1579
1511 1496 1495
1511 1536 1556
1495 1536 1511
1556 1537 1511
1511 1537 1512
1512 1496 1511
1578 1599 1631
1578 1600 1556
1602 1600 1601
1601 1616 1602
1601 1578 1631
1600 1578 1601
1602 1616 1617
1617 1647 1618
1555 1536 1535
1535 1577 1555
1556 1536 1555
1597 1599 1555
1555 1577 1597
1555 1578 1556
1599 1578 1555
1597 1595 1596
1596 1595 1614
1492 1493 1469
1492 1533 1493
1510 1533 1492
1491 1468 1508
1508 1532 1491
1491 1532 1509
1509 1510 1491
1510 1492 1491
1491 1492 1468
1264 1288 1351
1351 1288 1350
1399 1400 1351
1351 1350 1399
1375 1402 1403
1403 1404 1375
1313 1314 1265
1352 1314 1313
1265 1289 1313
1289 1402 1313
1313 1375 1352
1402 1375 1313
1445 1404 1403
1445 1467 1468
1403 1467 1445
1469 1404 1445
1445 1492 1469
1468 1492 1445
1043 1084 1044
1044 989 1043
1083 1084 1043
1043 1042 1083
1043 989 988
988 1042 1043
943 897 857
714 686 743
743 744 714
714 715 686
1040 987 942
985 1038 942
942 987 943
452 471 419
418 470 452
470 498 452
452 498 471
452 405 418
419 405 452
555 615 576
555 576 536
555 535 513
536 535 555
634 660 615
598 634 615
598 553 614
1681 1680 1701
1700 1702 1701
1701 1702 1681
1713 1785 1767
1759 1749 1741
1741 1749 1742
1748 1757 1787
1759 1741 1748
1748 1741 1740
1739 1757 1748
1748 1740 1739
1679 1742 1700
1679 1741 1742
1740 1741 1679
1698 1676 1713
1676 1629 1697
1697 1629 1696
1696 1737 1697
1713 1676 1697
1697 1737 1713
1884 1924 1894
1884 1883 1924
1894 1869 1884
1807 1797 1796
1756 1797 1807
1773 1786 1785
1773 1798 1786
1773 1807 1798
1756 1807 1773
1773 1737 1756
1785 1737 1773
1831 1823 1842
1806 1807 1796
1823 1831 1806
1798 1807 1806
1806 1831 1798
1787 1800 1758
1758 1800 1775
1758 1775 1759
1758 1748 1787
1759 1748 1758
1809 1800 1799
1799 1800 1787
1750 1760 1788
1835 1777 1788
1777 1750 1788
1810 1843 1824
1824 1801 1810
1844 1801 1824
1870 1844 1824
1824 1843 1870
827 794 793
793 794 792
724 754 792
792 794 724
724 671 649
724 794 671
870 868 956
546 500 521
489 500 546
546 521 586
586 604 546
5 1045 991
860 820 901
643 603 642
642 603 582
477 501 459
489 501 477
442 500 477
477 500 489
443 501 490
490 491 444
444 443 490
522 501 489
522 490 501
374 398 410
375 328 374
374 399 375
374 410 399
410 398 426
459 410 426
442 477 426
426 477 459
487 518 543
543 473 487
543 475 474
474 473 543
561 563 544
583 561 544
544 518 583
544 543 518
544 563 475
475 543 544
485 539 559
540 485 559
559 541 540
560 541 559
486 456 439
486 440 456
439 438 486
486 438 455
486 455 540
540 440 486
792 754 826
825 866 791
791 753 825
754 753 791
791 826 754
1000 1001 907
907 906 1000
999 1049 1000
1049 1001 1000
1057 1058 1009
1120 1058 1057
1009 956 955
955 956 868
1006 953 952
952 1005 1006
1051 1052 1003
1004 950 1003
1002 1051 1003
1003 950 1002
1053 1005 1004
1004 1003 1053
1053 1003 1052
1053 1052 1085
909 950 910
370 339 383
383 407 370
340 385 386
386 341 340
248 223 254
254 223 270
254 259 248
270 269 254
269 276 254
268 282 258
284 276 283
283 341 284
340 341 283
255 278 287
255 239 238
287 239 255
238 237 255
237 277 255
277 278 255
1516 1502 1501
1516 1542 1517
1517 1518 1516
1582 1559 1558
1559 1542 1558
1604 1582 1558
1541 1604 1558
949 906 948
949 1000 906
949 1048 999
999 1000 949
905 948 822
862 863 786
786 748 785
785 862 786
749 748 786
861 902 903
903 862 861
861 821 860
862 821 861
823 864 908
865 823 908
907 909 908
908 864 907
908 910 865
909 910 908
639 690 664
663 690 639
691 751 752
665 751 691
539 581 558
558 559 539
558 602 618
558 581 602
558 618 560
560 559 558
1092 1091 1121
1092 960 959
1121 1093 1092
1093 960 1092
1090 1091 1059
1009 1058 1059
1059 1058 1090
1093 1122 1060
1060 960 1093
961 960 1060
1122 1123 1060
1060 1061 961
1060 1123 1061
873 959 918
959 960 918
918 874 873
918 875 874
961 875 918
918 960 961
756 755 827
827 871 756
756 871 872
756 872 828
828 757 756
726 694 725
725 757 726
694 671 725
671 755 725
725 756 757
755 756 725
833 919 1013
1013 876 833
1010 1124 1012
1061 1124 1010
1012 1013 1010
1010 1013 919
1011 1061 1010
1010 919 1011
1222 1148 1197
1223 1148 1222
1014 1013 1012
876 1013 1014
1280 1282 1281
1253 1252 1281
1281 1305 1253
1282 1305 1281
1170 1169 1195
1195 1252 1221
1169 1220 1195
1195 1220 1252
1301 1303 1302
1302 1300 1301
1302 1276 1300
1434 1433 1487
1486 1521 1487
1484 1520 1485
1485 1520 1486
1486 1487 1485
1485 1487 1433
1416 1433 1434
1434 1392 1416
1392 1366 1416
1391 1413 1414
1432 1456 1414
1414 1413 1432
1519 1520 1484
1543 1520 1519
1482 1456 1432
1431 1481 1482
1482 1432 1431
1585 1624 1606
1626 1586 1606
1606 1625 1626
1606 1624 1625
1622 1605 1634
1634 1635 1622
1561 1562 1543
1543 1519 1561
1561 1518 1517
1561 1519 1518
1623 1584 1583
1583 1562 1623
1623 1635 1652
1652 1584 1623
1623 1622 1635
1562 1622 1623
1522 1521 1545
1522 1545 1546
1546 1523 1522
1523 1504 1522
1417 1394 1435
1583 1585 1564
1486 1520 1563
1563 1565 1545
1545 1521 1563
1563 1521 1486
1609 1655 1690
1608 1655 1609
1609 1568 1608
1627 1638 1589
1589 1568 1627
1568 1609 1627
1672 1638 1627
1690 1672 1627
1627 1609 1690
1199 1198 1224
1198 1173 1224
1224 1225 1199
1332 1225 1224
1257 1332 1224
1224 1173 1257
1306 1254 1253
1306 1307 1254
1253 1305 1306
1306 1305 1325
1306 1325 1326
1326 1307 1306
1394 1328 1327
1326 1394 1327
1327 1307 1326
1255 1307 1327
1218 1193 1192
1192 1217 1218
1249 1217 1277
1276 1302 1277
1247 1276 1277
1410 1411 1389
1410 1428 1429
1389 1428 1410
1431 1432 1412
1390 1411 1412
1412 1413 1390
1432 1413 1412
1362 1363 1344
1301 1343 1344
1343 1361 1344
1361 1362 1344
1322 1363 1345
1322 1344 1363
1322 1303 1301
1301 1344 1322
1721 1710 1734
1734 1710 1720
1720 1782 1734
1782 1747 1734
1658 1611 1610
1611 1552 1610
1610 1591 1658
1610 1530 1591
1463 1552 1490
1441 1530 1463
1463 1610 1552
1530 1610 1463
1490 1442 1463
1442 1441 1463
964 835 963
964 1065 1016
963 1065 964
1016 1066 964
1850 1818 1874
1874 1887 1898
1874 1818 1881
1881 1887 1874
1874 1898 1875
1875 1850 1874
139 118 108
139 108 133
133 171 139
139 171 172
139 172 134
134 118 139
296 319 274
252 296 274
274 297 275
274 319 297
274 253 252
275 253 274
403 394 449
359 394 403
317 368 359
317 295 273
273 308 317
317 308 335
335 368 317
465 507 466
466 413 465
466 507 508
466 508 480
480 434 466
434 413 466
890 891 848
848 891 811
709 710 683
709 682 773
742 711 741
741 711 710
710 709 741
741 709 773
936 979 849
936 891 890
849 891 936
980 979 1027
1027 979 1074
1027 1074 1075
1114 1139 1115
1075 1074 1115
1244 1243 1275
595 659 681
681 597 595
681 659 708
708 682 681
631 703 679
631 657 703
631 679 594
594 531 631
531 549 631
549 657 631
739 806 769
770 740 769
769 706 739
769 740 706
807 806 844
807 846 770
770 769 807
807 769 806
770 846 808
771 707 808
707 770 808
808 809 771
1109 1107 1108
1069 1107 1109
978 936 890
978 1072 1026
1026 979 978
979 936 978
1111 1112 1071
1071 1025 1111
1072 1025 1071
1183 1135 1134
1068 1107 1024
1024 1023 1068
1022 1105 1068
1068 1023 1022
1233 1266 1235
1235 1234 1233
1233 1231 1266
1232 1231 1233
1233 1234 1232
812 891 849
849 892 812
811 891 812
812 892 850
1030 981 937
937 892 980
893 892 937
937 981 893
1292 1270 1269
1293 1270 1292
1269 1291 1292
1292 1291 1316
1316 1317 1292
1292 1317 1293
1134 1204 1153
1204 1205 1153
1153 1205 1238
1153 1238 1206
1206 1183 1153
1153 1183 1134
1162 1138 1161
1162 1139 1114
1114 1138 1162
1187 1213 1214
1033 1031 1078
1032 1031 1033
1032 1033 1079
1079 1034 1032
1035 1034 1079
1319 1340 1341
1319 1341 1296
1319 1295 1318
1318 1340 1319
1408 1387 1386
1386 1385 1408
1408 1385 1407
1409 1387 1408
1408 1426 1409
1408 1407 1426
1477 1497 1513
1513 1497 1512
1539 1540 1514
1426 1425 1451
1451 1425 1477
1382 1357 1339
1356 1382 1339
1339 1317 1356
1339 1357 1318
1318 1294 1339
1339 1294 1317
1495 1473 1472
1472 1536 1495
1535 1536 1472
1494 1535 1472
1448 1449 1406
1356 1316 1338
1407 1385 1384
1384 1382 1383
1384 1357 1382
1384 1385 1357
1477 1425 1476
1475 1497 1476
1476 1497 1477
1106 1068 1105
1107 1068 1106
1108 1107 1106
1106 1155 1108
1184 1155 1154
1154 1183 1184
1135 1183 1154
1155 1106 1154
1105 1135 1154
1154 1106 1105
1273 1272 1295
1273 1319 1296
1295 1319 1273
1241 1272 1273
1296 1274 1273
1273 1274 1241
1241 1274 1242
1275 1243 1242
1242 1274 1275
1206 1239 1207
1207 1209 1184
1207 1183 1206
1184 1183 1207
1208 1272 1241
1209 1207 1208
1239 1272 1208
1208 1207 1239
1156 1155 1184
1184 1209 1156
1108 1155 1156
1557 1540 1539
1557 1580 1540
1539 1513 1538
1538 1513 1512
1538 1557 1539
1579 1557 1538
1512 1537 1538
1537 1579 1538
1632 1617 1616
1647 1617 1632
1632 1680 1682
1682 1647 1632
1598 1599 1597
1597 1596 1598
1598 1596 1643
1631 1599 1598
1312 1351 1400
1312 1402 1289
1289 1264 1312
1264 1351 1312
858 859 819
819 782 858
943 857 856
856 857 817
817 780 856
780 816 856
855 816 815
815 895 855
778 714 744
745 780 746
745 746 716
716 715 745
715 714 745
939 1034 983
982 1032 939
1032 1034 939
814 744 777
1040 942 986
986 942 1038
986 1038 1039
1039 1082 986
986 1082 1040
615 555 554
554 598 615
513 534 554
554 555 513
554 534 553
553 598 554
685 712 713
713 712 743
713 634 685
660 634 713
743 686 713
686 660 713
576 615 687
615 660 687
687 661 576
687 715 661
686 715 687
687 660 686
684 598 614
634 598 684
685 634 684
684 710 685
684 614 683
683 710 684
1645 1601 1631
1616 1601 1645
1785 1786 1774
1774 1767 1785
1774 1799 1787
1786 1799 1774
1787 1757 1774
1757 1767 1774
1643 1677 1660
1676 1698 1642
1642 1641 1676
1642 1594 1641
1614 1594 1642
1713 1767 1738
1738 1698 1713
1714 1698 1738
1739 1714 1738
1738 1757 1739
1738 1767 1757
1643 1596 1615
1615 1677 1643
1615 1596 1614
1842 1883 1855
1883 1884 1855
1830 1823 1822
1823 1806 1822
1822 1806 1796
1796 1795 1822
1822 1795 1830
1809 1799 1808
1798 1831 1808
1786 1798 1808
1808 1799 1786
1776 1775 1811
1811 1801 1776
1776 1760 1775
1776 1788 1760
1802 1812 1835
1835 1788 1802
1788 1776 1802
1802 1844 1812
1802 1801 1844
1802 1776 1801
869 868 870
827 793 869
869 871 827
870 871 869
754 724 723
723 753 754
649 648 723
723 724 649
723 648 669
669 753 723
990 901 900
900 901 820
900 820 784
619 642 582
560 618 619
619 582 560
641 642 619
489 546 547
547 522 489
605 522 547
587 605 547
547 604 587
547 546 604
490 522 565
565 523 491
491 490 565
565 522 605
565 588 523
565 605 588
372 409 441
387 374 328
398 374 387
284 341 285
913 791 866
826 791 913
913 914 915
915 826 913
1120 1057 1088
1088 1057 1056
1056 1087 1088
1056 1057 1008
1008 1057 1009
1119 1087 1118
1119 1088 1087
1055 1087 1056
1118 1087 1055
911 824 865
865 910 911
911 866 824
384 370 407
384 438 439
407 438 384
385 370 384
286 254 276
259 254 286
286 276 284
1515 1516 1501
1542 1516 1515
1515 1501 1500
1515 1500 1541
1541 1558 1515
1515 1558 1542
1502 1516 1503
1503 1516 1518
1481 1502 1503
1503 1482 1481
998 947 997
997 1048 998
1048 949 998
948 947 998
998 949 948
863 905 787
787 786 863
822 750 787
787 905 822
787 750 749
749 786 787
904 863 903
904 905 863
904 947 948
948 905 904
945 1046 995
945 995 996
902 994 945
945 994 1046
602 639 640
618 602 640
640 664 641
640 639 664
641 619 640
640 619 618
663 639 638
638 639 602
637 663 638
601 637 638
638 581 601
602 581 638
692 691 752
692 752 789
789 790 692
692 790 693
667 645 643
667 692 693
691 692 667
668 645 667
667 693 668
641 665 666
665 691 666
666 642 641
643 642 666
666 667 643
691 667 666
1091 1092 958
958 1059 1091
959 917 958
958 1092 959
1221 1254 1196
1196 1254 1255
1196 1255 1222
1222 1197 1196
1170 1195 1171
1171 1195 1221
1171 1124 1170
1221 1196 1171
1171 1196 1197
1062 1197 1148
1012 1124 1062
1124 1171 1062
1062 1171 1197
1094 1014 1012
1012 1062 1094
1094 1062 1148
1149 1064 1095
1095 1064 921
1280 1281 1251
1251 1281 1252
1252 1220 1251
1147 1146 1194
1146 1193 1194
1194 1169 1147
1194 1220 1169
1304 1279 1303
1303 1322 1304
1304 1323 1280
1280 1279 1304
1345 1323 1304
1304 1322 1345
1457 1414 1456
1457 1485 1433
1457 1456 1484
1484 1485 1457
1433 1416 1415
1415 1457 1433
1414 1457 1415
1391 1414 1415
1415 1366 1391
1415 1416 1366
1585 1606 1566
1566 1564 1585
1565 1564 1566
1567 1565 1566
1586 1567 1566
1566 1606 1586
1560 1559 1605
1605 1622 1560
1517 1559 1560
1560 1622 1562
1560 1561 1517
1562 1561 1560
1436 1437 1417
1417 1435 1436
1504 1437 1436
1393 1435 1394
1393 1392 1434
1326 1392 1393
1393 1394 1326
1544 1563 1520
1544 1520 1543
1544 1564 1565
1565 1563 1544
1544 1543 1583
1583 1564 1544
1330 1396 1367
1330 1331 1257
1367 1331 1330
1395 1328 1417
1255 1327 1308
1308 1327 1328
1328 1395 1308
1308 1395 1284
1167 1192 1168
1168 1146 1145
1168 1193 1146
1168 1192 1193
1168 1144 1167
1145 1144 1168
1167 1166 1216
1216 1192 1167
1217 1192 1216
1166 1191 1216
1249 1277 1278
1278 1277 1302
1278 1302 1303
1303 1279 1278
1278 1279 1249
1411 1410 1430
1431 1412 1430
1430 1412 1411
1430 1455 1431
1429 1455 1430
1430 1410 1429
1735 1711 1721
1721 1734 1735
1736 1711 1735
1735 1794 1736
1735 1734 1747
733 835 879
835 964 879
879 734 733
836 734 879
879 1066 836
879 964 1066
450 403 449
449 468 450
450 468 482
482 436 450
404 416 381
359 403 404
417 416 415
403 450 415
416 404 415
415 404 403
436 417 415
415 450 436
295 317 336
336 317 359
318 295 336
336 381 318
336 404 381
359 404 336
890 848 847
847 935 890
889 935 847
847 809 889
771 809 810
809 847 810
810 847 848
773 682 772
771 810 772
772 682 708
772 707 771
708 707 772
775 741 773
742 741 775
1029 1027 1075
1075 1117 1029
1029 1117 1077
1116 1117 1075
1075 1115 1116
1116 1115 1139
597 681 633
633 681 682
613 597 633
682 709 633
683 613 633
633 709 683
929 928 971
885 928 929
929 843 885
929 930 843
972 971 1102
1102 1021 972
972 929 971
930 929 972
1022 1023 932
843 930 931
844 805 931
805 843 931
930 932 931
889 809 888
809 808 888
846 887 888
888 808 846
933 1023 1024
889 888 934
934 888 887
934 975 976
976 935 934
934 935 889
974 933 1024
887 933 974
1024 1069 974
1069 975 974
974 934 887
975 934 974
1111 1025 1070
1070 975 1069
1069 1109 1070
976 975 1070
1070 1025 976
977 1025 1072
1072 978 977
977 935 976
976 1025 977
890 935 977
977 978 890
1160 1188 1161
1161 1138 1160
1114 1115 1073
1026 1072 1073
1072 1071 1073
1073 1074 1026
1073 1115 1074
1113 1071 1112
1112 1160 1113
1113 1160 1138
1113 1138 1114
1114 1073 1113
1113 1073 1071
776 812 850
811 812 776
850 813 776
776 813 742
742 775 776
776 775 811
983 1034 1036
1036 1034 1035
1036 1035 1080
1080 1037 1036
1477 1513 1499
1499 1451 1477
1409 1426 1427
1426 1451 1427
1494 1472 1471
1471 1472 1473
1446 1493 1494
1494 1471 1446
1446 1471 1405
1469 1493 1446
1405 1471 1447
1447 1473 1448
1447 1471 1473
1448 1406 1380
1380 1447 1448
1356 1338 1381
1381 1338 1355
1381 1382 1356
1355 1380 1381
1381 1380 1406
1383 1382 1381
1381 1406 1383
1316 1291 1315
1315 1338 1316
1315 1291 1268
1424 1384 1383
1407 1384 1424
1424 1425 1407
1424 1476 1425
1212 1213 1187
1243 1244 1212
1212 1244 1213
1241 1242 1210
1210 1242 1243
1243 1212 1210
1603 1617 1618
1602 1617 1603
1603 1579 1602
1603 1557 1579
1401 1312 1400
1402 1312 1401
1401 1400 1444
1444 1467 1401
1401 1467 1403
1403 1402 1401
859 858 898
898 857 897
898 858 857
899 859 898
898 989 899
988 989 898
898 897 988
818 858 782
818 781 817
782 781 818
817 857 818
857 858 818
816 855 896
943 856 896
896 856 816
896 855 985
985 942 896
896 942 943
941 855 895
985 855 941
714 778 779
779 745 714
780 745 779
779 778 815
815 816 779
779 816 780
850 893 851
851 813 850
777 813 851
851 814 777
1662 1701 1680
1700 1701 1699
1699 1679 1700
1699 1660 1679
1701 1662 1699
1678 1660 1677
1739 1740 1678
1740 1679 1678
1679 1660 1678
1678 1714 1739
1678 1677 1714
1614 1642 1630
1630 1615 1614
1630 1698 1714
1630 1642 1698
1714 1677 1630
1677 1615 1630
1833 1855 1884
1869 1843 1833
1833 1884 1869
1833 1843 1810
1855 1833 1834
1810 1809 1834
1834 1833 1810
1842 1855 1832
1832 1831 1842
1832 1808 1831
1855 1834 1832
1809 1808 1832
1832 1834 1809
868 869 867
867 869 793
915 868 867
867 826 915
867 793 792
792 826 867
992 991 1045
990 991 992
992 901 990
1046 994 993
993 992 1045
994 992 993
860 901 944
944 994 902
901 992 944
944 992 994
944 861 860
902 861 944
371 409 372
341 386 371
372 441 425
398 387 425
442 426 476
476 426 398
476 441 458
398 425 476
476 425 441
476 488 442
458 488 476
457 409 424
457 441 409
458 441 457
474 458 457
457 473 474
424 473 457
327 278 277
1056 1008 1007
953 1006 1007
1007 1055 1056
1006 1055 1007
954 1008 955
954 955 868
953 1007 954
954 1007 1008
915 953 954
954 868 915
1140 1119 1163
1088 1119 1140
1163 1141 1140
1120 1088 1140
1141 1142 1140
1140 1142 1120
1118 1055 1086
1054 1006 1005
1054 1055 1006
1054 1053 1085
1005 1053 1054
1085 1086 1054
1054 1086 1055
866 911 912
952 914 912
912 913 866
914 913 912
951 910 950
951 911 910
951 950 1004
951 912 911
951 1004 952
952 912 951
408 386 385
385 384 408
439 423 408
408 384 439
284 285 309
309 286 284
309 327 277
277 259 309
259 286 309
340 283 352
352 385 340
1456 1482 1483
1482 1503 1483
1484 1456 1483
1483 1503 1518
1483 1519 1484
1518 1519 1483
946 904 903
903 902 946
996 947 946
947 904 946
946 945 996
902 945 946
1059 958 957
957 956 1009
1009 1059 957
1149 1095 1172
1172 1256 1149
1172 1285 1256
1223 1285 1172
1014 1094 1125
1125 1172 1095
1223 1172 1125
1148 1223 1125
1125 1094 1148
1063 921 920
1063 1095 921
920 876 1063
876 1014 1063
1014 1125 1063
1063 1125 1095
1249 1279 1250
1218 1249 1250
1250 1279 1280
1280 1251 1250
1459 1436 1435
1521 1522 1459
1459 1522 1504
1504 1436 1459
1256 1285 1286
1286 1285 1284
1257 1256 1286
1286 1330 1257
1346 1395 1417
1417 1437 1346
1438 1396 1346
1346 1437 1438
1284 1395 1329
1329 1286 1284
1330 1286 1329
1396 1330 1329
1329 1346 1396
1395 1346 1329
1284 1285 1283
1283 1308 1284
1283 1223 1222
1283 1285 1223
1222 1255 1283
1255 1308 1283
1217 1216 1248
1247 1277 1248
1248 1277 1217
1248 1191 1247
1248 1216 1191
1794 1735 1755
1755 1735 1747
1755 1852 1820
1820 1794 1755
1755 1828 1852
1755 1747 1828
774 775 773
773 772 774
774 772 810
811 775 774
774 848 811
774 810 848
1076 1077 1078
1076 1029 1077
1078 1031 1076
1076 1031 1030
1028 937 980
1030 937 1028
980 1027 1028
1027 1029 1028
1028 1076 1030
1029 1076 1028
930 972 973
973 932 930
1021 1067 973
973 972 1021
973 1067 1022
1022 932 973
845 887 846
845 933 887
845 807 844
846 807 845
1110 1112 1111
1110 1158 1112
1111 1070 1110
1110 1070 1109
1186 1158 1157
1498 1499 1513
1498 1513 1539
1539 1514 1498
1498 1514 1478
1478 1499 1498
1452 1427 1451
1452 1499 1478
1451 1499 1452
1352 1375 1376
1376 1375 1404
1353 1352 1376
1405 1377 1470
1470 1446 1405
1470 1376 1404
1377 1376 1470
1470 1404 1469
1469 1446 1470
1379 1380 1355
1447 1380 1379
1379 1377 1405
1405 1447 1379
1268 1290 1337
1337 1315 1268
1337 1290 1353
1476 1424 1450
1450 1449 1475
1475 1476 1450
1450 1424 1383
1383 1406 1450
1450 1406 1449
1209 1208 1240
1240 1208 1241
1241 1210 1240
1185 1156 1209
1157 1156 1185
1209 1240 1185
1185 1240 1210
1580 1557 1581
1557 1603 1581
1581 1603 1618
983 1036 984
984 941 983
984 1036 1037
985 941 984
984 1038 985
1037 1038 984
895 853 940
983 941 940
940 941 895
940 939 983
814 853 854
854 778 744
744 814 854
854 853 895
854 895 815
815 778 854
938 981 982
982 939 938
939 940 938
938 940 853
1646 1662 1680
1645 1662 1646
1616 1645 1646
1646 1632 1616
1680 1632 1646
1644 1598 1643
1631 1598 1644
1644 1645 1631
409 371 397
397 423 424
424 409 397
397 371 386
397 408 423
386 408 397
360 371 372
360 285 341
341 371 360
278 327 310
311 278 310
328 329 310
329 311 310
325 352 283
325 283 276
325 276 269
269 282 325
351 281 339
339 370 351
351 370 385
385 352 351
916 958 917
916 957 958
916 871 870
870 956 916
956 957 916
872 871 916
916 917 872
1220 1194 1219
1219 1251 1220
1219 1250 1251
1218 1250 1219
1219 1193 1218
1219 1194 1193
1458 1459 1435
1458 1393 1434
1435 1393 1458
1434 1487 1458
1458 1487 1521
1521 1459 1458
933 845 886
886 932 1023
1023 933 886
886 931 932
844 931 886
886 845 844
1158 1110 1136
1157 1158 1136
1136 1109 1108
1136 1110 1109
1108 1156 1136
1136 1156 1157
1158 1186 1137
1112 1158 1137
1137 1160 1112
1354 1379 1355
1315 1337 1354
1355 1338 1354
1338 1315 1354
1211 1210 1212
1211 1185 1210
1211 1212 1187
1187 1186 1211
1211 1186 1157
1157 1185 1211
893 981 894
981 938 894
894 851 893
1661 1699 1662
1661 1662 1645
1645 1644 1661
1660 1699 1661
1643 1660 1661
1661 1644 1643
285 360 326
326 309 285
327 309 326
352 325 320
268 281 320
282 268 320
320 325 282
281 351 320
320 351 352
1159 1186 1187
1159 1137 1186
1187 1214 1159
1159 1214 1188
1188 1160 1159
1160 1137 1159
1377 1379 1378
1379 1354 1378
1353 1376 1378
1378 1376 1377
1378 1337 1353
1378 1354 1337
852 938 853
852 894 938
852 853 814
814 851 852
851 894 852
373 326 360
373 360 372
372 425 373
373 425 387
342 310 327
327 326 342
328 310 342
342 387 328
342 373 387
326 373 342
*BOUNDARY
num-prescribed-disp: 0
node#-dof#-disp:
num-prescribed-load: 0
elem#-face#-trac:
