*PARAMETER
num-dim: 2
*MATPROP
b-plane-strain: 1
young's-modulus: 1000000000000.0
poisson's-ratio: 0.3
*NODE
num-node: 177
nodal-coord:
0.060000 0.010000
0.060000 -0.010000
0.060000 -0.005000
0.060000 -0.000000
0.060000 0.005000
0.060000 -0.007500
0.060000 -0.002500
0.060000 0.002500
0.060000 0.007500
0.000000 -0.010000
0.000000 0.010000
0.000000 0.005000
0.000000 0.000000
0.000000 -0.005000
0.000000 0.007500
0.000000 0.002500
0.000000 -0.002500
0.000000 -0.007500
0.005000 -0.010000
0.010000 -0.010000
0.015000 -0.010000
0.020000 -0.010000
0.025000 -0.010000
0.030000 -0.010000
0.035000 -0.010000
0.040000 -0.010000
0.045000 -0.010000
0.050000 -0.010000
0.055000 -0.010000
0.002500 -0.010000
0.007500 -0.010000
0.012500 -0.010000
0.017500 -0.010000
0.022500 -0.010000
0.027500 -0.010000
0.032500 -0.010000
0.037500 -0.010000
0.042500 -0.010000
0.047500 -0.010000
0.052500 -0.010000
0.057500 -0.010000
0.055000 0.010000
0.050000 0.010000
0.045000 0.010000
0.040000 0.010000
0.035000 0.010000
0.030000 0.010000
0.025000 0.010000
0.020000 0.010000
0.015000 0.010000
0.010000 0.010000
0.005000 0.010000
0.057500 0.010000
0.052500 0.010000
0.047500 0.010000
0.042500 0.010000
0.037500 0.010000
0.032500 0.010000
0.027500 0.010000
0.022500 0.010000
0.017500 0.010000
0.012500 0.010000
0.007500 0.010000
0.002500 0.010000
0.005000 0.005000
0.010000 0.005000
0.015000 0.005000
0.020000 0.005000
0.025000 0.005000
0.030000 0.005000
0.035000 0.005000
0.040000 0.005000
0.045000 0.005000
0.050000 0.005000
0.055000 0.005000
0.005000 0.000000
0.010000 0.000000
0.015000 0.000000
0.020000 0.000000
0.025000 0.000000
0.030000 -0.000000
0.035000 -0.000000
0.040000 -0.000000
0.045000 -0.000000
0.050000 -0.000000
0.055000 -0.000000
0.005000 -0.005000
0.010000 -0.005000
0.015000 -0.005000
0.020000 -0.005000
0.025000 -0.005000
0.030000 -0.005000
0.035000 -0.005000
0.040000 -0.005000
0.045000 -0.005000
0.050000 -0.005000
0.055000 -0.005000
0.002500 0.005000
0.005000 0.007500
0.007500 0.005000
0.010000 0.007500
0.012500 0.005000
0.015000 0.007500
0.017500 0.005000
0.020000 0.007500
0.022500 0.005000
0.025000 0.007500
0.027500 0.005000
0.030000 0.007500
0.032500 0.005000
0.035000 0.007500
0.037500 0.005000
0.040000 0.007500
0.042500 0.005000
0.045000 0.007500
0.047500 0.005000
0.050000 0.007500
0.052500 0.005000
0.055000 0.007500
0.057500 0.005000
0.002500 0.000000
0.005000 0.002500
0.007500 0.000000
0.010000 0.002500
0.012500 0.000000
0.015000 0.002500
0.017500 0.000000
0.020000 0.002500
0.022500 0.000000
0.025000 0.002500
0.027500 0.000000
0.030000 0.002500
0.032500 -0.000000
0.035000 0.002500
0.037500 -0.000000
0.040000 0.002500
0.042500 -0.000000
0.045000 0.002500
0.047500 -0.000000
0.050000 0.002500
0.052500 -0.000000
0.055000 0.002500
0.057500 -0.000000
0.002500 -0.005000
0.005000 -0.002500
0.007500 -0.005000
0.010000 -0.002500
0.012500 -0.005000
0.015000 -0.002500
0.017500 -0.005000
0.020000 -0.002500
0.022500 -0.005000
0.025000 -0.002500
0.027500 -0.005000
0.030000 -0.002500
0.032500 -0.005000
0.035000 -0.002500
0.037500 -0.005000
0.040000 -0.002500
0.042500 -0.005000
0.045000 -0.002500
0.047500 -0.005000
0.050000 -0.002500
0.052500 -0.005000
0.055000 -0.002500
0.057500 -0.005000
0.005000 -0.007500
0.010000 -0.007500
0.015000 -0.007500
0.020000 -0.007500
0.025000 -0.007500
0.030000 -0.007500
0.035000 -0.007500
0.040000 -0.007500
0.045000 -0.007500
0.050000 -0.007500
0.055000 -0.007500
*ELEMENT
num-elem: 48
num-elem-node: 8
elem-conn:
11 12 65 52 15 98 99 64
52 65 66 51 99 100 101 63
51 66 67 50 101 102 103 62
50 67 68 49 103 104 105 61
49 68 69 48 105 106 107 60
48 69 70 47 107 108 109 59
47 70 71 46 109 110 111 58
46 71 72 45 111 112 113 57
45 72 73 44 113 114 115 56
44 73 74 43 115 116 117 55
43 74 75 42 117 118 119 54
42 75 5 1 119 120 9 53
12 13 76 65 16 121 122 98
65 76 77 66 122 123 124 100
66 77 78 67 124 125 126 102
67 78 79 68 126 127 128 104
68 79 80 69 128 129 130 106
69 80 81 70 130 131 132 108
70 81 82 71 132 133 134 110
71 82 83 72 134 135 136 112
72 83 84 73 136 137 138 114
73 84 85 74 138 139 140 116
74 85 86 75 140 141 142 118
75 86 4 5 142 143 8 120
13 14 87 76 17 144 145 121
76 87 88 77 145 146 147 123
77 88 89 78 147 148 149 125
78 89 90 79 149 150 151 127
79 90 91 80 151 152 153 129
80 91 92 81 153 154 155 131
81 92 93 82 155 156 157 133
82 93 94 83 157 158 159 135
83 94 95 84 159 160 161 137
84 95 96 85 161 162 163 139
85 96 97 86 163 164 165 141
86 97 3 4 165 166 7 143
14 10 19 87 18 30 167 144
87 19 20 88 167 31 168 146
88 20 21 89 168 32 169 148
89 21 22 90 169 33 170 150
90 22 23 91 170 34 171 152
91 23 24 92 171 35 172 154
92 24 25 93 172 36 173 156
93 25 26 94 173 37 174 158
94 26 27 95 174 38 175 160
95 27 28 96 175 39 176 162
96 28 29 97 176 40 177 164
97 29 2 3 177 41 6 166
*BOUNDARY
num-prescribed-disp: 18
node#-dof#-disp:
1 1 0.0
1 2 0.0
2 1 0.0
2 2 0.0
3 1 0.0
3 2 0.0
4 1 0.0
4 2 0.0
5 1 0.0
5 2 0.0
6 1 0.0
6 2 0.0
7 1 0.0
7 2 0.0
8 1 0.0
8 2 0.0
9 1 0.0
9 2 0.0
num-prescribed-load: 0
elem#-face#-trac:
