2 5 137 12
5 6 138 137
6 7 139 138
7 8 140 139
8 9 141 140
9 10 142 141
10 11 143 142
11 1 136 143
12 137 144 13
137 138 145 144
138 139 146 145
139 140 147 146
140 141 148 147
141 142 149 148
142 143 150 149
143 136 135 150
13 144 151 14
144 145 152 151
145 146 153 152
146 147 154 153
147 148 155 154
148 149 156 155
149 150 157 156
150 135 134 157
14 151 158 15
151 152 159 158
152 153 160 159
153 154 161 160
154 155 162 161
155 156 163 162
156 157 164 163
157 134 133 164
15 158 165 16
158 159 166 165
159 160 167 166
160 161 168 167
161 162 169 168
162 163 170 169
163 164 171 170
164 133 132 171
16 165 172 17
165 166 173 172
166 167 174 173
167 168 175 174
168 169 176 175
169 170 177 176
170 171 178 177
171 132 131 178
17 172 179 18
172 173 180 179
173 174 181 180
174 175 182 181
175 176 183 182
176 177 184 183
177 178 185 184
178 131 130 185
18 179 186 19
179 180 187 186
180 181 188 187
181 182 189 188
182 183 190 189
183 184 191 190
184 185 192 191
185 130 129 192
19 186 193 20
186 187 194 193
187 188 195 194
188 189 196 195
189 190 197 196
190 191 198 197
191 192 199 198
192 129 128 199
20 193 200 21
193 194 201 200
194 195 202 201
195 196 203 202
196 197 204 203
197 198 205 204
198 199 206 205
199 128 127 206
21 200 207 22
200 201 208 207
201 202 209 208
202 203 210 209
203 204 211 210
204 205 212 211
205 206 213 212
206 127 126 213
22 207 214 23
207 208 215 214
208 209 216 215
209 210 217 216
210 211 218 217
211 212 219 218
212 213 220 219
213 126 125 220
23 214 221 24
214 215 222 221
215 216 223 222
216 217 224 223
217 218 225 224
218 219 226 225
219 220 227 226
220 125 124 227
24 221 228 25
221 222 229 228
222 223 230 229
223 224 231 230
224 225 232 231
225 226 233 232
226 227 234 233
227 124 123 234
25 228 235 26
228 229 236 235
229 230 237 236
230 231 238 237
231 232 239 238
232 233 240 239
233 234 241 240
234 123 122 241
26 235 242 27
235 236 243 242
236 237 244 243
237 238 245 244
238 239 246 245
239 240 247 246
240 241 248 247
241 122 121 248
27 242 249 28
242 243 250 249
243 244 251 250
244 245 252 251
245 246 253 252
246 247 254 253
247 248 255 254
248 121 120 255
28 249 256 29
249 250 257 256
250 251 258 257
251 252 259 258
252 253 260 259
253 254 261 260
254 255 262 261
255 120 119 262
29 256 263 30
256 257 264 263
257 258 265 264
258 259 266 265
259 260 267 266
260 261 268 267
261 262 269 268
262 119 118 269
30 263 270 31
263 264 271 270
264 265 272 271
265 266 273 272
266 267 274 273
267 268 275 274
268 269 276 275
269 118 117 276
31 270 277 32
270 271 278 277
271 272 279 278
272 273 280 279
273 274 281 280
274 275 282 281
275 276 283 282
276 117 116 283
32 277 284 33
277 278 285 284
278 279 286 285
279 280 287 286
280 281 288 287
281 282 289 288
282 283 290 289
283 116 115 290
33 284 291 34
284 285 292 291
285 286 293 292
286 287 294 293
287 288 295 294
288 289 296 295
289 290 297 296
290 115 114 297
34 291 298 35
291 292 299 298
292 293 300 299
293 294 301 300
294 295 302 301
295 296 303 302
296 297 304 303
297 114 113 304
35 298 305 36
298 299 306 305
299 300 307 306
300 301 308 307
301 302 309 308
302 303 310 309
303 304 311 310
304 113 112 311
36 305 312 37
305 306 313 312
306 307 314 313
307 308 315 314
308 309 316 315
309 310 317 316
310 311 318 317
311 112 111 318
37 312 319 38
312 313 320 319
313 314 321 320
314 315 322 321
315 316 323 322
316 317 324 323
317 318 325 324
318 111 110 325
38 319 326 39
319 320 327 326
320 321 328 327
321 322 329 328
322 323 330 329
323 324 331 330
324 325 332 331
325 110 109 332
39 326 333 40
326 327 334 333
327 328 335 334
328 329 336 335
329 330 337 336
330 331 338 337
331 332 339 338
332 109 108 339
40 333 340 41
333 334 341 340
334 335 342 341
335 336 343 342
336 337 344 343
337 338 345 344
338 339 346 345
339 108 107 346
41 340 347 42
340 341 348 347
341 342 349 348
342 343 350 349
343 344 351 350
344 345 352 351
345 346 353 352
346 107 106 353
42 347 354 43
347 348 355 354
348 349 356 355
349 350 357 356
350 351 358 357
351 352 359 358
352 353 360 359
353 106 105 360
43 354 361 44
354 355 362 361
355 356 363 362
356 357 364 363
357 358 365 364
358 359 366 365
359 360 367 366
360 105 104 367
44 361 368 45
361 362 369 368
362 363 370 369
363 364 371 370
364 365 372 371
365 366 373 372
366 367 374 373
367 104 103 374
45 368 375 46
368 369 376 375
369 370 377 376
370 371 378 377
371 372 379 378
372 373 380 379
373 374 381 380
374 103 102 381
46 375 382 47
375 376 383 382
376 377 384 383
377 378 385 384
378 379 386 385
379 380 387 386
380 381 388 387
381 102 101 388
47 382 389 48
382 383 390 389
383 384 391 390
384 385 392 391
385 386 393 392
386 387 394 393
387 388 395 394
388 101 100 395
48 389 396 49
389 390 397 396
390 391 398 397
391 392 399 398
392 393 400 399
393 394 401 400
394 395 402 401
395 100 99 402
49 396 403 50
396 397 404 403
397 398 405 404
398 399 406 405
399 400 407 406
400 401 408 407
401 402 409 408
402 99 98 409
50 403 410 51
403 404 411 410
404 405 412 411
405 406 413 412
406 407 414 413
407 408 415 414
408 409 416 415
409 98 97 416
51 410 417 52
410 411 418 417
411 412 419 418
412 413 420 419
413 414 421 420
414 415 422 421
415 416 423 422
416 97 96 423
52 417 424 53
417 418 425 424
418 419 426 425
419 420 427 426
420 421 428 427
421 422 429 428
422 423 430 429
423 96 95 430
53 424 431 54
424 425 432 431
425 426 433 432
426 427 434 433
427 428 435 434
428 429 436 435
429 430 437 436
430 95 94 437
54 431 438 55
431 432 439 438
432 433 440 439
433 434 441 440
434 435 442 441
435 436 443 442
436 437 444 443
437 94 93 444
55 438 445 56
438 439 446 445
439 440 447 446
440 441 448 447
441 442 449 448
442 443 450 449
443 444 451 450
444 93 92 451
56 445 452 57
445 446 453 452
446 447 454 453
447 448 455 454
448 449 456 455
449 450 457 456
450 451 458 457
451 92 91 458
57 452 459 58
452 453 460 459
453 454 461 460
454 455 462 461
455 456 463 462
456 457 464 463
457 458 465 464
458 91 90 465
58 459 466 59
459 460 467 466
460 461 468 467
461 462 469 468
462 463 470 469
463 464 471 470
464 465 472 471
465 90 89 472
59 466 473 60
466 467 474 473
467 468 475 474
468 469 476 475
469 470 477 476
470 471 478 477
471 472 479 478
472 89 88 479
60 473 480 61
473 474 481 480
474 475 482 481
475 476 483 482
476 477 484 483
477 478 485 484
478 479 486 485
479 88 87 486
61 480 487 62
480 481 488 487
481 482 489 488
482 483 490 489
483 484 491 490
484 485 492 491
485 486 493 492
486 87 86 493
62 487 494 63
487 488 495 494
488 489 496 495
489 490 497 496
490 491 498 497
491 492 499 498
492 493 500 499
493 86 85 500
63 494 501 64
494 495 502 501
495 496 503 502
496 497 504 503
497 498 505 504
498 499 506 505
499 500 507 506
500 85 84 507
64 501 508 65
501 502 509 508
502 503 510 509
503 504 511 510
504 505 512 511
505 506 513 512
506 507 514 513
507 84 83 514
65 508 515 66
508 509 516 515
509 510 517 516
510 511 518 517
511 512 519 518
512 513 520 519
513 514 521 520
514 83 82 521
66 515 522 67
515 516 523 522
516 517 524 523
517 518 525 524
518 519 526 525
519 520 527 526
520 521 528 527
521 82 81 528
67 522 529 68
522 523 530 529
523 524 531 530
524 525 532 531
525 526 533 532
526 527 534 533
527 528 535 534
528 81 80 535
68 529 536 69
529 530 537 536
530 531 538 537
531 532 539 538
532 533 540 539
533 534 541 540
534 535 542 541
535 80 79 542
69 536 543 70
536 537 544 543
537 538 545 544
538 539 546 545
539 540 547 546
540 541 548 547
541 542 549 548
542 79 78 549
70 543 71 3
543 544 72 71
544 545 73 72
545 546 74 73
546 547 75 74
547 548 76 75
548 549 77 76
549 78 4 77