*PARAMETER
num-dim: 2
*MATPROP
b-plane-strain: 0
young's-modulus: 30000000
poisson's-ratio: 0.3
density: 0.00073
beta1: 0.5
beta2: 0.33333333
dt: 0.01
nstp: 100
nprt: 20
nmod: 5
*NODE
num-node: 205
nodal-coord:
 30.000000 0.500000
 30.000000 -0.500000
 30.000000 -0.250000
 30.000000 -0.000000
 30.000000 0.250000
 0.000000 -0.500000
 0.000000 0.500000
 0.000000 0.250000
 0.000000 0.000000
 0.000000 -0.250000
 0.750000 -0.500000
 1.500000 -0.500000
 2.250000 -0.500000
 3.000000 -0.500000
 3.750000 -0.500000
 4.500000 -0.500000
 5.250000 -0.500000
 6.000000 -0.500000
 6.750000 -0.500000
 7.500000 -0.500000
 8.250000 -0.500000
 9.000000 -0.500000
 9.750000 -0.500000
 10.500000 -0.500000
 11.250000 -0.500000
 12.000000 -0.500000
 12.750000 -0.500000
 13.500000 -0.500000
 14.250000 -0.500000
 15.000000 -0.500000
 15.750000 -0.500000
 16.500000 -0.500000
 17.250000 -0.500000
 18.000000 -0.500000
 18.750000 -0.500000
 19.500000 -0.500000
 20.250000 -0.500000
 21.000000 -0.500000
 21.750000 -0.500000
 22.500000 -0.500000
 23.250000 -0.500000
 24.000000 -0.500000
 24.750000 -0.500000
 25.500000 -0.500000
 26.250000 -0.500000
 27.000000 -0.500000
 27.750000 -0.500000
 28.500000 -0.500000
 29.250000 -0.500000
 29.250000 0.500000
 28.500000 0.500000
 27.750000 0.500000
 27.000000 0.500000
 26.250000 0.500000
 25.500000 0.500000
 24.750000 0.500000
 24.000000 0.500000
 23.250000 0.500000
 22.500000 0.500000
 21.750000 0.500000
 21.000000 0.500000
 20.250000 0.500000
 19.500000 0.500000
 18.750000 0.500000
 18.000000 0.500000
 17.250000 0.500000
 16.500000 0.500000
 15.750000 0.500000
 15.000000 0.500000
 14.250000 0.500000
 13.500000 0.500000
 12.750000 0.500000
 12.000000 0.500000
 11.250000 0.500000
 10.500000 0.500000
 9.750000 0.500000
 9.000000 0.500000
 8.250000 0.500000
 7.500000 0.500000
 6.750000 0.500000
 6.000000 0.500000
 5.250000 0.500000
 4.500000 0.500000
 3.750000 0.500000
 3.000000 0.500000
 2.250000 0.500000
 1.500000 0.500000
 0.750000 0.500000
 0.750000 0.250000
 1.500000 0.250000
 2.250000 0.250000
 3.000000 0.250000
 3.750000 0.250000
 4.500000 0.250000
 5.250000 0.250000
 6.000000 0.250000
 6.750000 0.250000
 7.500000 0.250000
 8.250000 0.250000
 9.000000 0.250000
 9.750000 0.250000
 10.500000 0.250000
 11.250000 0.250000
 12.000000 0.250000
 12.750000 0.250000
 13.500000 0.250000
 14.250000 0.250000
 15.000000 0.250000
 15.750000 0.250000
 16.500000 0.250000
 17.250000 0.250000
 18.000000 0.250000
 18.750000 0.250000
 19.500000 0.250000
 20.250000 0.250000
 21.000000 0.250000
 21.750000 0.250000
 22.500000 0.250000
 23.250000 0.250000
 24.000000 0.250000
 24.750000 0.250000
 25.500000 0.250000
 26.250000 0.250000
 27.000000 0.250000
 27.750000 0.250000
 28.500000 0.250000
 29.250000 0.250000
 0.750000 0.000000
 1.500000 0.000000
 2.250000 0.000000
 3.000000 0.000000
 3.750000 0.000000
 4.500000 0.000000
 5.250000 0.000000
 6.000000 0.000000
 6.750000 0.000000
 7.500000 0.000000
 8.250000 0.000000
 9.000000 0.000000
 9.750000 0.000000
 10.500000 0.000000
 11.250000 0.000000
 12.000000 0.000000
 12.750000 0.000000
 13.500000 0.000000
 14.250000 0.000000
 15.000000 -0.000000
 15.750000 -0.000000
 16.500000 -0.000000
 17.250000 -0.000000
 18.000000 -0.000000
 18.750000 -0.000000
 19.500000 -0.000000
 20.250000 -0.000000
 21.000000 -0.000000
 21.750000 -0.000000
 22.500000 -0.000000
 23.250000 -0.000000
 24.000000 -0.000000
 24.750000 -0.000000
 25.500000 -0.000000
 26.250000 -0.000000
 27.000000 -0.000000
 27.750000 -0.000000
 28.500000 -0.000000
 29.250000 -0.000000
 0.750000 -0.250000
 1.500000 -0.250000
 2.250000 -0.250000
 3.000000 -0.250000
 3.750000 -0.250000
 4.500000 -0.250000
 5.250000 -0.250000
 6.000000 -0.250000
 6.750000 -0.250000
 7.500000 -0.250000
 8.250000 -0.250000
 9.000000 -0.250000
 9.750000 -0.250000
 10.500000 -0.250000
 11.250000 -0.250000
 12.000000 -0.250000
 12.750000 -0.250000
 13.500000 -0.250000
 14.250000 -0.250000
 15.000000 -0.250000
 15.750000 -0.250000
 16.500000 -0.250000
 17.250000 -0.250000
 18.000000 -0.250000
 18.750000 -0.250000
 19.500000 -0.250000
 20.250000 -0.250000
 21.000000 -0.250000
 21.750000 -0.250000
 22.500000 -0.250000
 23.250000 -0.250000
 24.000000 -0.250000
 24.750000 -0.250000
 25.500000 -0.250000
 26.250000 -0.250000
 27.000000 -0.250000
 27.750000 -0.250000
 28.500000 -0.250000
 29.250000 -0.250000
*ELEMENT
num-elem: 160
num-elem-node: 4
elem-conn:
7 8 89 88
88 89 90 87
87 90 91 86
86 91 92 85
85 92 93 84
84 93 94 83
83 94 95 82
82 95 96 81
81 96 97 80
80 97 98 79
79 98 99 78
78 99 100 77
77 100 101 76
76 101 102 75
75 102 103 74
74 103 104 73
73 104 105 72
72 105 106 71
71 106 107 70
70 107 108 69
69 108 109 68
68 109 110 67
67 110 111 66
66 111 112 65
65 112 113 64
64 113 114 63
63 114 115 62
62 115 116 61
61 116 117 60
60 117 118 59
59 118 119 58
58 119 120 57
57 120 121 56
56 121 122 55
55 122 123 54
54 123 124 53
53 124 125 52
52 125 126 51
51 126 127 50
50 127 5 1
8 9 128 89
89 128 129 90
90 129 130 91
91 130 131 92
92 131 132 93
93 132 133 94
94 133 134 95
95 134 135 96
96 135 136 97
97 136 137 98
98 137 138 99
99 138 139 100
100 139 140 101
101 140 141 102
102 141 142 103
103 142 143 104
104 143 144 105
105 144 145 106
106 145 146 107
107 146 147 108
108 147 148 109
109 148 149 110
110 149 150 111
111 150 151 112
112 151 152 113
113 152 153 114
114 153 154 115
115 154 155 116
116 155 156 117
117 156 157 118
118 157 158 119
119 158 159 120
120 159 160 121
121 160 161 122
122 161 162 123
123 162 163 124
124 163 164 125
125 164 165 126
126 165 166 127
127 166 4 5
9 10 167 128
128 167 168 129
129 168 169 130
130 169 170 131
131 170 171 132
132 171 172 133
133 172 173 134
134 173 174 135
135 174 175 136
136 175 176 137
137 176 177 138
138 177 178 139
139 178 179 140
140 179 180 141
141 180 181 142
142 181 182 143
143 182 183 144
144 183 184 145
145 184 185 146
146 185 186 147
147 186 187 148
148 187 188 149
149 188 189 150
150 189 190 151
151 190 191 152
152 191 192 153
153 192 193 154
154 193 194 155
155 194 195 156
156 195 196 157
157 196 197 158
158 197 198 159
159 198 199 160
160 199 200 161
161 200 201 162
162 201 202 163
163 202 203 164
164 203 204 165
165 204 205 166
166 205 3 4
10 6 11 167
167 11 12 168
168 12 13 169
169 13 14 170
170 14 15 171
171 15 16 172
172 16 17 173
173 17 18 174
174 18 19 175
175 19 20 176
176 20 21 177
177 21 22 178
178 22 23 179
179 23 24 180
180 24 25 181
181 25 26 182
182 26 27 183
183 27 28 184
184 28 29 185
185 29 30 186
186 30 31 187
187 31 32 188
188 32 33 189
189 33 34 190
190 34 35 191
191 35 36 192
192 36 37 193
193 37 38 194
194 38 39 195
195 39 40 196
196 40 41 197
197 41 42 198
198 42 43 199
199 43 44 200
200 44 45 201
201 45 46 202
202 46 47 203
203 47 48 204
204 48 49 205
205 49 2 3
*BOUNDARY
num-prescribed-disp: 10
node#-dof#-disp:
1 1 0.0
1 2 0.0
2 1 0.0
2 2 0.0
3 1 0.0
3 2 0.0
4 1 0.0
4 2 0.0
5 1 0.0
5 2 0.0
num-prescribed-load: 0
elem#-face#-trac:
