            10             2            15
           384           383           392
           322           329           323
           323           329           330
           330           329           337
           269           263           268
           238           233           232
           268           263           257
           105           106            99
           210           205           204
            10            15            16
            20            15             2
           424           423           432
           431           423           422
           431           440           432
           432           423           431
           331           323           330
           346           337           345
           330           337           346
           210           216           211
           211           205           210
           211           212           205
           211           218           212
           207           212           213
           212           218           213
           321           329           322
           321           328           329
           322           323           316
           227           221           226
           226           232           227
           227           232           233
           219           213           218
           268           257           256
           256           257           251
           239           233           238
           203           197           202
           203           208           209
           202           208           203
           155           160           161
           159           160           153
           153           158           159
           167           161           166
           166           161           160
           166           159           165
           160           159           166
           119           118           124
           136           137           131
           105            99           104
           104            99            98
            69            70            63
            65            70            71
            77            82            83
            76            70            69
            76            82            77
            77            71            76
            76            71            70
           413           414           406
           406           405           413
           421           414           413
           421           429           422
           422           414           421
           199           204           205
            10            16             9
            22            15            21
            22            16            15
            21            28            22
             8            20             2
            21            15            14
            15            20            14
            48            49            42
            29            28            34
            41            46            47
            44            37            43
            42            49            43
            42            43            36
            36            43            37
            38            37            44
            38            39            33
            44            39            38
            33            32            38
            32            31            38
            38            31            37
           202           195           201
           207           208           201
           201           208           202
           193           199           200
           200           201           195
           443           444           442
           400           399           408
           432           440             5
           444           436           427
           440           431           438
           422           429           430
           430           431           422
           430           438           431
           430           429           437
           437           438           430
           377           376           384
           336           337           329
           329           328           336
           332           331           339
           348           339           338
           338           339           331
           338           331           330
           330           346           338
           347           338           346
           347           356           348
           348           338           347
           226           221           220
           220           219           226
           213           219           220
           322           316           315
           323           331           324
           324           316           323
           324           331           332
           332           325           324
           255           248           254
           167           166           172
           172           166           165
           142           137           136
           142           143           137
           124           123           130
           136           131           130
           136           130           129
           129           130           123
           129           128           134
           123           128           129
           107           106           112
           112           106           105
           125           119           124
           124           130           125
           125           130           131
            89            83            88
            88            83            82
            88            82            81
            81            87            88
            97           104            98
           103           104            97
           100            99           106
            95           100           101
           101           106           107
           101           100           106
            58            59            53
            64            59            58
            64            63            70
            64            70            65
            65            59            64
            64            58            57
            57            63            64
            27            32            33
            33            34            27
            27            34            28
            27            28            21
           399           406           407
           416           408           407
           407           408           399
           407           406           414
           188           182           181
           193           192           198
           198           199           193
           204           199           198
           187           192           193
           187           188           181
           186           181           180
           186           187           181
           192           187           186
            23            28            29
            23            22            28
            24            31            25
            25            31            32
            13            14            20
            20             8            13
            57            58            51
            51            56            57
            40            39            46
            46            41            40
            33            39            40
            40            34            33
            35            40            41
            29            34            35
            34            40            35
            30            31            24
            30            36            37
            37            31            30
           206           199           205
           206           200           199
           205           212           206
           201           200           206
           206           212           207
           207           201           206
           400           408           401
           410           402           401
           384           392           385
           385           377           384
           386           377           385
           432             5           433
           433             5           439
           442           444           435
           444           427           435
           409           408           416
           410           401           409
           409           401           408
           398           406           399
           405           406           398
           391           399           400
           400           392           391
           391           398           399
           390           398           391
           391           392           383
           383           390           391
           359           368           360
           405           398           397
           397           398           390
           389           397           390
           382           390           383
           382           389           390
           345           337           344
           337           336           344
           372           363           340
           369           368           376
           376           377           369
           354           346           345
           354           347           346
           345           353           354
           354           353           362
           215           220           221
           328           321           327
           327           319           326
           294           288           287
           295           288           294
           268           256           262
           277           278           271
           266           259           265
           271           278           265
           265           264           271
           259           264           265
           275           274           282
           275           269           268
           282           283           276
           269           275           276
           276           275           282
           295           302           303
           303           302           310
           282           274           281
           287           288           281
           289           283           282
           282           281           289
           289           281           288
           244           239           238
           245           239           244
           167           172           173
           171           172           165
           178           171           177
           172           171           178
           179           173           178
           178           173           172
           202           197           196
           196           190           189
           196           195           202
           189           195           196
           141           146           147
           148           149           143
           143           142           148
           148           142           141
           141           147           148
           108           114           109
           109           103           108
           110           104           103
           103           109           110
           110           109           116
           105           104           110
           117           123           124
           124           118           117
           120           126           121
           135           129           134
           141           142           135
           135           142           136
           136           129           135
           118           119           113
           113           112           118
           107           112           113
            69            74            75
            81            82            75
            75            76            69
            82            76            75
            69            63            68
            68            74            69
           102            97            96
           108           103           102
           103            97           102
            99           100            93
            87            92            93
            98            99            93
            93            92            98
            94           100            95
            94            95            89
            89            88            94
            94            88            87
            87            93            94
            94            93           100
           415           407           414
           422           423           415
           415           414           422
           416           407           415
           415           424           416
           423           424           415
           138           133           132
           165           159           164
           164           159           158
           193           200           194
           194           187           193
           188           187           194
           189           188           194
           194           195           189
           194           200           195
           177           182           183
           182           188           183
           183           188           189
           189           190           183
            16            22            17
            22            23            17
            32            27            26
            26            25            32
            26            27            21
            21            14            26
            14            13            19
            19            26            14
            25            26            19
            52            51            58
            47            46            52
            52            53            47
            58            53            52
            56            51            50
            44            43            50
            49            56            50
            50            43            49
            46            39            45
            45            52            46
            51            52            45
            45            39            44
            44            50            45
            45            50            51
            78            73            72
            16            17            11
             3             9            11
            11             9            16
           393           385           392
           393           401           402
           393           392           400
           400           401           393
           387           395           396
           387           396           388
           403           395           402
           410           411           403
           403           402           410
           402           395           394
           394           393           402
           385           393           394
           386           385           394
           394           387           386
           395           387           394
           442           435           441
           376           368           367
           368           359           367
           389           382           381
           352           353           345
           345           344           352
           360           353           352
           335           336           328
           335           344           336
           361           353           360
           362           353           361
           360           368           361
           368           369           361
           386           387           379
           388           380           379
           379           387           388
           355           354           362
           362           363           355
           347           354           355
           355           372           364
           355           363           372
           364           356           355
           356           347           355
           220           215           214
           214           208           207
           209           208           214
           214           215           209
           207           213           214
           213           220           214
           314           321           322
           322           315           314
           306           270           313
           298           270           306
           295           294           301
           308           302           301
           301           302           295
           301           294           293
           284           292           285
           285           277           284
           278           277           285
           285           279           278
           310           318           311
           317           318           310
           316           324           317
           317           324           325
           325           318           317
           261           262           255
           280           279           287
           287           281           280
           280           281           274
           286           292           293
           287           279           286
           286           285           292
           279           285           286
           286           294           287
           293           294           286
           291           292           284
           247           253           254
           252           247           246
           253           247           252
           260           259           266
           260           253           259
           266           261           260
           260           261           255
           260           255           254
           254           253           260
           308           315           309
           309           302           308
           309           315           316
           310           302           309
           316           317           309
           309           317           310
           283           289           290
           296           303           297
           297           290           296
           296           290           289
           296           289           288
           296           288           295
           295           303           296
           251           245           250
           245           244           250
           250           256           251
           250           244           243
           248           243           242
           176           182           177
           177           171           176
           191           185           190
           191           196           197
           190           196           191
           190           185           184
           184           178           177
           179           178           184
           184           185           179
           177           183           184
           184           183           190
           155           149           154
           149           148           154
           154           160           155
           154           148           147
           153           160           154
           154           147           153
           122           117           116
           122           121           128
           122           128           123
           123           117           122
           111           117           118
           111           112           105
           118           112           111
           105           110           111
           111           110           116
           116           117           111
           128           121           127
           134           128           127
           127           133           134
           132           133           127
           127           126           132
           127           121           126
           140           146           141
           141           135           140
           140           135           134
           134           133           140
           150           145           144
           151           150           156
           145           150           151
            85            92            86
            86            87            81
            86            92            87
            84            90            85
            85            90            91
            91            97            98
            96            97            91
            91            90            96
            98            92            91
            91            92            85
            55            56            49
            73            74            67
            74            68            67
            67            72            73
            66            72            67
            62            63            57
            62            68            63
            57            56            62
            56            55            62
            24            25            18
            25            19            18
            49            48            54
            54            55            49
            55            54            60
           396           395           404
           395           403           404
           425           424           432
           432           433           425
           434           441           435
           434           425           433
           426           425           434
           434           435           427
           427           426           434
           434           433           439
           439           441           434
           410           409           418
           418           411           410
           375           383           384
           375           382           383
           384           376           375
           376           367           375
           382           375           374
           374           375           367
           351           359           360
           360           352           351
           328           327           334
           334           335           328
           334           327           326
           371           340           363
           380           340           371
           371           379           380
           313           270           305
           305           312           313
           313           312           320
           320           314           313
           319           327           320
           320           312           319
           320           327           321
           321           314           320
           313           314           307
           307           306           313
           307           315           308
           307           314           315
           293           292           299
           298           306           299
           299           291           298
           292           291           299
           304           303           310
           310           311           304
           297           303           304
           274           275           267
           267           275           268
           268           262           267
           262           261           267
           279           280           272
           266           265           272
           278           279           272
           272           265           278
           273           261           266
           266           272           273
           273           272           280
           273           280           274
           274           267           273
           273           267           261
           258           264           259
           259           253           258
           253           252           258
           249           250           243
           248           255           249
           249           243           248
           255           262           249
           249           262           256
           256           250           249
           224           219           218
           225           232           226
           226           219           225
           219           224           225
           225           224           230
           236           230           229
           229           228           234
           170           171           165
           170           176           171
           165           164           170
           176           170           169
           181           182           175
           182           176           175
           176           169           175
           180           181           175
           115           122           116
           121           122           115
           116           109           115
           120           121           115
           115           114           120
           115           109           114
           139           140           133
           144           145           139
           139           145           146
           146           140           139
           139           138           144
           133           138           139
           146           145           152
           145           151           152
           152           151           158
           152           147           146
           152           158           153
           153           147           152
           157           164           158
           158           151           157
           157           156           162
           157           151           156
            85            86            79
            79            73            78
            78            84            79
            79            84            85
            80            74            73
            73            79            80
            80            79            86
            80            86            81
            81            75            80
            80            75            74
             7             8             1
             7            13             8
            55            60            61
            61            67            68
            66            67            61
            61            60            66
            68            62            61
            61            62            55
           412           404           403
           411           420           412
           412           403           411
           417           425           426
           426           418           417
           417           418           409
           417           409           416
           416           424           417
           424           425           417
           411           418           419
           428           420           419
           419           420           411
           419           436           428
           419           427           436
           419           426           427
           419           418           426
           373           381           382
           382           374           373
           366           374           367
           366           367           359
           343           351           352
           343           352           344
           344           335           343
           379           371           378
           378           369           377
           378           377           386
           386           379           378
           370           361           369
           369           378           370
           370           378           371
           370           371           363
           370           363           362
           362           361           370
           306           307           300
           293           299           300
           300           299           306
           300           301           293
           308           301           300
           300           307           308
           238           232           231
           232           225           231
           231           230           236
           231           225           230
           246           247           241
           241           240           246
           241           247           254
           254           248           241
           248           242           241
           230           224           223
           223           229           230
           222           228           223
           228           229           223
           163           170           164
           163           169           170
           164           157           163
           163           168           169
           163           157           162
           162           168           163
            12            18            19
            12            19            13
            13             7            12
           365           373           374
           374           366           365
           365           366           357
           333           334           326
           236           242           237
           237           231           236
           237           242           243
           238           231           237
           237           244           238
           243           244           237
           240           241           235
           234           240           235
           235           229           234
           236           229           235
           235           242           236
           235           241           242
           217           224           218
           217           223           224
           218           211           217
           222           223           217
           217           211           216
           216           222           217
           169           168           174
           180           175           174
           174           175           169
           351           343           350
           342           350           343
           342           343           335
           333           341           342
           342           341           350
           335           334           342
           334           333           342
           351           350           358
           359           351           358
           357           366           358
           358           366           359
           350           341           349
           357           358           349
           349           358           350
