*PARAMETER
num-dim: 2
*MATPROP
b-plane-strain: 1
young's-modulus: 200.0
poisson's-ratio: 0.3
*NODE
num-node: 444
nodal-coord:
0.000000 -2.000000
0.000000 0.000000
0.000000 2.000000
60.000000 3.000000
60.000000 0.000000
60.000000 -3.000000
0.774574 -2.012910
0.000000 -1.075439
0.000000 1.315753
-0.000000 0.637766
0.852631 2.014211
1.646398 -2.027440
1.013356 -1.229084
1.585572 -0.410568
1.029367 0.381879
0.886594 1.192356
1.658864 2.027648
2.526986 -2.042116
2.005185 -1.205582
0.669686 -0.444306
2.034715 0.384715
1.746961 1.186788
2.469794 2.041163
3.413910 -2.056899
2.975910 -1.216088
2.540665 -0.407335
3.020170 0.394502
2.653529 1.199926
3.307262 2.055121
4.293130 -2.071552
3.935080 -1.225823
3.495891 -0.410348
3.987086 0.400459
3.581649 1.213934
4.170312 2.069505
5.153334 -2.085889
4.888958 -1.237209
4.448091 -0.414750
4.940295 0.403663
4.513702 1.227451
5.051665 2.084194
5.983508 -2.099725
5.841927 -1.254935
5.396217 -0.423249
5.882065 0.403589
5.442470 1.238915
5.943831 2.099064
6.771549 -2.112859
6.791263 -1.279549
6.338413 -0.435547
6.812265 0.406862
6.364808 1.250290
6.842263 2.114038
7.562528 -2.126042
7.737371 -1.275424
7.269384 -0.438559
7.736069 0.413695
7.282383 1.262127
7.744550 2.129076
8.391866 -2.139864
8.673367 -1.278681
8.200554 -0.430897
8.658633 0.424706
8.197417 1.274873
8.649587 2.144160
9.246488 -2.154108
9.597049 -1.287326
9.125914 -0.427546
9.577873 0.432439
9.112306 1.288329
9.556703 2.159278
10.117133 -2.168619
10.511487 -1.297616
10.044742 -0.428412
10.493204 0.437317
10.025842 1.299740
10.464203 2.174403
10.997618 -2.183294
11.419657 -1.308174
10.958201 -0.431204
11.404820 0.440929
10.937088 1.309919
11.371089 2.189518
11.884122 -2.198069
12.323678 -1.318552
11.867388 -0.434699
12.313186 0.443966
11.845892 1.319488
12.276885 2.204615
12.774308 -2.212905
13.224968 -1.328672
12.773229 -0.438420
13.218815 0.446729
12.752404 1.328713
13.181394 2.219690
13.666745 -2.227779
14.124441 -1.338547
13.676472 -0.442170
14.122179 0.449377
13.656864 1.337743
14.084578 2.234743
14.560546 -2.242676
15.022678 -1.348211
14.577706 -0.445858
15.023692 0.452001
14.559539 1.346667
14.986492 2.249775
15.455146 -2.257586
15.920041 -1.357702
15.477383 -0.449443
15.923701 0.454647
15.460691 1.355540
15.887239 2.264787
16.350178 -2.272503
16.816748 -1.367054
16.375847 -0.452916
16.822491 0.457339
16.360555 1.364396
16.786941 2.279782
17.245396 -2.287423
17.712928 -1.376296
17.273352 -0.456283
17.720285 0.460085
17.259337 1.373253
17.685721 2.294762
18.140623 -2.302344
18.608649 -1.385451
18.170076 -0.459554
18.617250 0.462886
18.157204 1.382122
18.583686 2.309728
19.035727 -2.317262
19.503937 -1.394537
19.066141 -0.462744
19.513507 0.465737
19.054289 1.391007
19.480927 2.324682
19.930599 -2.332177
20.398784 -1.403570
19.961620 -0.465866
20.409135 0.468632
19.950687 1.399908
20.377508 2.339625
20.825142 -2.347086
21.293164 -1.412559
20.856547 -0.468932
21.304176 0.471563
20.846462 1.408825
21.273472 2.354558
21.719266 -2.361988
22.187032 -1.421514
21.750929 -0.471953
22.198644 0.474525
21.741648 1.417754
22.168837 2.369481
22.612882 -2.376881
23.080332 -1.430442
22.644747 -0.474938
23.092530 0.477509
22.636252 1.426693
23.063600 2.384393
23.505901 -2.391765
23.973001 -1.439345
23.537967 -0.477896
23.985812 0.480510
23.530265 1.435638
23.957740 2.399296
24.398235 -2.406637
24.864974 -1.448227
24.430550 -0.480832
24.878457 0.483521
24.423658 1.444583
24.851221 2.414187
25.289797 -2.421497
25.756187 -1.457088
25.322451 -0.483749
25.770432 0.486536
25.316395 1.453526
25.743993 2.429067
26.180498 -2.436342
26.646585 -1.465925
26.213636 -0.486652
26.661712 0.489548
26.208435 1.462458
26.635989 2.443933
27.070248 -2.451171
27.536125 -1.474735
27.104092 -0.489542
27.552292 0.492547
27.099731 1.471371
27.527123 2.458785
27.958948 -2.465982
28.424789 -1.483509
27.993838 -0.492420
28.442196 0.495515
27.990238 1.480252
28.417276 2.473621
28.846478 -2.480775
29.312595 -1.492233
28.882956 -0.495293
29.331494 0.498420
28.879898 1.489074
29.306261 2.488438
29.732675 -2.495545
30.199619 -1.500892
29.771628 -0.498176
30.220319 0.501195
29.768634 1.497795
30.193778 2.503230
30.617282 -2.510288
31.086024 -1.509449
30.660198 -0.501103
31.108889 0.503753
30.656308 1.506341
31.079337 2.517989
31.499833 -2.524997
31.972059 -1.517710
31.549276 -0.504045
31.997555 0.506047
31.542676 1.514626
31.962143 2.532702
32.379395 -2.539657
32.858036 -1.526219
32.439926 -0.506991
32.886818 0.507490
32.427330 1.522561
32.840964 2.547349
33.254479 -2.554241
33.745289 -1.536002
33.333872 -0.512676
33.776794 0.500787
33.309377 1.528696
33.713445 2.561891
34.122565 -2.568709
34.636191 -1.549229
34.236360 -0.524572
34.669376 0.498977
34.184656 1.524658
34.573629 2.576227
34.979341 -2.582989
35.508379 -1.454649
35.149639 -0.499654
35.532214 0.684601
35.049725 1.585496
35.443099 2.590718
35.809802 -2.596830
36.278862 -1.804121
35.996868 -0.141400
36.492825 0.795681
35.976586 1.659362
36.322708 2.605378
36.765459 -2.612758
37.193203 -1.705314
36.479545 -0.910964
37.006894 -0.027406
36.954841 1.706805
37.183308 2.619722
37.670612 -2.627844
38.117552 -1.721501
37.534016 -0.837955
38.019522 0.031487
37.493954 0.871121
37.984967 2.633083
38.581294 -2.643022
39.049044 -1.736297
38.531581 -0.835377
38.501118 0.905292
37.973392 1.757189
38.777518 2.646292
43.855514 -2.730925
39.493561 -2.658226
39.506987 -0.848942
39.013740 0.036692
39.505787 0.897448
39.002519 1.757791
39.627531 2.660459
40.404211 -2.673404
39.985093 -1.753692
40.473490 -0.867065
39.999766 0.021942
40.493983 0.891784
40.000649 1.763626
40.504887 2.675081
41.306629 -2.688444
40.924436 -1.769417
41.432667 -0.879155
40.974974 0.011445
41.468203 0.892838
40.974912 1.772125
41.381537 2.689692
42.191109 -2.703185
41.864100 -1.781299
42.384460 -0.886705
41.940440 0.008678
42.433171 0.901249
41.937900 1.782800
42.237852 2.703964
43.046020 -2.717434
42.804032 -1.793559
43.328172 -0.899356
42.896300 0.009591
43.388859 0.915248
42.901031 1.800544
43.054097 2.717568
44.627804 -2.743797
43.749637 -1.814535
44.263406 -0.915997
43.838948 0.003537
44.327795 0.916219
43.870500 1.827142
43.824347 2.730406
45.412375 -2.756873
44.703251 -1.832897
45.186280 -0.904631
44.773167 0.002899
45.263626 0.916708
44.822341 1.821625
44.602171 2.743370
46.228570 -2.770476
45.627921 -1.808000
46.099772 -0.863820
45.712040 0.022640
46.199010 0.934629
45.753265 1.831001
45.425773 2.757096
47.084165 -2.784736
46.501394 -1.872592
46.929571 -1.044540
46.664540 0.058925
47.125363 1.020762
46.674879 1.868870
46.273512 2.771225
47.977908 -2.799632
47.430924 -1.933159
47.922251 -1.167205
47.429232 -0.361041
47.741934 0.413182
47.625273 1.915690
47.141361 2.785689
51.371029 2.856184
48.899162 -2.814986
48.409530 -1.980110
48.891401 -1.165005
48.388971 -0.348465
48.772140 0.457685
48.181851 1.199864
48.659252 1.988190
48.022281 2.800371
49.816630 -2.830277
49.376364 -1.985184
49.858275 -1.169292
49.352319 -0.345778
49.779456 0.454465
49.224194 1.242368
49.706002 2.019804
48.899312 2.814989
50.726192 -2.845437
50.338987 -1.997160
50.828985 -1.186933
50.325779 -0.360629
50.778733 0.433926
50.244233 1.237642
50.730434 2.016215
49.710050 2.828501
51.619562 -2.860326
51.308537 -2.013098
51.807285 -1.212530
51.305726 -0.386425
51.771385 0.407792
51.251500 1.220456
51.728227 2.020316
50.510912 2.841849
52.481950 -2.874699
52.292601 -2.034469
52.792321 -1.244151
52.288570 -0.416048
52.752544 0.390801
52.240331 1.209986
52.701977 2.028441
52.257660 2.870961
53.291849 -2.888197
53.292644 -2.068598
53.771196 -1.259982
53.265637 -0.434293
53.724121 0.384351
53.214709 1.207761
53.660891 2.038340
53.151034 2.885851
54.097387 -2.901623
54.293030 -2.070432
54.751654 -1.261340
54.239067 -0.441060
54.687954 0.387519
54.180347 1.212808
54.612635 2.050678
54.039443 2.900657
54.961996 -2.916033
55.286117 -2.082858
55.720636 -1.268336
55.211190 -0.437320
55.644136 0.398956
55.142155 1.225076
55.562206 2.067546
54.914502 2.915242
55.865232 -2.931087
56.273677 -2.101800
56.672755 -1.281846
56.176361 -0.437204
56.583514 0.408802
56.103876 1.245963
56.510408 2.095847
55.768632 2.929477
56.792704 -2.946545
57.266532 -2.125197
57.595549 -1.293197
57.135535 -0.437120
57.498121 0.427330
57.062891 1.269398
57.447310 2.114126
56.597242 2.943287
57.734897 -2.962248
58.274011 -2.107930
58.463526 -1.210094
58.091030 -0.405113
58.405879 0.388604
58.035398 1.255535
58.339756 2.106319
57.402739 2.956712
58.658798 -2.977647
59.255748 -2.526911
59.207329 -1.572267
59.112497 -0.533176
59.179722 0.356955
59.011858 1.251976
59.160277 2.127204
58.234825 2.970580
60.000000 -3.000000
60.000000 -1.979462
60.000000 0.798376
60.000000 -0.976345
60.000000 1.518431
60.000000 2.279250
60.000000 3.000000
59.099990 2.985000
*ELEMENT
num-elem: 733
num-elem-node: 3
elem-conn:
10 2 15
384 383 392
322 329 323
323 329 330
330 329 337
269 263 268
238 233 232
268 263 257
105 106 99
210 205 204
10 15 16
20 15 2
424 423 432
431 423 422
431 440 432
432 423 431
331 323 330
346 337 345
330 337 346
210 216 211
211 205 210
211 212 205
211 218 212
207 212 213
212 218 213
321 329 322
321 328 329
322 323 316
227 221 226
226 232 227
227 232 233
219 213 218
268 257 256
256 257 251
239 233 238
203 197 202
203 208 209
202 208 203
155 160 161
159 160 153
153 158 159
167 161 166
166 161 160
166 159 165
160 159 166
119 118 124
136 137 131
105 99 104
104 99 98
69 70 63
65 70 71
77 82 83
76 70 69
76 82 77
77 71 76
76 71 70
413 414 406
406 405 413
421 414 413
421 429 422
422 414 421
199 204 205
10 16 9
22 15 21
22 16 15
21 28 22
8 20 2
21 15 14
15 20 14
48 49 42
29 28 34
41 46 47
44 37 43
42 49 43
42 43 36
36 43 37
38 37 44
38 39 33
44 39 38
33 32 38
32 31 38
38 31 37
202 195 201
207 208 201
201 208 202
193 199 200
200 201 195
443 444 442
400 399 408
432 440 5
444 436 427
440 431 438
422 429 430
430 431 422
430 438 431
430 429 437
437 438 430
377 376 384
336 337 329
329 328 336
332 331 339
348 339 338
338 339 331
338 331 330
330 346 338
347 338 346
347 356 348
348 338 347
226 221 220
220 219 226
213 219 220
322 316 315
323 331 324
324 316 323
324 331 332
332 325 324
255 248 254
167 166 172
172 166 165
142 137 136
142 143 137
124 123 130
136 131 130
136 130 129
129 130 123
129 128 134
123 128 129
107 106 112
112 106 105
125 119 124
124 130 125
125 130 131
89 83 88
88 83 82
88 82 81
81 87 88
97 104 98
103 104 97
100 99 106
95 100 101
101 106 107
101 100 106
58 59 53
64 59 58
64 63 70
64 70 65
65 59 64
64 58 57
57 63 64
27 32 33
33 34 27
27 34 28
27 28 21
399 406 407
416 408 407
407 408 399
407 406 414
188 182 181
193 192 198
198 199 193
204 199 198
187 192 193
187 188 181
186 181 180
186 187 181
192 187 186
23 28 29
23 22 28
24 31 25
25 31 32
13 14 20
20 8 13
57 58 51
51 56 57
40 39 46
46 41 40
33 39 40
40 34 33
35 40 41
29 34 35
34 40 35
30 31 24
30 36 37
37 31 30
206 199 205
206 200 199
205 212 206
201 200 206
206 212 207
207 201 206
400 408 401
410 402 401
384 392 385
385 377 384
386 377 385
432 5 433
433 5 439
442 444 435
444 427 435
409 408 416
410 401 409
409 401 408
398 406 399
405 406 398
391 399 400
400 392 391
391 398 399
390 398 391
391 392 383
383 390 391
359 368 360
405 398 397
397 398 390
389 397 390
382 390 383
382 389 390
345 337 344
337 336 344
372 363 340
369 368 376
376 377 369
354 346 345
354 347 346
345 353 354
354 353 362
215 220 221
328 321 327
327 319 326
294 288 287
295 288 294
268 256 262
277 278 271
266 259 265
271 278 265
265 264 271
259 264 265
275 274 282
275 269 268
282 283 276
269 275 276
276 275 282
295 302 303
303 302 310
282 274 281
287 288 281
289 283 282
282 281 289
289 281 288
244 239 238
245 239 244
167 172 173
171 172 165
178 171 177
172 171 178
179 173 178
178 173 172
202 197 196
196 190 189
196 195 202
189 195 196
141 146 147
148 149 143
143 142 148
148 142 141
141 147 148
108 114 109
109 103 108
110 104 103
103 109 110
110 109 116
105 104 110
117 123 124
124 118 117
120 126 121
135 129 134
141 142 135
135 142 136
136 129 135
118 119 113
113 112 118
107 112 113
69 74 75
81 82 75
75 76 69
82 76 75
69 63 68
68 74 69
102 97 96
108 103 102
103 97 102
99 100 93
87 92 93
98 99 93
93 92 98
94 100 95
94 95 89
89 88 94
94 88 87
87 93 94
94 93 100
415 407 414
422 423 415
415 414 422
416 407 415
415 424 416
423 424 415
138 133 132
165 159 164
164 159 158
193 200 194
194 187 193
188 187 194
189 188 194
194 195 189
194 200 195
177 182 183
182 188 183
183 188 189
189 190 183
16 22 17
22 23 17
32 27 26
26 25 32
26 27 21
21 14 26
14 13 19
19 26 14
25 26 19
52 51 58
47 46 52
52 53 47
58 53 52
56 51 50
44 43 50
49 56 50
50 43 49
46 39 45
45 52 46
51 52 45
45 39 44
44 50 45
45 50 51
78 73 72
16 17 11
3 9 11
11 9 16
393 385 392
393 401 402
393 392 400
400 401 393
387 395 396
387 396 388
403 395 402
410 411 403
403 402 410
402 395 394
394 393 402
385 393 394
386 385 394
394 387 386
395 387 394
442 435 441
376 368 367
368 359 367
389 382 381
352 353 345
345 344 352
360 353 352
335 336 328
335 344 336
361 353 360
362 353 361
360 368 361
368 369 361
386 387 379
388 380 379
379 387 388
355 354 362
362 363 355
347 354 355
355 372 364
355 363 372
364 356 355
356 347 355
220 215 214
214 208 207
209 208 214
214 215 209
207 213 214
213 220 214
314 321 322
322 315 314
306 270 313
298 270 306
295 294 301
308 302 301
301 302 295
301 294 293
284 292 285
285 277 284
278 277 285
285 279 278
310 318 311
317 318 310
316 324 317
317 324 325
325 318 317
261 262 255
280 279 287
287 281 280
280 281 274
286 292 293
287 279 286
286 285 292
279 285 286
286 294 287
293 294 286
291 292 284
247 253 254
252 247 246
253 247 252
260 259 266
260 253 259
266 261 260
260 261 255
260 255 254
254 253 260
308 315 309
309 302 308
309 315 316
310 302 309
316 317 309
309 317 310
283 289 290
296 303 297
297 290 296
296 290 289
296 289 288
296 288 295
295 303 296
251 245 250
245 244 250
250 256 251
250 244 243
248 243 242
176 182 177
177 171 176
191 185 190
191 196 197
190 196 191
190 185 184
184 178 177
179 178 184
184 185 179
177 183 184
184 183 190
155 149 154
149 148 154
154 160 155
154 148 147
153 160 154
154 147 153
122 117 116
122 121 128
122 128 123
123 117 122
111 117 118
111 112 105
118 112 111
105 110 111
111 110 116
116 117 111
128 121 127
134 128 127
127 133 134
132 133 127
127 126 132
127 121 126
140 146 141
141 135 140
140 135 134
134 133 140
150 145 144
151 150 156
145 150 151
85 92 86
86 87 81
86 92 87
84 90 85
85 90 91
91 97 98
96 97 91
91 90 96
98 92 91
91 92 85
55 56 49
73 74 67
74 68 67
67 72 73
66 72 67
62 63 57
62 68 63
57 56 62
56 55 62
24 25 18
25 19 18
49 48 54
54 55 49
55 54 60
396 395 404
395 403 404
425 424 432
432 433 425
434 441 435
434 425 433
426 425 434
434 435 427
427 426 434
434 433 439
439 441 434
410 409 418
418 411 410
375 383 384
375 382 383
384 376 375
376 367 375
382 375 374
374 375 367
351 359 360
360 352 351
328 327 334
334 335 328
334 327 326
371 340 363
380 340 371
371 379 380
313 270 305
305 312 313
313 312 320
320 314 313
319 327 320
320 312 319
320 327 321
321 314 320
313 314 307
307 306 313
307 315 308
307 314 315
293 292 299
298 306 299
299 291 298
292 291 299
304 303 310
310 311 304
297 303 304
274 275 267
267 275 268
268 262 267
262 261 267
279 280 272
266 265 272
278 279 272
272 265 278
273 261 266
266 272 273
273 272 280
273 280 274
274 267 273
273 267 261
258 264 259
259 253 258
253 252 258
249 250 243
248 255 249
249 243 248
255 262 249
249 262 256
256 250 249
224 219 218
225 232 226
226 219 225
219 224 225
225 224 230
236 230 229
229 228 234
170 171 165
170 176 171
165 164 170
176 170 169
181 182 175
182 176 175
176 169 175
180 181 175
115 122 116
121 122 115
116 109 115
120 121 115
115 114 120
115 109 114
139 140 133
144 145 139
139 145 146
146 140 139
139 138 144
133 138 139
146 145 152
145 151 152
152 151 158
152 147 146
152 158 153
153 147 152
157 164 158
158 151 157
157 156 162
157 151 156
85 86 79
79 73 78
78 84 79
79 84 85
80 74 73
73 79 80
80 79 86
80 86 81
81 75 80
80 75 74
7 8 1
7 13 8
55 60 61
61 67 68
66 67 61
61 60 66
68 62 61
61 62 55
412 404 403
411 420 412
412 403 411
417 425 426
426 418 417
417 418 409
417 409 416
416 424 417
424 425 417
411 418 419
428 420 419
419 420 411
419 436 428
419 427 436
419 426 427
419 418 426
373 381 382
382 374 373
366 374 367
366 367 359
343 351 352
343 352 344
344 335 343
379 371 378
378 369 377
378 377 386
386 379 378
370 361 369
369 378 370
370 378 371
370 371 363
370 363 362
362 361 370
306 307 300
293 299 300
300 299 306
300 301 293
308 301 300
300 307 308
238 232 231
232 225 231
231 230 236
231 225 230
246 247 241
241 240 246
241 247 254
254 248 241
248 242 241
230 224 223
223 229 230
222 228 223
228 229 223
163 170 164
163 169 170
164 157 163
163 168 169
163 157 162
162 168 163
12 18 19
12 19 13
13 7 12
365 373 374
374 366 365
365 366 357
333 334 326
236 242 237
237 231 236
237 242 243
238 231 237
237 244 238
243 244 237
240 241 235
234 240 235
235 229 234
236 229 235
235 242 236
235 241 242
217 224 218
217 223 224
218 211 217
222 223 217
217 211 216
216 222 217
169 168 174
180 175 174
174 175 169
351 343 350
342 350 343
342 343 335
333 341 342
342 341 350
335 334 342
334 333 342
351 350 358
359 351 358
357 366 358
358 366 359
350 341 349
357 358 349
349 358 350
*BOUNDARY
num-prescribed-disp: 0
node#-dof#-disp:
num-prescribed-load: 0
elem#-face#-trac:
