        0.0000000000000000       -2.0000000000000000
        0.0000000000000000        2.0000000000000000
       60.0000000000000000       -3.0000000000000000
       60.0000000000000000        3.0000000000000000
       60.0000000000000000        0.0000000000000000
        0.0000000000000000        0.0000000000000000
        0.7746179849503790       -2.0131905521138416
        0.0000000000272783       -1.0754064779381214
        0.0000000000272345        1.3157376598327504
       -0.0000000000044670        0.6377606115847499
        0.8526148371967726        2.0144907404191472
        1.6464336085901856       -2.0277235039692432
        1.0132562240923302       -1.2292699265306679
        1.5856214613301152       -0.4106534650904238
        1.0294117533915605        0.3820013647823068
        0.8866147125270700        1.1925755653832240
        1.6589142241909440        2.0279315527457427
        2.5270307781551469       -2.0424028420061902
        2.0051295475263453       -1.2057778683821161
        0.6698045397840620       -0.4442612978172480
        2.0347221872463130        0.3847662093402057
        1.7470133521988331        1.1869832400161138
        2.4698795940020712        2.0414501458549155
        3.4139688167822140       -2.0571878807993151
        2.9759003158052617       -1.2162785249001808
        2.5406931286189178       -0.4074220206407256
        3.0201635031504055        0.3945455090714937
        2.6535597844501120        1.2001041619100710
        3.3073464583279613        2.0554105123417141
        4.2932060225054789       -2.0718445486502728
        3.9351054627591298       -1.2260108826470622
        3.4959158564298263       -0.4104290535280455
        3.9870780210981325        0.4005036904987805
        3.5816596266619474        1.2141051525135096
        4.1703790993000176        2.0697970540723953
        5.1534377564006641       -2.0861843999282281
        4.8890075283268324       -1.2373971401933548
        4.4481202056587312       -0.4148249943325800
        4.9402905915351241        0.4037106612570351
        4.5137018593688980        1.2276201445837203
        5.0517094822252577        2.0844886145831150
        5.9836562667059683       -2.1000239381256676
        5.8419896292375713       -1.2551201624595980
        5.3962499444058079       -0.4233188930340099
        5.8820656233251150        0.4036393556767471
        5.4424643317393508        1.2390844013314657
        5.9438544856740965        2.0993604521974816
        6.7717707313895614       -2.1131616122481245
        6.7913373278882023       -1.2797442257477760
        6.3384504109644135       -0.4356166912197423
        6.8122669152920725        0.4069180450684763
        6.3647994880266587        1.2504639241866191
        6.8422699837123977        2.1143368174150510
        7.5627512687030753       -2.1263470631369454
        7.7374112443665783       -1.2756316075616048
        7.2694175801971808       -0.4386213743469576
        7.7360739744787077        0.4137544470997985
        7.2823740591093449        1.2623046268816243
        7.7445449135256013        2.1293775184109505
        8.3920711384270152       -2.1401716212283581
        8.6734014705522320       -1.2788749609135315
        8.2005749161640047       -0.4309693646181059
        8.6586339737298470        0.4247616339785410
        8.1974075326980334        1.2750528552714750
        8.6495735157104470        2.1444641224477126
        9.2466645776609404       -2.1544174835068630
        9.5970863664027988       -1.2875122627607296
        9.1259325032723702       -0.4276125190596756
        9.5778731105254913        0.4324991224721629
        9.1122928415616347        1.2885099575417582
        9.5566827700494965        2.1595854104443091
       10.1172790159391379       -2.1689304118986823
       10.5115274515112915       -1.2977993116596915
       10.0447601863837406       -0.4284735110716840
       10.4932045986267291        0.4373804769316950
       10.0258285607126751        1.2999253831503033
       10.4641799212642930        2.1747131645887876
       10.9977358091450341       -2.1836074099273621
       11.4196981591980347       -1.3083569644209903
       10.9582211324349235       -0.4312634955621092
       11.4048218868961406        0.4409948907774635
       10.9370751439866929        1.3101070284499654
       11.3710645806625905        2.1898307086470656
       11.8842155540308525       -2.1983848091155069
       12.3237187119062312       -1.3187367475741807
       11.8674087711028129       -0.4347572945500406
       12.3131901606209588        0.4440331732870806
       11.8458814278236453        1.3196778551301218
       12.2768617350559328        2.2049301242655770
       12.7743808717348095       -2.2132236458266701
       13.2250050740652476       -1.3288589128530315
       12.7732499053554083       -0.4384783937863496
       13.2188203572408725        0.4467969194928343
       12.7523948847926665        1.3289055564485486
       13.1813725066117495        2.2200080961994844
       13.6668017128122372       -2.2281000815936665
       14.1244744213626490       -1.3387361125336645
       13.6764924449990222       -0.4422295201407371
       14.1221854640596653        0.4494456010184960
       13.6568573167665068        1.3379373084407449
       14.0845587120632079        2.2350639879429250
       14.5605890232582276       -2.2429992960695451
       15.0227071902942004       -1.3484026617209040
       14.5777247205764979       -0.4459177586404081
       15.0236990378202790        0.4520690997727538
       14.5595351652525729        1.3468627388005030
       14.9864749020395642        2.2500987088413265
       15.4551782461146558       -2.2579118782285468
       15.9200647623643672       -1.3578960409241663
       15.4774005672727366       -0.4495041536602594
       15.9237091332210365        0.4547154570164721
       15.4606884992818649        1.3557374546781107
       15.8872241905729634        2.2651139777801279
       16.3502018561709477       -2.2728317015157145
       16.8167675794239457       -1.3672503118745574
       16.3758631961864936       -0.4529788875006022
       16.8224992504230961        0.4574076044035819
       16.3605541141739721        1.3645946930539725
       16.7869285979748710        2.2801118288078217
       17.2454122155217036       -2.2877546378982898
       17.7129443710343395       -1.3764941909624426
       17.2733657557005138       -0.4563468053329732
       17.7202925468409127        0.4601539526319419
       17.2593366382021998        1.3734534339907789
       17.6857096775875888        2.2950942882186198
       18.1406338823860587       -2.3026777627140302
       18.6086625530807659       -1.3856509905274987
       18.1700883024119229       -0.4596193114720525
       18.6172575340236719        0.4629547365203028
       18.1572046395731910        1.3823236722555072
       18.5836763532553206        2.3100631716562701
       19.0357337779622959       -2.3175988576628583
       19.5039470523187184       -1.3947392311889706
       19.0661517121778168       -0.4628100203335116
       19.5135143842721241        0.4658058096845262
       19.0542898476147684        1.3912097575205367
       19.4809177939758200        2.3250199656358830
       19.9306026065309219       -2.3325161007816999
       20.3987922822976486       -1.4037734088557425
       19.9616291273355024       -0.4659325062836587
       20.4091414227519685        0.4687009057025677
       19.9506884075445683        1.4001125358954916
       20.3774999333298510        2.3399657692240372
       20.8251434604738321       -2.3474278766443755
       21.2931702224068715       -1.4127647191129824
       20.8565555189271166       -0.4689992247824702
       21.3041816280755469        0.4716329518599423
       20.8464635192144350        1.4090307146460339
       21.2734645375351690        2.3549012786532906
       21.7192651618697994       -2.3623326653373509
       22.1870363966658779       -1.4217216617784996
       21.7509359055710156       -0.4720210736263021
       22.1986491152229561        0.4745947975653922
       21.7416490440745029        1.4179617245750509
       22.1688301245225183        2.3698268026129798
       22.6128787196343737       -2.3772289834011322
       23.0803348192689128       -1.4306504857657851
       22.6447527263040591       -0.4750072727475410
       23.0925356816945886        0.4775795848946099
       22.6362538077486306        1.4269022334810948
       23.0635940997090927        2.3847422978520445
       23.5058957872938024       -2.3921153581217318
       23.9730025212977864       -1.4395554495099725
       23.5379728315474637       -0.4779653651281268
       23.9858175730224943        0.4805808864048766
       23.5302663992852885        1.4358484096125719
       23.9577355338558853        2.3996474155080554
       24.3982282422503793       -2.4069903205171261
       24.8649740126223691       -1.4484388875978123
       24.4305545536017625       -0.4809012417827479
       24.8784626669582423        0.4835926270066279
       24.4236602659954514        1.4447959754036590
       24.8512179197292333        2.4145415469459066
       25.2897880821744003       -2.4218524036101372
       25.7561859368655242       -1.4573010899029273
       25.3224553794103358       -0.4838191828288396
       25.7704383167971720        0.4866086808187813
       25.3163987923560789        1.4537399740623478
       25.7439908390204160        2.4294238517941027
       26.1804867931199539       -2.4367001318950767
       26.6465822809601427       -1.4661400011490937
       26.2136409559824806       -0.4867220150332653
       26.6617201469777214        0.4896218552572923
       26.2084398090165749        1.4626741087532837
       26.6359890359787279        2.4442932421701604
       27.0702330965659073       -2.4515319837814782
       27.5361208747299280       -1.4749507414120089
       27.1040966363607509       -0.4896116249546669
       27.5523022219147009        0.4926217635501662
       27.0997385748164419        1.4715893287387485
       27.5271263847012548        2.4591482824388549
       27.9589274417366198       -2.4663462997824386
       28.4247825352700332       -1.4837249033533615
       27.9938437000469946       -0.4924901651632433
       28.4422092351513776        0.4955908305987121
       27.9902476865627783        1.4804712035394787
       28.4172812287559751        2.4739869445966551
       28.8464501673451537       -2.4811410851908371
       29.3125849080937435       -1.4924498379393782
       28.8829639182389535       -0.4953627739924058
       29.3315115116612475        0.4984960521093637
       28.8799114890068651        1.4892952769958552
       29.3062678487931407        2.4888061327644011
       29.7326368083735382       -2.4959135983642566
       30.1996036239105941       -1.5011092401930926
       29.7716388065740105       -0.4982446736738298
       30.2203436304155844        0.5012721365518652
       29.7686506195677936        1.4980172498211786
       30.1937861298499861        2.5036008440497324
       30.6172269677950126       -2.5106594985995723
       31.0860005617795210       -1.5096661237715994
       30.6602141180085042       -0.5011710211985930
       31.1089249841767312        0.5038301982455143
       30.6563284925872210        1.5065647354416680
       31.0793425614654133        2.5183628518047354
       31.4997526601947833       -2.5253709846783701
       31.9720158062492672       -1.5179225375112029
       31.5493011010143576       -0.5041103662844615
       31.9976105426126516        0.5061264764005574
       31.5427008011787109        1.5148503248972520
       31.9621432271841179        2.5330789216209881
       32.3792736718881642       -2.5400323834822354
       32.8579472793640548       -1.5264256592767831
       32.4399671884380965       -0.5070470095005563
       32.8869156164660694        0.5075775367741154
       32.4273598134585868        1.5227848345855448
       32.8409531608161487        2.5477284669174174
       33.2542950900402232       -2.5546187751435903
       33.7450950761031550       -1.5361914312423981
       33.3339434392420344       -0.5127221030705248
       33.7769750352971982        0.5008488413456602
       33.3094175007616258        1.5289295590739427
       33.7134194299575540        2.5622722643114972
       34.1222946941531546       -2.5690881149028830
       34.6357516582040788       -1.5494743828962652
       34.2365173618684437       -0.5246258086931435
       34.6697979677209673        0.4986839086343863
       34.1847006118077701        1.5247077783052334
       34.5735175110945931        2.5766098881738100
       34.9790146157088344       -2.5833694251420245
       35.5078459435370704       -1.4563960987688094
       35.1501330980143933       -0.5005751373429286
       35.5323137459804599        0.6856123329930269
       35.0496033641856997        1.5859017105433881
       35.4430254006559480        2.5911043705982708
       35.8094382812507703       -2.5972123830715894
       36.2789139093647961       -1.8042178026509179
       35.9965661215452712       -0.1402917467952067
       36.4931060761505890        0.7962289800182706
       35.9767515103755144        1.6599543461166910
       36.3227335087349203        2.6057688881744903
       36.7649567191305451       -2.6131406400765793
       37.1927645449939135       -1.7052972266822892
       36.4783458628351838       -0.9107676032902646
       37.0066756102431498       -0.0273729890030929
       36.9551532415837727        1.7071860799336860
       37.1833018712186671        2.6201143509420950
       37.6698739413197927       -2.6282253875368875
       38.1171006231842995       -1.7216732818451554
       37.5334048448769195       -0.8380104849731906
       38.0194674613002306        0.0313764726421613
       37.4941645081652624        0.8712146850883059
       37.9848463071354985        2.6334758993393756
       38.5803343923788233       -2.6434025391575826
       39.0487171911761735       -1.7364518281411643
       38.5313411114887714       -0.8355144264476340
       38.5013041087958143        0.9052848528135755
       37.9736607561651738        1.7574638936027642
       38.7774008829048853        2.6466875890634172
       43.8444709213136292       -2.7311543993826426
       39.4922495522090458       -2.6586039404131796
       39.5070805274937911       -0.8490573339843335
       39.0138797052504813        0.0365656868225238
       39.5060364630574057        0.8974035495772968
       39.0027152151856313        1.7579516369794923
       39.6274160411822578        2.6608571325292631
       40.4023098447161289       -2.6737744214861445
       39.9849503875182606       -1.7538093480690691
       40.4739406005679356       -0.8671996701394489
       40.0001577520591240        0.0218108448932682
       40.4943404748163829        0.8916960056652993
       40.0007912610747738        1.7637635166245587
       40.5046743562105434        2.6754808127059282
       41.3037488154795369       -2.6888011872804785
       40.9245848471196112       -1.7695276454974729
       41.4335508422719840       -0.8794324123931062
       40.9756652261119569        0.0112145569643470
       41.4686681405040005        0.8925928065413337
       40.9750092346912069        1.7722064121082532
       41.3811148362672157        2.6900908598134587
       42.1866295985434832       -2.7035185926044258
       41.8647542984696841       -1.7815228873427975
       42.3858764433528492       -0.8873728044566741
       41.9414642043620702        0.0081748717849859
       42.4336657544820071        0.9007340437301208
       41.9378783527091130        1.7827680419518572
       42.2370635668864409        2.7043593144557061
       43.0389753363299761       -2.7177269862727567
       42.8055456481299359       -1.7942142586138505
       43.3301367379516691       -0.9007512944627462
       42.8976046006393972        0.0086060646524480
       43.3890967104520513        0.9148479127108000
       42.9007242054137663        1.8005649797569454
       43.0528582019784309        2.7179584102157563
       44.6163327851852358       -2.7440211466902671
       43.7523572649794232       -1.8163589074805537
       44.2650642608931904       -0.9158183428142163
       43.8401113077018465        0.0031757385427694
       44.3279801874257373        0.9164015468569020
       43.8699028826854729        1.8271737576029978
       43.8229344234070695        2.7307953912439253
       45.4044879794068521       -2.7571594998396201
       44.7059418795274226       -1.8310093616343868
       45.1884064491466830       -0.9029164506041220
       44.7744511903879641        0.0036619291079378
       45.2640312890658336        0.9173434590024605
       44.8216414676505082        1.8220318116559635
       44.6008376034457470        2.7437628458399224
       46.2227187631648917       -2.7707992055114499
       45.6290425618885180       -1.8071856937426245
       46.1017600285121318       -0.8636128205476795
       45.7137388848511179        0.0235437751026490
       46.1997514092490817        0.9344218337937894
       45.7526967170159082        1.8311494829315009
       45.4245709745079296        2.7574942783679521
       47.0806520506283590       -2.7851007421725948
       46.5014867936211402       -1.8741755460476590
       46.9303423037401046       -1.0485666086756966
       46.6662299833300409        0.0573284391537054
       47.1246725081496862        1.0217132006935039
       46.6739780569603013        1.8696513007872069
       46.2723620580588531        2.7716267470217755
       47.9768184170050773       -2.8000396148764812
       47.4323883118474043       -1.9354829796746258
       47.9256565363456417       -1.1722985027063038
       47.4302318732524881       -0.3688682871814807
       47.7386436138666710        0.4095540684523566
       47.6245388423823144        1.9166798384600343
       47.1405807528489262        2.7860997389237556
       51.3713091142596596        2.8566249392857790
       48.9000099470531069       -2.8154289904223524
       48.4132645621331577       -1.9824344571494732
       48.8943217095833731       -1.1655893464598324
       48.3885367209633444       -0.3506361961444522
       48.7683177424391232        0.4570379555229766
       48.1788749942539596        1.1986492976374092
       48.6577063489608719        1.9878495657806252
       48.0219696288631113        2.8007922745251523
       49.8174996990540819       -2.8307233187675007
       49.3798321964740410       -1.9852054195244162
       49.8602949404010189       -1.1678560783650398
       49.3515671476256585       -0.3446632531698344
       49.7766304963210615        0.4557000709115419
       49.2212980222274794        1.2421412722903606
       49.7044864090211078        2.0200080182526747
       48.8989987837784099        2.8154121346274374
       50.7265040351762195       -2.8458761973557842
       50.3411866687912521       -1.9967676645000543
       50.8300066170739910       -1.1856038675784943
       50.3251265650997013       -0.3586127276092245
       50.7768855365360423        0.4355507490698793
       50.2421754493022021        1.2384666618815077
       50.7292606216096686        2.0168551822808065
       49.7101861746544245        2.8289344287192359
       51.6192686435290966       -2.8607583636051501
       51.3096458431501077       -2.0128709451409539
       51.8076032401417521       -1.2116712200840949
       51.3050732703757788       -0.3848694375793418
       51.7701522958430260        0.4089726182759384
       51.2502301633015094        1.2214866918324612
       51.7275213017524251        2.0210510395368604
       50.5108079528432725        2.8422805967440810
       52.4811331846683586       -2.8751254334164011
       52.2929421668419181       -2.0344634415147951
       52.7922109361572964       -1.2436248874108964
       52.2879712321771351       -0.4150566729906935
       52.7517349108831297        0.3915162680703161
       52.2395472092245683        1.2107562582604254
       52.7014322824236459        2.0291708606657637
       52.2587959276058100        2.8714191260109856
       53.2905830699515874       -2.8886187637311607
       53.2923619988355952       -2.0686472386926646
       53.7709193953067839       -1.2597542612658055
       53.2651702224237127       -0.4337564461518717
       53.7235761538205878        0.3847266445057874
       53.2141588125942562        1.2082951787972325
       53.6600878606127765        2.0390532802172152
       53.1535112562246894        2.8863338103133955
       54.0960946662187041       -2.9020464437709435
       54.2925625990241798       -2.0704567421386697
       54.7514078576401886       -1.2612276602557000
       54.2387405402550584       -0.4408383783559966
       54.6876048162369983        0.3875099070709866
       54.1798355673023480        1.2130606234207093
       54.6109589488150036        2.0512112754571898
       54.0440670161298300        2.9011791556708890
       54.9604337985716001       -2.9164547643417138
       55.2855038487082382       -2.0827637422377698
       55.7206844572790061       -1.2679636559470830
       55.2111174965387761       -0.4374270522408565
       55.6441053512612172        0.3981723803556425
       55.1415429653235662        1.2246868028235829
       55.5587551277581326        2.0672310764406139
       54.9227173761944556        2.9158260408720271
       55.8630695873763230       -2.9315014807539441
       56.2728615783442763       -2.1014978244417986
       56.6730963210929204       -1.2812141864102822
       56.1770681915211227       -0.4367882737959414
       56.5848574722259272        0.4092659144266230
       56.1031862742358314        1.2439854775115231
       56.5042148239815347        2.0926819747817889
       55.7828546009514241        2.9301643166996887
       56.7894351678045055       -2.9469437669557457
       57.2655403338683442       -2.1247288684497931
       57.5963615292707090       -1.2927812547418696
       57.1367491630198288       -0.4364328404794425
       57.4994097841551977        0.4287381751230135
       57.0640153892083646        1.2710316960672681
       57.4417112105514320        2.1190187323401801
       56.6202413087431964        2.9441233470114003
       57.7297731532399609       -2.9626189697835930
       58.2733013673390943       -2.1083342941586904
       58.4649687776971732       -1.2106000568873319
       58.0923682451053622       -0.4048086469252595
       58.4058930902029942        0.3897547168289238
       58.0351026872651872        1.2596187695347474
       58.3357317817652401        2.1100924870675954
       57.4290192792166181        2.9576054766816808
       58.6509919219208058       -2.9779754566514978
       59.2546775001350881       -2.5350788924232361
       59.2075007955928854       -1.5774247658499592
       59.1132203569751482       -0.5352616266770647
       59.1794935869070784        0.3545852354395473
       59.0113890633560274        1.2514045524678159
       59.1551726940397415        2.1251071462708686
       58.2543334452515538        2.9713632607198881
       59.9999999946845435       -2.9999999995900200
       59.9999999905151213       -1.9810321536104991
       59.9999999938941784        0.7987578333812441
       59.9999999935422892       -0.9777277637081492
       59.9999999946716827        1.5188140284017102
       59.9999999928250247        2.2764555345159483
       60.0570914333564119        2.9999999993986686
       59.1109707007480552        2.9856431928774319
