            22            11             3
            61            22            73
            50            20            40
            50            34            59
            40            34            50
           141           142           122
           131           140           133
           157           142           141
             1            31            37
           120           108           102
           174           169           146
           124           122           142
           675           676           644
           651           685           671
           653           671           663
           557           516           546
           557           587           578
           546           587           557
           578           587           601
           331           309           322
            25            34            40
            25            24            58
            58            34            25
            59            34            49
            49            34            58
           102           108           107
           657           683             6
           116           140           141
           141           122           116
            89           133           116
           116           133           140
           142           157           150
           141           140           181
           181           157           141
            32            37            66
            66            37            31
            30            31             1
             1            10            30
            30            10            29
           157           181           182
           121           120           146
           108           120           121
           129           174           146
           146           120           129
           145           129           137
           174           129           145
           122           124           123
            64            78           123
           165           177           130
           306           297           272
           211           190           199
           199           190           198
           212           190           211
           191           190           212
           659           675           644
           634           674           659
           640           639           650
           629           674           634
           621           659           644
           634           659           621
           640           650           662
           679           670           662
           662           650           679
           632           671           653
           608           601           587
           587           600           608
           608           632           601
           608           600           640
           216           185           227
           290           309           331
           215           184           209
           244           215           209
           350           376           332
           227           185           173
           173           215           227
           184           215           173
           332           376           359
           673           656           682
           627           656           643
           643           620           627
           643           673           683
           656           673           643
           683           657           643
           643           657           620
           575           559           594
           103            95           161
           131           133           132
           139            87           109
           139           109           156
           156           148           139
           109            87            97
            11            22            41
            22            61            41
            70            49            58
            59            49            71
            80            71            93
            59            71            80
           143           173           185
           186           216           268
           185           216           186
            58            24            33
            33            24            19
            19            18            39
            39            33            19
            68            33            39
            21            46             4
             4            46            26
            26            46            51
            20            50            35
            35            21            20
            46            21            35
            51            46            60
            60            81           102
            46            35            60
           102           107            60
            60           107            51
           446           445           470
           470           445           480
           352           385           367
           325           359           351
           351           359           377
            99           116           122
           122           123            99
            99           123            78
            89           116            99
           183           150           157
           157           182           183
           167           150           183
           206           182           194
           194           182           181
            65            66            31
            29            10            17
            31            30            56
            56            78            64
            64            65            56
            56            65            31
           207           183           195
           195           182           206
           195           183           182
           256           255           272
           208           225           209
           207           225           208
           208           184           167
           209           184           208
           167           183           208
           208           183           207
           144           145           137
           151           124           142
           142           150           151
           313           269           334
           219           197           218
           164           148           156
           191           166           164
           164           165           148
           166           165           164
           177           165           201
           201           165           166
           201           166           202
           274           256           273
           272           297           273
           273           256           272
           259           236           258
           211           199           293
           314           326           293
           254           255           220
           220           253           254
           191           212           200
           202           166           200
           200           166           191
           200           212           233
           200           234           202
           233           234           200
           233           212           252
           252           212           211
           675           659           684
           658           659           674
             5           684           658
           658           684           659
           635           677           678
           619           579           610
           619           573           579
           682           656           672
           680           686           663
           680           671           685
           680           663           671
           610           633           618
           618           619           610
           611           619           618
           618           655           611
           653           663           625
           663           633           625
           625           633           610
           610           609           625
           578           601           592
           642           632           653
           653           625           642
           642           625           609
           601           632           642
           642           592           601
           609           592           642
           651           671           652
           671           632           652
           652           670           651
           652           662           670
           309           290           267
           267           216           227
           268           216           267
           267           290           268
           300           299           266
           289           322           309
           299           300           289
           289           300           330
           277           267           227
           309           267           277
           277           289           309
           299           289           277
           349           393           358
           358           350           340
           331           322           340
           340           349           358
           322           349           340
           323           350           332
           331           340           323
           323           340           350
           167           184           158
           135           151           158
           158           150           167
           158           151           150
           489           478           507
           176           190           191
           191           164           176
           156           163           176
           176           164           156
           162           163           155
           156           109           155
           155           163           156
            95            82            94
            94           161            95
            89            99            55
            55            99            78
            84           133            89
            84           132           133
            89            55            84
            84            55            48
            28            15            63
             9             8            28
             8            15            28
           110           139           148
           110           165           130
           148           165           110
            74            97            87
            77           112           132
           132            84            77
           130           177           149
           149           112           130
           131           132           149
           132           112           149
            63            15            53
            14            15             8
            11            41            12
            12            41            36
            27             7            23
            23            43            27
            91            70            69
            93            71            92
            92           114            93
            49            70            92
            92            71            49
            92            70            91
            91           114            92
            81            80           115
           137           129           115
           115           129           120
           115           120           102
           102            81           115
           106            80            93
           106           144           137
           137           115           106
           106           115            80
           136           127           125
           125           143           136
           117           114            91
           117           136           118
           127           136           117
           124           151           134
           134           151           135
           168           143           185
           185           186           168
           118           136           168
           168           136           143
           168           152           118
           186           152           168
            66            65            79
           169           231           188
           188           231           250
           620           657           628
            81            60            72
            72            60            35
            59            80            72
            72            80            81
            72            50            59
            72            35            50
           445           446           394
           394           446           385
           385           352           394
           394           352           378
           479           478           489
           489           480           479
           479           445           459
           479           480           445
           206           194           205
           205           222           206
           257           256           274
           274           258           257
           257           258           236
           255           256           257
           214           225           207
           214           241           225
           119           152           153
           118           152           119
           119           117           118
           114           117           119
            93           114           128
           128           106            93
           144           106           128
           114           119           128
           153           144           128
           128           119           153
           229           279           249
           325           351           341
           341           351           378
           378           352           341
           169           174           187
           187           231           169
           314           293           251
           251           293           199
           170           163           162
           405           392           384
           285           293           326
           285           326           336
           336           315           285
           315           252           285
           211           293           285
           285           252           211
           272           255           287
           255           254           287
           303           315           316
           316           304           303
           303           252           315
           233           252           303
           253           234           271
           271           234           233
           233           303           271
           271           303           304
           317           304           316
           316           354           317
           317           354           362
           645           666           677
           677           635           645
           679           650           661
           649           650           639
           649           661           650
             2           661           649
           553           562           534
           553           520           542
           534           562           554
           336           326           361
           460           433           447
           627           620           603
           603           612           627
           573           619           593
           594           573           593
           611           612           593
           593           619           611
           682           672           681
           681           672           655
           663           686           654
           654           633           663
           654           618           633
           655           618           654
           626           612           611
           611           655           626
           655           672           626
           627           612           626
           626           656           627
           626           672           656
           662           652           641
           641           652           632
           632           608           641
           640           662           641
           641           608           640
           299           277           246
           215           244           246
           227           215           246
           246           277           227
           226           243           244
           209           225           226
           226           244           209
           266           299           245
           244           243           245
           299           246           245
           245           246           244
           384           392           373
           373           392           365
           339           348           330
           339           347           348
           346           347           339
           365           392           407
           321           349           322
           321           289           330
           322           289           321
           330           348           321
           366           418           393
           393           349           366
           366           321           348
           349           321           366
           173           143           172
           184           173           172
           172           158           184
           135           158           172
           125           135           172
           172           143           125
           162           155           147
           103           161           147
           147           161           162
           147           155           109
           109            97           147
           147            97           103
           161            94           138
            29            48            45
            48            55            45
            45            30            29
            45            55            78
            78            56            45
            45            56            30
            16            48            29
             9            28            16
            16            17             9
            29            17            16
           130           112           111
           111           110           130
            62            41            61
            36            41            62
           103            97            96
            97            74            96
            74            62            96
            96            95           103
           112            77            88
            88           111           112
            83           111            88
            88            53            83
            88            77            63
            63            53            88
            54            84            48
            54            77            84
            63            77            54
            54            28            63
            48            16            54
            54            16            28
            27            43            52
            44            53            15
            44             7            27
            44            14             7
            15            14            44
            47            76            83
            83            53            47
            53            44            47
            47            52            76
            27            52            47
            47            44            27
            43            23            13
            36            43            13
            13            12            36
            68            69            57
            57            69            70
            57            33            68
            57            70            58
            58            33            57
            85            69            68
            90            65            64
            90            79            65
           154           121           146
           146           169           154
           169           188           154
           333           282           312
           470           480           508
           508           480           489
           489           541           508
           575           564           551
           459           445           420
           445           394           420
           420           394           378
           420           377           459
           420           351           377
           378           351           420
           235           205           194
           194           204           235
           220           205           235
           235           253           220
           131           149           180
           180           149           177
           193           194           181
           193           204           194
           193           181           140
           193           180           204
           193           140           131
           131           180           193
           220           255           221
           255           257           221
           221           205           220
           222           205           221
           221           236           222
           221           257           236
           207           195           223
           223           214           207
           279           291           302
           302           249           279
           268           290           278
           331           323           301
           301           290           331
           301           278           290
           291           278           301
           210           186           268
           268           278           210
           179           144           153
           145           144           179
           248           279           229
           292           249           311
           325           341           311
           311           341           292
           249           302           311
           342           341           352
           292           341           342
           342           352           367
           367           333           342
           333           312           342
           342           312           292
           218           283           270
           270           219           218
           163           170           171
           171           176           163
           198           190           171
           190           176           171
           198           171           189
           189           171           170
           160           170           162
           160           138           159
           162           161           160
           161           138           160
           197           219           175
           170           160           175
           219           189           175
           175           189           170
           159           197           175
           175           160           159
           343           317           362
           417           405           403
           296           306           272
           272           287           296
           296           307           306
           304           317           294
           294           271           304
           636           635           678
           636           614           597
           636           630           635
           597           630           636
           676           666           665
           666           645           665
           644           676           665
           583           554           596
           596           554           562
           660             2           638
             2           649           638
           561           576           566
           566           533           561
           567           553           542
           562           553           567
           542           566           567
           567           566           576
           605           629           634
           605           576           561
           589           629           605
           605           561           589
           360           326           314
           360           361           326
           449           397           421
           511           535           528
           528           535           522
           481           528           522
           527           566           542
           533           566           527
           542           520           527
           520           503           527
           631           615           647
           647           638           631
           647           669           660
           660           638           647
           616           624           599
           599           563           616
           599           624           591
           376           350           375
           375           350           358
           358           393           444
           444           375           358
           468           375           444
           459           377           432
           377           359           419
           419           359           376
           419           432           377
           488           432           419
           612           603           588
           594           593           588
           588           593           612
           588           575           594
           499           487           498
           488           487           499
           579           573           549
           578           592           572
           497           476           495
           664           654           686
           664           681           655
           655           654           664
           275           265           243
           243           226           264
           263           275           264
           264           275           243
           288           298           266
           243           265           276
           276           245           243
           265           288           276
           266           245           276
           276           288           266
           357           347           346
           392           405           406
           406           407           392
           405           417           406
           348           347           374
           374           366           348
           347           357           374
           418           366           374
           365           407           374
           374           407           418
           110           111            98
           139           110            98
            83            76            98
            98           111            83
            87           139            98
            98            76            87
            86            62            61
            86            96            62
            86            61            73
            73            82            86
            86            82            95
            95            96            86
            42            52            43
            42            43            36
            36            62            42
            42            62            74
            76            52            75
            75            74            87
            87            76            75
            75            42            74
            52            42            75
            69            85           101
           127           117           101
            91            69           101
           101           117            91
            68            39            67
            67            85            68
           127           101           100
           100           101            85
            64           123           104
           104            90            64
           104           123           124
           124           134           104
           250           231           281
           281           282           250
           281           312           282
           565           564           581
           565           551           564
           581           564           580
           580           588           603
           580           564           575
           575           588           580
           489           507           526
           526           541           489
           560           506           559
           507           506           560
           559           575           560
           575           551           560
           560           526           507
           551           526           560
           203           235           204
           253           235           203
           202           234           203
           203           234           253
           237           236           259
           222           236           237
           213           223           195
           206           222           213
           213           195           206
           222           237           213
           241           214           224
           214           223           224
           310           323           332
           310           301           323
           310           302           291
           291           301           310
           178           152           186
           186           210           178
           178           210           217
           217           179           178
           153           152           178
           178           179           153
           145           179           196
           174           145           196
           196           187           174
           196           179           217
           247           210           278
           279           248           247
           217           210           247
           247           248           217
           247           291           279
           247           278           291
           251           270           284
           314           251           284
           269           313           284
           284           283           269
           284           270           283
           232           270           251
           198           189           232
           219           270           232
           232           189           219
           232           199           198
           232           251           199
           353           315           336
           316           315           353
           353           354           316
           353           379           354
           369           371           362
           362           354           369
           355           343           362
           362           371           355
           355           344           343
           355           371           370
           370           344           355
           403           405           391
           356           344           370
           522           535           529
           583           630           590
           590           630           597
           534           554           543
           511           534           543
           543           535           511
           462           453           473
           485           466           475
           466           455           475
           475           455           465
           319           307           305
           307           296           305
           317           343           318
           318           294           317
           294           318           295
           295           318           305
           295           296           287
           295           305           296
           253           271           286
           271           294           286
           286           254           253
           294           295           286
           286           287           254
           286           295           287
           646           645           635
           635           630           646
           646           630           583
           583           596           646
           668           614           667
           667           636           678
           614           636           667
           637           614           668
           637           647           615
           668           669           637
           669           647           637
           597           614           623
           623           615           585
           623           637           615
           614           637           623
           582           567           576
           648           638           649
           648           649           639
           639           624           648
           631           638           648
           648           616           631
           624           616           648
           335           313           334
           334           447           335
           447           433           335
           433           434           395
           395           335           433
           397           361           396
           361           360           396
           360           395           396
           421           397           396
           396           434           421
           396           395           434
           461           449           421
           511           528           472
           561           533           518
           533           519           518
           589           561           518
           448           434           433
           433           460           448
           533           527           501
           491           509           501
           501           519           533
           501           509           519
           617           591           624
           640           600           617
           617           639           640
           617           624           639
           586           587           546
           586           600           587
           586           617           600
           591           617           586
           556           569           545
           585           569           556
           598           616           563
           563           569           598
           598           569           585
           585           615           598
           598           615           631
           631           616           598
           523           545           524
           571           563           599
           571           536           563
           599           591           571
           488           419           458
           468           487           458
           458           487           488
           458           419           376
           376           375           458
           458           375           468
           468           444           457
           610           579           602
           602           609           610
           602           592           609
           602           572           592
           496           497           495
           242           262           263
           263           264           242
           241           262           242
           242           264           226
           225           241           242
           242           226           225
           364           373           365
           365           374           364
           364           374           357
           308           300           266
           266           298           308
           298           320           308
           329           339           330
           330           300           329
           300           308           329
           329           320           328
           329           308           320
           430           406           417
            38            39            18
            38            67            39
            38            18            32
            79            67            38
            32            66            38
            66            79            38
           126           135           125
           126           134           135
           125           127           126
           127           100           126
           105            67            79
            79            90           105
            85            67           105
           105           100            85
           230           281           231
           231           187           230
           312           281           280
           229           249           280
           280           230           229
           281           230           280
           280           249           292
           292           312           280
           581           580           604
           551           565           552
           541           526           552
           552           526           551
           192           203           204
           204           180           192
           192           201           202
           202           203           192
           177           201           192
           192           180           177
           238           224           223
           223           213           238
           238           213           237
           240           262           241
           241           224           240
           324           310           332
           324           359           325
           332           359           324
           302           310           324
           325           311           324
           324           311           302
           386           361           397
           336           361           386
           386           353           336
           379           353           386
           386           408           379
           451           481           436
           436           408           451
           404           405           384
           404           391           405
           363           356           370
           344           356           345
           370           371           381
           381           380           372
           381           363           370
           372           363           381
           388           369           398
           371           369           388
           388           381           371
           380           381           388
           544           529           535
           535           543           544
           555           554           583
           583           590           555
           555           590           584
           555           543           554
           584           544           555
           555           544           543
           607           590           597
           607           623           585
           597           623           607
           584           590           607
           585           556           607
           607           556           584
           504           529           523
           522           529           504
           482           481           522
           522           504           482
           482           504           473
           442           455           466
           466           430           442
           442           430           417
           442           417           403
           429           442           403
           455           442           429
           344           345           327
           343           344           337
           337           318           343
           305           318           337
           344           327           337
           319           305           337
           337           327           319
           606           621           644
           644           665           606
           634           621           613
           613           605           634
           621           606           613
           613           606           582
           576           605           613
           613           582           576
           313           335           368
           335           395           368
           368           395           360
           368           360           314
           314           284           368
           368           284           313
           510           503           520
           510           461           503
           492           472           528
           492           481           451
           528           481           492
           521           534           511
           511           472           521
           521           553           534
           520           553           521
           521           510           520
           472           510           521
           490           509           491
           491           448           490
           490           448           460
           434           448           471
           421           434           471
           471           461           421
           471           448           491
           503           461           471
           570           524           545
           536           524           570
           545           569           570
           570           569           563
           563           536           570
           462           473           512
           473           504           512
           523           524           512
           512           504           523
           538           586           546
           591           586           538
           577           538           531
           577           571           591
           591           538           577
           476           497           486
           486           457           476
           486           497           498
           498           487           486
           486           487           468
           468           457           486
           505           499           498
           505           517           499
           500           506           507
           500           517           506
           500           507           478
           558           557           578
           578           572           558
           572           547           558
           558           547           496
           532           495           494
           532           496           495
           532           494           516
           532           558           496
           516           557           532
           557           558           532
           346           339           338
           339           329           338
           338           329           328
           406           430           443
           393           418           443
           418           407           443
           407           406           443
           113           105            90
           113           104           134
            90           104           113
           134           126           113
           113           126           100
           100           105           113
           217           248           228
           228           196           217
           228           248           229
           229           230           228
           187           196           228
           228           230           187
           595           580           603
           595           604           580
           595           603           620
           620           628           595
           628           604           595
           224           238           239
           435           386           397
           408           386           435
           397           449           435
           435           449           451
           451           408           435
           398           369           387
           354           379           387
           387           369           354
           379           408           387
           408           436           387
           380           388           389
           529           544           530
           530           545           523
           523           529           530
           530           556           545
           584           556           530
           530           544           584
           452           482           473
           452           473           453
           437           436           481
           481           482           437
           482           452           437
           437           452           398
           398           387           437
           437           387           436
           403           391           402
           402           429           403
           582           606           568
           568           596           562
           562           567           568
           567           582           568
           450           510           472
           472           492           450
           449           461           450
           461           510           450
           451           449           450
           450           492           451
           502           471           491
           503           471           502
           491           501           502
           502           527           503
           502           501           527
           493           524           536
           493           512           524
           484           494           485
           516           494           484
           485           475           484
           475           515           484
           525           515           531
           531           538           525
           516           484           525
           525           484           515
           546           516           525
           525           538           546
           540           549           550
           550           505           540
           506           517           550
           517           505           550
           469           500           478
           478           479           469
           469           479           459
           459           432           469
           572           602           548
           548           547           572
           579           549           548
           548           602           579
           548           549           540
           540           547           548
           497           496           539
           496           547           539
           539           547           540
           498           497           539
           539           505           498
           540           505           539
           456           443           430
           456           466           485
           456           430           466
           261           240           224
           224           239           261
           260           238           237
           260           239           238
           260           237           259
           438           388           398
           438           389           388
           398           452           438
           438           452           453
           380           389           399
           440           439           474
           455           429           428
           414           426           427
           622           568           606
           622           606           665
           622           646           596
           596           568           622
           622           665           645
           645           646           622
           514           475           465
           514           515           475
           537           493           536
           537           577           531
           536           571           537
           571           577           537
           574           550           549
           574           549           573
           559           506           574
           506           550           574
           594           559           574
           574           573           594
           500           469           477
           499           517           477
           517           500           477
           488           499           477
           477           432           488
           477           469           432
           467           456           485
           495           476           467
           485           494           467
           494           495           467
           443           456           431
           431           457           444
           456           467           431
           431           444           393
           393           443           431
           476           457           431
           431           467           476
           372           380           382
           380           399           382
           390           399           389
           390           438           453
           389           438           390
           412           411           424
           439           440           424
           411           410           424
           465           455           441
           455           428           441
           441           428           427
           427           426           441
           441           454           465
           441           426           454
           427           428           415
           415           414           427
           426           414           413
           464           440           474
           454           440           464
           465           454           464
           464           514           465
           493           537           513
           514           464           513
           513           537           531
           531           515           513
           515           514           513
           383           382           399
           474           439           463
           463           462           474
           463           453           462
           399           390           400
           412           424           425
           425           424           440
           425           413           412
           426           413           425
           425           440           454
           454           426           425
           416           428           429
           416           415           428
           429           402           416
           493           513           483
           474           462           483
           483           464           474
           483           513           464
           462           512           483
           512           493           483
           439           424           423
           423           424           410
           422           400           390
           422           390           453
           453           463           422
           422           423           400
           422           463           439
           439           423           422
           401           383           399
           399           400           401
           400           423           409
           409           401           400
           409           423           410
