      -30.0000000000000000        0.0000000000000000
       30.0000000000000000        0.0000000000000000
      -30.0000000000000000      -30.0000000000000000
      -30.0000000000000000       30.0000000000000000
       30.0000000000000000      -30.0000000000000000
       30.0000000000000000       30.0000000000000000
      -30.0000000112011378      -16.6890112062192415
      -30.0000000094102468      -11.1499960921379966
      -30.0000000095049622       -8.4293433805558369
      -30.0000000111398109       -2.8850096242087715
      -30.0000000085291880      -27.6142028904561379
      -30.0000000092943750      -24.9809366669034674
      -30.0000000095275787      -22.3358831429520137
      -30.0000000102983151      -13.8970053175651937
      -27.4830575222409408      -12.5139580003629423
      -27.4659978919845855       -7.1122956642206479
      -30.0000000102079163       -5.6865571966111323
      -30.0000000138093341        8.8825248454562313
      -30.0000000151770045       11.9349481302510103
      -30.0000000109050831       24.1668331871222151
      -30.0000000094881472       27.0746357193009040
      -27.2518712139254973      -30.0000000053889373
      -30.0000000111138974      -19.5299744255261452
      -30.0000000117220473       15.1608780476567961
      -30.0000000105350040       18.1216260649239125
      -27.6896837284331525       30.0000000125683037
      -27.6546239474605997      -18.1340516907153599
      -27.4304681295487036       -9.7923253432812842
      -27.5607167997016091       -4.3549125927677954
      -27.7131489777197579       -1.4196468372646258
      -27.7391535723126701        1.5175581575334594
      -30.0000000130458702        5.9071496326918371
      -28.1174325341339468       13.4246789456380746
      -27.6985274722921666       19.6712524238940603
      -27.4206489113761656       25.3791213540108949
      -27.4151887934453420      -23.9911598806229343
      -30.0000000128248843        2.9549616112489594
      -27.7727258446065619        7.3701875724120747
      -27.8816563904351433       10.3374305067922663
      -30.0000000121782300       21.1395214743123425
      -27.5687711281492192      -26.7678969846622969
      -25.1796760726231206      -22.4134546799798322
      -27.6284046899343210      -21.0878485611993227
      -27.5605838178819624      -15.2811519609986348
      -25.4165706186160669       -2.7699896818822531
      -27.3647462972752891       27.7561998466786015
      -25.1984055058904701      -16.7169259406381414
      -25.0137518266408740       -5.7729876439667986
      -25.3992429871495453       18.4324115501237351
      -27.7189451242671119       22.6217379581679658
      -25.2274735924568070       30.0000000081911438
      -25.3646073763414890      -19.5294450257281582
      -25.0302006211585919      -13.9386955815272167
      -24.8311803221236715       -8.4564638309578442
      -23.1467356798268327       -4.0183966347959386
      -25.4556244660759283        0.1655973018065979
      -26.0755150559901132       14.4514470453567778
      -27.5732783402488693       16.6459842124705446
      -25.3904923828241067       21.4607369458758797
      -24.6996854685763374       27.2449755500570809
      -25.4486894009404878      -27.7841141375254104
      -24.6978535742240126      -25.1879276351822803
      -24.9260837945909479      -11.1800669248767672
      -23.1401159229103435        1.7838131101465275
      -25.4489273543936108        3.0616113949407930
      -27.7406359194543839        4.4415374416016515
      -25.5543839331304241        8.8354134193056204
      -25.7778741700817662       11.6836954943418760
      -23.5921478518135039       13.1828929279074547
      -24.3851907883835679       15.9907924659588598
      -23.3009590329025222       20.1207110249742165
      -25.1314771312282410       24.1653345532850032
      -24.2128853434810623      -30.0000000136653462
      -22.4928476149997785      -23.0562412938931622
      -22.9356858007103028      -20.6506636885434460
      -22.7937552390015661      -18.1532299744468446
      -22.3439467772567717       -9.9292801364722472
      -23.1716318994415005       -1.0923671679210281
      -25.4711036505167421        5.9519285444077186
      -22.4925017096944728       22.5989636545572665
      -22.8454241957473521       25.2272352503492918
      -21.2839195142220596      -30.0000000129945228
      -22.6348164776611362      -15.4757924715853044
      -22.2859184163282613       -7.0910870477202916
      -23.3198113589418270       10.3998964588964871
      -22.7464181200132707      -27.6127135170587330
      -20.4107707527346562      -20.3083295440858329
      -22.4939747204666354      -12.6872131407493605
      -20.9101788756846361       -4.8296018558599592
      -23.1503518790529483        4.6569022028824563
      -21.6111419112104173       14.7705485179504716
      -22.4970068771963945       17.4828836667928549
      -20.8742835115661372       19.5000856597033376
      -18.1827923062531873      -30.0000000101362723
      -19.8033524648337185      -27.9202142801191293
      -21.6992396153213285      -25.4211046368665521
      -19.8188990999425450      -23.0351178969739863
      -20.2973405570905925      -17.4320397314534574
      -20.8520625674265858       -2.1300716138014977
      -20.9375845440593018        9.1689841739376234
      -21.0509778563469112       12.0171518142991385
      -21.7517563085606511       27.5430466093354589
      -19.0663360215674764      -25.7120622697926891
      -20.8109930847630054        3.4443695687829270
      -23.2017015786620924        7.5356075471892003
      -19.9398464952921479       21.7186476921961074
      -22.8296308070003278       30.0000000071187358
      -20.1761123501108273       30.0000000101521884
      -17.6603828533751788      -21.3917732347863421
      -17.9030106432677094      -16.0306358994889955
      -20.1743404479092057      -14.4970964286849355
      -19.9168729553846546      -11.7478788385412738
      -20.8591596393518017        6.2930705849189739
      -19.8807625980672498       16.6135694665849130
      -20.2832207423220865       24.7898885234180355
      -18.5157857303995499       -3.5594064582371421
      -18.8920444289972629       13.7238177301933426
      -16.2738898669462984       14.1039752862261523
      -17.3474939613989889       16.3107446604987736
      -19.0594261102458660       27.4506233203380461
      -17.5303799381296450       30.0000000102437063
      -18.4651724964257511       -0.7602386129801331
      -20.8083463901130337        0.6251062596073838
      -18.4747046537893276        2.1087174700156863
      -16.2188757675676314        9.0572275922219756
      -18.5963770120193850        7.8755857552854973
      -18.6578818043127512       10.7690692663948759
      -18.4354518110513617       18.9290758906323191
      -17.3473625438493251       25.3816294770934157
      -17.4760699170606983      -13.4469759272308416
      -16.9652407237034701       -7.9143543059351344
      -19.8487158392210894       -8.9240681936183694
      -19.1565463760383601       -6.4574922293995165
      -18.5057506501889293        4.9900097998405526
      -16.2063384924271823        6.3815051892680499
      -16.3189804239760683       11.7341303335412981
      -18.0809702625246587       23.1292660383072679
      -15.3444307129529438      -30.0000000087196241
      -17.8590655435250270      -18.9298148388643099
      -16.5139093883139090       -5.1948637088022291
      -16.1221608659771540       -2.2875497620874290
      -16.1967588201062043        0.5805143201000700
      -13.8373086739549116       10.2394656166104934
      -16.9059371374778564       20.7113745868677839
      -15.4555055148304277       22.8609902078346394
      -16.1721017069415858       27.6718465726936813
      -17.1684447733226406      -24.3477194657096341
      -15.7221985185249391      -17.4273865096179179
      -17.4852687350707825      -10.5612013818060504
      -13.9708068017955416        1.9370457871205913
      -16.1913794299811791        3.5036750792945073
      -14.2864300910678850       15.7036006759312201
      -15.5851296075856869       18.1599145496293595
      -14.7555050601228928       30.0000000124424702
      -15.4001735571235283      -22.4390448029895104
      -14.8088046372345783      -19.9022950793122000
      -13.8216962895585560       -0.8767950611337869
      -13.9316540481316764        4.9266430765822271
      -12.4536605715585651      -30.0000000106000400
      -13.7805545945579304      -27.5823717497976375
      -16.7118719873751367      -27.4014759858758090
      -14.6768078238815249      -25.1289177206348846
      -13.0360422039738495      -22.3817913802541035
      -13.0820467332346198      -17.5608940368644539
      -14.9144363918885947      -15.0288047378185325
      -11.6684738275972073      -15.4843343606234605
      -11.8678612982119080        3.3789903119455325
      -13.6971391973201406       12.9732874834351968
      -13.4175864398843512       27.6193799369713311
      -12.0649140249706139      -24.9835547688952850
      -10.4623667741318958      -22.3872244417796082
      -13.6493548155986115        7.5763578049364613
      -11.2198986308758126        8.7386082527330462
      -14.6174291366606557       25.1978537719606130
      -10.9487669261565959      -27.5445925508013545
      -11.6833837009921613      -19.9111831828178794
      -15.1955137833718510      -12.0526192997693240
      -12.7037659038740021       17.6075278843677516
      -14.0619487147814013       20.2070460529147020
      -14.7596327525723012       -9.3591062251442594
      -13.9783898573978433       -3.8883878442617541
      -11.7356279649688506       -2.4230888955895189
      -11.4717990021008855        0.6206047023174001
      -11.2328154888285798        5.9113407027057212
      -11.4793050645604904       11.4013744061100049
      -11.6038359279604624       14.6413665821673433
      -12.0203248978257786       25.1971523625354656
      -12.0106355370025302       30.0000000123911015
       -9.4072077358328148      -25.1047177216586839
       -8.5094508645612432      -20.0334815969869418
      -10.0409914569143002      -17.7149350115506756
      -12.4714992714603845      -10.7867584898673812
      -14.2395127418876228       -6.6187686553660923
      -11.5394239774306051       -5.3084267642968310
       -9.5609346440906844       -0.8873235065814293
      -12.9321143272520551       22.5297277881129858
       -9.6103087022744784      -30.0000000103352384
       -7.9804241103517457      -22.6461667781482241
       -5.6371046778985194      -22.3668998310361999
       -8.8139489668580957      -15.1113764577519181
      -12.9621637990648431      -13.3451517868914280
      -10.3659144978171849      -12.8649003312524837
       -9.8498806625052335      -10.1643410257443190
      -12.0886279846609863       -8.1348828424129636
       -8.7095960091671429       -4.8786265763557282
       -9.3622568090899136       -3.0178659260488052
       -9.1516179319781923        1.1558498142275933
       -9.5965619104481128        3.0176482211762021
       -8.5409502125033878        4.7012060073789579
      -10.1850939942134477       17.0166469945666279
       -5.5270674278677401      -19.7370097036865388
       -7.2140187574529779      -17.4118843534546208
       -7.8655082275567247       -1.7145106367563214
       -7.6045818678968020        1.2941698999422167
       -8.8443474396428865        7.0900826893568984
       -9.6026108717781185       12.5315433885956349
      -11.3085458281036981       19.8863981561840042
       -6.7796124545547576      -30.0000000098050101
       -8.0794396901833672      -27.5808990450740659
       -7.2750426745097974       -6.4737905232571729
       -6.7247798817309059       -4.5913628374609043
       -7.4401153120401133       -3.2119046374432467
       -7.8943123575867622       -0.1717640880145307
       -6.7352311002057075        0.4029847389300858
       -7.7178995040578524        2.7393361666281844
       -6.7947139957113869        3.9915317346175567
       -8.7021570939465249        9.7808366610812669
      -10.5611663384552070       22.8746075311093335
       -7.7973638588744310       23.2338012579718871
       -9.2985240768327717       25.3660102258695161
      -10.6908245449340757       27.6431549257500677
       -6.6441606104144437      -25.1434417124801151
       -6.1409620883856126      -14.6015339512218834
       -7.8117582418574631      -12.2754202261414971
       -9.5667017916847108       -7.4834369574194302
       -6.1509406884286157       -3.0811095267001933
       -6.5585180876411036       -2.0027809941606503
       -6.7679266198298187       -0.8326600810650127
       -5.9840470605756133       -0.4372422615000063
       -5.8890485136614892        1.1485241086125622
       -6.5670284171685260        1.6681877450685216
       -6.3300048396477759        2.7210133708644801
       -5.3841824696180645        4.6385522078742758
       -6.7460916712995385        5.5539278225212039
       -5.1580611558215699        6.0870433102061954
       -6.5506181304773117        7.4758834163058454
       -8.3576232211465111       18.6574530720118013
       -9.0341828352607436       20.9267619630467969
       -5.1763664878096058       23.1010644715875877
       -9.2558330513294820       30.0000000127160504
       -4.0009731510458488      -24.6812608063307835
       -4.4967850314723599      -17.1009897350556486
       -7.2688275537102358       -9.4231176217094710
       -5.7280323052497630       -7.3464183291800147
       -5.5003403949125502       -5.5871065315702699
       -4.8155591413403229       -4.6997500241011601
       -5.6021623550601145       -4.0218842947774842
       -5.1907348433129679       -3.0093640245801883
       -5.5829730418109147       -2.1978198403075027
       -5.8525320055835159       -1.3220700078404775
       -5.9890360772866602        0.3625560235557027
       -5.6504511796903554        2.0180192002356221
       -5.2981890957877598        2.8158821515942276
       -5.6495186798024886        3.6114981779759456
       -4.2597334418344657        4.2254787918897430
       -3.7151224532831528        6.0340075342761308
       -7.1325755302650160       11.8824946193079732
       -8.6787219849469643       14.6879712985546522
       -1.5419472090250059      -30.0000000096755564
       -5.1862950763906515      -27.4945571721901914
       -5.2834175541408097      -11.7344860808611067
       -4.0456614726335447       -5.5138957374806612
       -4.0798087235399727       -4.3994500554897620
       -4.7008670956028924       -3.7285182790172731
       -4.7840948813422539        3.6211097951058759
       -4.3622451556497186        5.1085848396443554
       -5.6852365067834540        9.4239937979635418
       -7.0580420983423195       16.4941010347251051
       -6.3971841991919005       20.7795953389063754
       -6.4463579275767726       25.5171792734702549
       -7.9006125468920620       27.7080531499358962
       -6.4684136904726373       30.0000000132049180
       -4.0387092348577509      -30.0000000062568262
       -2.5034732326427438      -27.0071031661506034
       -2.5455890455445389      -19.0928567577900736
       -4.6250568191283694       -8.9315433878484551
       -4.2454384382621564       -6.7221295612225518
       -3.5464038143774252        4.8397334668042884
       -3.0519532387145660        9.0545269029280657
       -5.8786220555101192       14.0125253372853820
       -5.3825190735831923       18.4694584499612091
       -3.6880121656186304       25.4086216966839018
       -3.1720601803478861      -21.7434502416041191
       -2.7813540737714644       -9.6471359120614260
       -3.0547589164387761       -7.5785003101626858
       -2.9873244635610918       -6.1526971584213106
       -3.4501127062083734       -4.9088412412786191
       -2.8877754397912754        5.2593491052313972
       -4.3953045658067120        7.5334503289850234
       -2.8503301511305867        7.2827621238252753
       -4.2331527771349098       16.0300259327702008
       -3.6757773739111332       20.6267747414253471
       -3.5446889327683038      -14.5282371939742543
       -2.8416639242196804      -12.2231420359906124
       -1.9184146823403521       -6.6874055918163622
       -2.8069380699272459       -5.3029330234348331
       -2.0396787125176785       -5.6426687631865624
       -2.6533987109182586        6.1691838448425464
       -4.3867523859588307       11.5694408752991720
       -2.6147920083224871       18.1282911142084409
       -2.6292696250295333       22.9422917926878540
       -5.0471989101742567       27.7577683447553270
       -0.1723624259090898      -27.8061323503893618
       -1.4429324676429209      -23.9704956349543608
       -1.6361154102815330      -16.4426852774290069
       -0.6305168493506934      -13.6357293704773124
       -0.6058760435054139      -10.5700588277481824
       -1.5779079317070499       -8.2339317315846827
       -1.2338806417544792       -5.8717577070887268
       -2.0783756683878343        5.6285304109595682
       -0.6730944455812612        9.1383091008626138
       -1.7404171223733838       11.0263060253041818
       -1.3934258810151652       15.7919933452778682
       -1.0225028460888161       20.2583401164712882
       -0.2703149744666056       22.5251269591030088
       -0.4887699791443892      -21.1326907041405860
       -0.4289077516576237       -5.9846502139116211
       -1.3240571466523368        5.8520827662070216
       -1.6205093961390189        6.6132994397419242
       -1.4727290933107666        7.8457147059963956
       -2.9978884275674083       13.6580427398884225
        0.2376467908479940       18.0220732584247223
       -3.6635503247077308       30.0000000128194664
        1.2912495076274508      -30.0000000130201236
        2.5830724212923868      -27.5704580746340113
        0.3802884789646274      -18.4439022842782485
       -0.7902200306617223       -6.9113964146355586
       -0.6004505206358485        5.9698793264341168
       -0.5006491251090223        6.8286925755405194
       -0.3238792565699507       13.2216627039495798
       -0.9334469965145678       25.1504438217397066
       -2.2620882239590383       27.6040128474658459
       -0.1878674341879800       -8.3201199044712553
        0.3503628770681465       -6.8121626684499423
        0.3491290253392425       -5.9898338005461378
        0.1994698704094139        5.9966833988648727
        0.7208424699773022        6.6885274831033259
        0.2562551578070891        7.7538370261113156
        0.9974430815451962       10.6456455110225008
        1.2522668507443988       15.4741551274042148
        1.8008484334791972       23.2443500152635245
        0.3808693197396917       27.7539081087881634
        1.0204950749453889      -15.7335311552498123
        1.7671453226267033      -12.4185651558697003
        1.1258783257045282       -7.7295424319688006
        1.1017205998084034       -5.8979837021434447
        1.0935746061678666        5.8994995194269197
        2.2940740906113968       12.8903331247152906
        1.8156959307800580       20.4381883598496863
        1.4715114408305610      -22.9966059646666281
        2.3478763137991181      -20.3594730586638981
        1.2618285101951630       -9.5760347296239434
        1.9536762599019710       -5.6730193949199164
        1.8020982583028351        5.7229749128869845
        2.4600059427771499        6.2747386066181550
        1.4348449047388940        8.7184688013599789
       -0.9604724710670466       30.0000000136853835
        0.5472595676320281      -25.4975927318456499
        3.2781156494825527       -9.9215004176702291
        1.6329336652843918       -6.6196140407335697
        2.5168029963754188       -7.9277780792695989
        2.6998506334540573       -5.3582465918502082
        2.6268285284969357        5.3944204363814645
        1.7415935760871761        7.0821478595310916
        3.8305958163160496       15.2331998102745452
        2.8215528080341707       17.8189472951220509
        4.0498372252119346       22.5032608627146473
        1.5202017390449940       25.5785251140499739
        3.1428630183686939      -14.5858520598965953
        3.6212535268911434       -5.8091218583716016
        2.7811565464108639       -6.4766124833411753
        3.4417332682070980       -4.9147199442435960
        4.0359999281633909       -4.4396739300614954
        3.3567897603302166        4.9731240195309656
        1.8004148518664964       30.0000000136402321
        3.2666262746273103      -17.6074253923805308
        4.8285604333222851      -12.3365441447910236
        4.0316076160436491       -7.6256994038122841
        4.6623393420274120       -6.1981080932216290
        5.9353927340835275       -5.3840356593974512
        4.4996019662696582        3.9690782587376670
        3.5472712825756241        5.7683048446001290
        3.5932435847327051       10.1654575094554787
        3.2198917759487968       27.7570764718336491
        3.4653075413951724      -25.1179778450354831
        4.3071630968503412      -22.6445405648250038
        5.0310856345899513      -20.1200546902086259
        5.5080799622583374       -9.4757773392145328
        4.6173923272233814       -4.9635881133160504
        5.4123695151624469       -4.0680035127217824
        4.5935543359864610       -3.8599557775409030
        5.0517794455426781        3.2372093653073994
        5.2723839907965822        4.0943252226940015
        3.9673214108817310        4.5011510594748243
        4.4425436579638680        5.0943023314204776
        4.7013943583488746        6.4252153837806523
        3.3855418766469789        6.9648908371933000
        5.3813993657302230      -15.3469638082321698
        5.1173930353348576       -3.1324572615348387
        5.5271385477967065       -2.3346818820474105
        5.7815663052110153       -1.6042103985598211
        5.9399146739798132       -0.8470027485818005
        5.9999565562813464       -0.0228318519543417
        5.9452618638238821        0.8086169670165748
        5.7336546618637083        1.7678247250191346
        5.4462224528220524        2.5176697633305012
        5.4927217954538747        5.0921436931154762
        2.9704106833794888        8.2283087095936907
        4.5020063594587212       20.0050521665377232
        4.0321314850226511       25.2482598348344283
        7.1058507298060025      -22.3456736569463708
        6.6317404410399732       -4.1652053569585057
        6.0780115929683198       -3.0010582662883167
        6.5347629977363706       -1.8036403332108149
        6.8439316217899995       -0.6685233888132989
        6.8946274128939606        0.4154615808640229
        6.4347550317606386        1.4021515996694962
        6.5371209824463810        2.4806761652835627
        6.0788006126189389        3.3396842152658657
        6.2765590378596343        6.2369903764598433
        6.5938266186079764       10.3090371312609452
        6.6139872316705466       21.8467368095150185
        5.2806927836355229      -27.4679965217193889
        6.3224620563374181      -24.8941282563240911
        6.0946857858134385      -17.7453743114807345
        7.3941438161320683      -13.7612687373892904
        7.5939286633902388      -11.2374748436458685
        6.0077161847749574       -7.2282569989028813
        7.3051173902657016       -2.7019498734818228
        7.9221102764635489       -1.3389049149671521
        7.5043696057376277        1.6194029864322841
        6.6722640415453061        4.3882434685946574
        5.0060373283557480        8.1567649840858820
        4.7524980664925049       12.5762513911420086
        5.8763415396900678       27.3950064595800207
        4.5426358673670828       30.0000000118019017
        4.0055583880567500      -30.0000000106173843
        7.9454614084337924      -27.2660332584328948
        7.8248594593114280      -19.6482503606466885
       10.0345553776221479      -18.4969551516342641
        8.2435664384125253      -16.3152075258830784
        8.1743097763540753       -8.5407869993176124
        7.7805542370111231       -5.9953858856407258
        8.1915264401692838        0.1498696544827997
        7.7935916858535919        3.2319708621653436
        7.3281585628255757        7.7190551168183301
        7.1659043749932074       12.8082689476155860
        5.4725047547154047       17.5870777782174521
        6.2305721549888915       24.4392153165469495
        6.6787199317112789      -30.0000000080508542
        9.7602564513688517      -21.6181115795041556
       10.2538599942651238       -4.9622630475239378
        8.1591017984559873       -4.1072081341457478
        9.9147768170057429       -0.6625369124913371
        8.9973456718998133        1.6948617773474079
        8.0781554541564624        5.2731673385631561
        9.3974491487535428        9.3251687755380530
        6.3494465472901007       15.1688484264563215
        8.8193313709949805       23.1592029781185751
        7.0790163437261855       30.0000000123764039
        9.2032331879487987      -24.5358271097879026
       12.6618446139500449      -17.3433811400158326
       10.5130657402541807       -7.4681428979573363
        9.2389678237903503       -2.5567821445749712
        9.8969783562850857        3.7792957420680344
        9.3283635559596281       11.7618538526732141
        9.5235115751520976       20.8464400342127725
       10.6494963449565532       25.1662213434887718
        8.2546841969702989       25.7235596145792726
        8.5620781578973126       27.8911442375636156
        9.9986385928547801      -13.1392725893130038
       10.2348775592379191      -10.3736219936803149
       11.8245641770520056       -2.8431341014253046
       12.2327689466561065        5.4067634260511959
        9.9781607520622213        6.7207001822883470
        9.0879817747414862       14.5971169602742403
        8.2693797723400380       17.0856209985035967
        7.3566841568673000       19.4739627565127513
       11.1001438598151001       27.4600014726943300
        9.2687609573838206      -30.0000000090715027
       10.4737666719428759      -27.4910869890353311
       10.6079558884969760      -15.6649603048851720
       14.2526776666991744       -3.1446211698865052
       12.1210993586923923        8.1894356985113959
       11.8535260830010447       10.7209734929902574
       14.0296396544685589       12.3130495316575193
       11.4941413904466856       13.3710007453563211
       11.0750292703429594       16.1097481201426618
       10.3276794175442674       18.5719745517924473
       11.5744701120344615       22.6818544063492951
       13.3673693491944583      -27.5281607676852005
       11.8238311802617453      -25.3552389788145192
       12.0120058615649583      -22.9720220872232730
       12.6510437875726733       -8.8858373679706553
       13.0408030819435030       17.7879150377179798
       14.3175313203516961       22.3421204730786158
       13.1111508312563210       24.9036054166349956
        9.8350349795390457       30.0000000141390082
       11.9624765104116992      -30.0000000093263566
       12.1629411613123608      -20.1092069629162680
       15.0960901453017051      -16.1059533745364405
       12.8827617431244672       -5.8170916996079516
       12.9982996534904149       -0.3731578745330357
       10.9689985316115237        1.2403246756069022
       12.6926258605624671        2.8267642812629896
       14.5964352289457313        7.0197826396913632
       12.3855735598257439       20.3303482957809187
       17.3171356023754157      -30.0000000094456745
       14.6798929532385642      -30.0000000097734478
       14.3889729699067477      -21.7471649041067288
       14.8253522292274500      -18.9783589669955930
       12.5455205651029829      -11.7827989708325216
       15.0434360589570417       -8.0017536058867531
       15.5395987349577567       -5.4699388254220151
       14.8704486060509762        4.5167333180012266
       13.5339888202080498       27.4994015850764377
       14.5478685060481752      -24.7747258931738692
       12.8405430321557201      -14.3860789762090988
       14.9847903941581482      -10.7033518810606321
       17.4756251407967120      -10.0448659766555899
       14.9247694241889235        1.7100098245349662
       14.4461889809929929        9.6674710428854649
       16.0040432048506567      -27.3729365138131193
       17.4103173135941169      -17.7976130306796421
       15.2620010684047713      -13.2881568564316979
       17.0601772287834557       -3.0665713555540366
       15.6515322418406786       -0.8075134972463328
       17.2397503808983963        3.4140114441580547
       13.5458082609587915       15.0401388418345778
       15.4742988985213383       16.8392566316023604
       12.3464795684870321       30.0000000114649623
       16.6583423656847600      -22.9164820432584975
       17.6334782404115167      -15.1204821590028491
       17.7411902658997001      -12.4958697179365519
       17.6805556637679260       -7.5714091128844521
       17.3443470524270040        6.0205645662613918
       15.9990281654387871       14.0223330394091406
       17.9405437957557368       15.7043516147718254
       17.5768352184908707       18.2928211139787535
       14.9735290027768713       19.6211923444919236
       16.0579762589745556       27.5373430789778624
       14.8631658435351124       30.0000000116672005
       17.1537098481332961      -20.4391016557566374
       20.0040447204545444      -16.8745363799299994
       20.2116963913063756      -14.1847920165409676
       20.1202619696572711       -8.9776950191290936
       16.9462166458582644        8.4521597264648598
       16.5859655912059161       11.2255945008548057
       16.6976771398566655       23.1951652803408983
       15.4706404696803368       25.2119072328215204
       18.7871166464880552      -27.5957848494359830
       19.7735053948512061      -19.6108291384066433
       20.2272811862662678       -3.4806009830530620
       18.4751739254613554       27.6921684878018048
       17.3893576131673164       30.0000000140331018
       17.5561160286925002      -25.1019644326286624
       19.3794136136097741      -22.4021382909823750
       22.2170643411781690      -20.8518949226356050
       20.4290123308372280       -6.3789685385417068
       18.2262620347492117       -5.1495334977417659
       18.5432752376009127       -1.1443786488567678
       18.4405420373043718       12.9196102122675107
       19.6382507620991085       19.9326708766511054
       17.0531581560893599       20.8398268900455719
       18.2736583594893141       25.3209131534300731
       20.1704744338966186      -25.1412931819259953
       17.6523254891444132        1.1178928276837088
       18.9756808647607471        9.8498689371106849
       20.2099014557038643       17.3830498351442735
       20.7413481683212026       27.2695214109804240
       19.9771790303282337       30.0000000114866623
       22.0136909497617665      -23.1438094197871251
       22.6271606740620008      -15.6556930044276985
       20.2185372014149358      -11.5169866763019488
       22.7483381342973274       -7.6828789573119245
       19.6128039272335783        4.2943571349980481
       19.7916731604713227        7.2102763779497803
       20.7313059576006999       24.5169465040122958
       20.0410117940911370      -30.0000000109362439
       22.7269022419548676      -12.9579866682045317
       20.0761093364391350        1.7053917482963803
       20.5443362621212415       11.7679042940841558
       21.6537409143291839       21.5559388912101504
       19.2269185038638106       22.5775327185409651
       23.1644534495046237       27.8708125297804123
       22.4329837936032916      -18.2904532839212237
       25.1921523147142139      -11.6348623082649016
       22.7039749538368589       -4.9186497440259842
       20.8513668897913895       -0.8141985908874683
       21.8856596185734986        5.4675891078520236
       21.6753587062749595        9.2283197842635261
       20.3217740069334205       14.8442512656634023
       23.0021316618063061       25.5723280874212584
       22.3679264975989511       30.0000000134249483
       21.6043106884205258      -27.5617966441618591
       24.7942527957830343      -22.6281148860044361
       22.7140844936864958      -10.2845614325928558
       23.0214924983047595        7.4234036802289491
       22.2515002578476420       13.6349932076395088
       22.8080972447806545       16.4018999737635589
       24.4412919494347989       20.5622130755956789
       23.2166742213329158       23.1460782808782106
       23.0723435070455380      -25.3140429133765856
       27.6239207197368124      -10.1894248310306956
       25.1485177190922364       -6.1749384136324625
       22.9186674008218070       -2.3538348484828737
       22.3724209703360515        3.0383049533456963
       24.9751193464351431       18.1762962041011740
       22.3062971954999867       19.0060507904541645
       25.5417856773590621       27.5170406682923563
       25.5805609588081104      -25.1991019176330653
       24.8857546294305365      -19.8976183853088848
       25.2110903845319996       -8.9068886273570254
       22.9054639785867025        0.5244121799724729
       24.4514421706524878       14.1037245036426473
       25.6683276365822941       22.5619696098627252
       25.3711461981574722       25.1326915996824809
       25.0370126804552093       30.0000000137709648
       22.7094590823601585      -30.0000000106843245
       25.1501439860337648      -14.4053472338679853
       25.3021103076100573       -3.5035699496857609
       24.9635079963827557        9.5556806863667489
       25.7020025905208591       15.8879399282324485
       24.5402882314090363      -27.6860385833654448
       27.5540147082134403      -15.7896253962424318
       27.5938542760081660      -12.9904732429031053
       27.5997133479586303       -7.3978817775576244
       27.6990614000197972       -1.8687641072589982
       25.0445398103728216        2.0501920965171525
       24.6593449621439333        4.6653990984755458
       25.3878260142033483        7.0044093846206588
       23.1964931871107360       11.2328405022123530
       27.7223190726981130       27.4838091657687542
       27.6404988562913161      -23.9941802993345839
       27.4831400367555965      -18.5599914244432718
       25.0470605296233195      -17.1673407646668821
       27.6540283684186861       -4.6545375504895077
       25.2282816604303548       -0.7764990835326414
       27.4762432337555040        0.8133129918698981
       27.3346973472662285        3.4347330873569928
       30.0000000113223528        9.1562437710818561
       27.5313679514060397        8.6487255403743362
       25.6308342955895263       12.2093287333199285
       27.7374439809327207       17.1556035618032290
       27.2320950651416567       19.7430411248276272
       27.6319062031232683       24.9072212639649422
       27.5286303704514204       30.0000000112274030
       27.6834961679229821      -30.0000000058377267
       27.4333488573210040      -27.1535395652444791
       30.0000000127020385       -2.9607079895487276
       30.0000000089316110        2.2958266492798920
       27.5280361232511908        5.8679814229100806
       27.6023478618884219       14.1393406841267169
       30.0000000105913145       18.4072129745291022
       27.3798474888433923      -21.2840587673835486
       30.0000000089665058      -19.7840570976942196
       30.0000000115579901      -11.5003648510214749
       30.0000000116342704       -8.6732614052740296
       30.0000000121989849       -5.8437709752033733
       30.0000000101813100        6.8941023228207046
       27.6553250702870130       11.2259024750166905
       27.7889683220115202       22.1972020877470584
       30.0000000130408573       25.4714836389843455
       25.3415881412877404      -30.0000000099545545
       30.0000000082696872      -25.1596006278312032
       30.0000000101424291      -22.4258074184051601
       30.0000000102284332      -17.0693904185326524
       30.0000000109928138      -14.3015672676136383
       30.0000000104714708        4.5558546239613111
       30.0000000102575939       13.5551460636002385
       30.0000000109593294       20.6554578817280081
       30.0000000138033442       23.1333231201517364
       30.0000000124025306       27.7967606032287726
       30.0000000086441823      -27.6373300136149105
       30.0000000116745085       11.3893503158607032
       30.0000000112104068       15.9064335409397284
