*PARAMETER
num-dim: 2
*MATPROP
b-plane-strain: 1
young's-modulus: 200.0
poisson's-ratio: 0.3
*NODE
num-node: 686
nodal-coord:
-30.000000 0.000000
30.000000 0.000000
-30.000000 -30.000000
-30.000000 30.000000
30.000000 -30.000000
30.000000 30.000000
-30.000000 -16.689011
-30.000000 -11.149996
-30.000000 -8.429343
-30.000000 -2.885010
-30.000000 -27.614203
-30.000000 -24.980937
-30.000000 -22.335883
-30.000000 -13.897005
-27.483058 -12.513958
-27.465998 -7.112296
-30.000000 -5.686557
-30.000000 8.882525
-30.000000 11.934948
-30.000000 24.166833
-30.000000 27.074636
-27.251871 -30.000000
-30.000000 -19.529974
-30.000000 15.160878
-30.000000 18.121626
-27.689684 30.000000
-27.654624 -18.134052
-27.430468 -9.792325
-27.560717 -4.354913
-27.713149 -1.419647
-27.739154 1.517558
-30.000000 5.907150
-28.117433 13.424679
-27.698527 19.671252
-27.420649 25.379121
-27.415189 -23.991160
-30.000000 2.954962
-27.772726 7.370188
-27.881656 10.337431
-30.000000 21.139521
-27.568771 -26.767897
-25.179676 -22.413455
-27.628405 -21.087849
-27.560584 -15.281152
-25.416571 -2.769990
-27.364746 27.756200
-25.198406 -16.716926
-25.013752 -5.772988
-25.399243 18.432412
-27.718945 22.621738
-25.227474 30.000000
-25.364607 -19.529445
-25.030201 -13.938696
-24.831180 -8.456464
-23.146736 -4.018397
-25.455624 0.165597
-26.075515 14.451447
-27.573278 16.645984
-25.390492 21.460737
-24.699685 27.244976
-25.448689 -27.784114
-24.697854 -25.187928
-24.926084 -11.180067
-23.140116 1.783813
-25.448927 3.061611
-27.740636 4.441537
-25.554384 8.835413
-25.777874 11.683695
-23.592148 13.182893
-24.385191 15.990792
-23.300959 20.120711
-25.131477 24.165335
-24.212885 -30.000000
-22.492848 -23.056241
-22.935686 -20.650664
-22.793755 -18.153230
-22.343947 -9.929280
-23.171632 -1.092367
-25.471104 5.951929
-22.492502 22.598964
-22.845424 25.227235
-21.283920 -30.000000
-22.634816 -15.475792
-22.285918 -7.091087
-23.319811 10.399896
-22.746418 -27.612714
-20.410771 -20.308330
-22.493975 -12.687213
-20.910179 -4.829602
-23.150352 4.656902
-21.611142 14.770549
-22.497007 17.482884
-20.874284 19.500086
-18.182792 -30.000000
-19.803352 -27.920214
-21.699240 -25.421105
-19.818899 -23.035118
-20.297341 -17.432040
-20.852063 -2.130072
-20.937585 9.168984
-21.050978 12.017152
-21.751756 27.543047
-19.066336 -25.712062
-20.810993 3.444370
-23.201702 7.535608
-19.939846 21.718648
-22.829631 30.000000
-20.176112 30.000000
-17.660383 -21.391773
-17.903011 -16.030636
-20.174340 -14.497096
-19.916873 -11.747879
-20.859160 6.293071
-19.880763 16.613569
-20.283221 24.789889
-18.515786 -3.559406
-18.892044 13.723818
-16.273890 14.103975
-17.347494 16.310745
-19.059426 27.450623
-17.530380 30.000000
-18.465172 -0.760239
-20.808346 0.625106
-18.474705 2.108717
-16.218876 9.057228
-18.596377 7.875586
-18.657882 10.769069
-18.435452 18.929076
-17.347363 25.381629
-17.476070 -13.446976
-16.965241 -7.914354
-19.848716 -8.924068
-19.156546 -6.457492
-18.505751 4.990010
-16.206338 6.381505
-16.318980 11.734130
-18.080970 23.129266
-15.344431 -30.000000
-17.859066 -18.929815
-16.513909 -5.194864
-16.122161 -2.287550
-16.196759 0.580514
-13.837309 10.239466
-16.905937 20.711375
-15.455506 22.860990
-16.172102 27.671847
-17.168445 -24.347719
-15.722199 -17.427387
-17.485269 -10.561201
-13.970807 1.937046
-16.191379 3.503675
-14.286430 15.703601
-15.585130 18.159915
-14.755505 30.000000
-15.400174 -22.439045
-14.808805 -19.902295
-13.821696 -0.876795
-13.931654 4.926643
-12.453661 -30.000000
-13.780555 -27.582372
-16.711872 -27.401476
-14.676808 -25.128918
-13.036042 -22.381791
-13.082047 -17.560894
-14.914436 -15.028805
-11.668474 -15.484334
-11.867861 3.378990
-13.697139 12.973287
-13.417586 27.619380
-12.064914 -24.983555
-10.462367 -22.387224
-13.649355 7.576358
-11.219899 8.738608
-14.617429 25.197854
-10.948767 -27.544593
-11.683384 -19.911183
-15.195514 -12.052619
-12.703766 17.607528
-14.061949 20.207046
-14.759633 -9.359106
-13.978390 -3.888388
-11.735628 -2.423089
-11.471799 0.620605
-11.232815 5.911341
-11.479305 11.401374
-11.603836 14.641367
-12.020325 25.197152
-12.010636 30.000000
-9.407208 -25.104718
-8.509451 -20.033482
-10.040991 -17.714935
-12.471499 -10.786758
-14.239513 -6.618769
-11.539424 -5.308427
-9.560935 -0.887324
-12.932114 22.529728
-9.610309 -30.000000
-7.980424 -22.646167
-5.637105 -22.366900
-8.813949 -15.111376
-12.962164 -13.345152
-10.365914 -12.864900
-9.849881 -10.164341
-12.088628 -8.134883
-8.709596 -4.878627
-9.362257 -3.017866
-9.151618 1.155850
-9.596562 3.017648
-8.540950 4.701206
-10.185094 17.016647
-5.527067 -19.737010
-7.214019 -17.411884
-7.865508 -1.714511
-7.604582 1.294170
-8.844347 7.090083
-9.602611 12.531543
-11.308546 19.886398
-6.779612 -30.000000
-8.079440 -27.580899
-7.275043 -6.473791
-6.724780 -4.591363
-7.440115 -3.211905
-7.894312 -0.171764
-6.735231 0.402985
-7.717900 2.739336
-6.794714 3.991532
-8.702157 9.780837
-10.561166 22.874608
-7.797364 23.233801
-9.298524 25.366010
-10.690825 27.643155
-6.644161 -25.143442
-6.140962 -14.601534
-7.811758 -12.275420
-9.566702 -7.483437
-6.150941 -3.081110
-6.558518 -2.002781
-6.767927 -0.832660
-5.984047 -0.437242
-5.889049 1.148524
-6.567028 1.668188
-6.330005 2.721013
-5.384182 4.638552
-6.746092 5.553928
-5.158061 6.087043
-6.550618 7.475883
-8.357623 18.657453
-9.034183 20.926762
-5.176366 23.101064
-9.255833 30.000000
-4.000973 -24.681261
-4.496785 -17.100990
-7.268828 -9.423118
-5.728032 -7.346418
-5.500340 -5.587107
-4.815559 -4.699750
-5.602162 -4.021884
-5.190735 -3.009364
-5.582973 -2.197820
-5.852532 -1.322070
-5.989036 0.362556
-5.650451 2.018019
-5.298189 2.815882
-5.649519 3.611498
-4.259733 4.225479
-3.715122 6.034008
-7.132576 11.882495
-8.678722 14.687971
-1.541947 -30.000000
-5.186295 -27.494557
-5.283418 -11.734486
-4.045661 -5.513896
-4.079809 -4.399450
-4.700867 -3.728518
-4.784095 3.621110
-4.362245 5.108585
-5.685237 9.423994
-7.058042 16.494101
-6.397184 20.779595
-6.446358 25.517179
-7.900613 27.708053
-6.468414 30.000000
-4.038709 -30.000000
-2.503473 -27.007103
-2.545589 -19.092857
-4.625057 -8.931543
-4.245438 -6.722130
-3.546404 4.839733
-3.051953 9.054527
-5.878622 14.012525
-5.382519 18.469458
-3.688012 25.408622
-3.172060 -21.743450
-2.781354 -9.647136
-3.054759 -7.578500
-2.987324 -6.152697
-3.450113 -4.908841
-2.887775 5.259349
-4.395305 7.533450
-2.850330 7.282762
-4.233153 16.030026
-3.675777 20.626775
-3.544689 -14.528237
-2.841664 -12.223142
-1.918415 -6.687406
-2.806938 -5.302933
-2.039679 -5.642669
-2.653399 6.169184
-4.386752 11.569441
-2.614792 18.128291
-2.629270 22.942292
-5.047199 27.757768
-0.172362 -27.806132
-1.442932 -23.970496
-1.636115 -16.442685
-0.630517 -13.635729
-0.605876 -10.570059
-1.577908 -8.233932
-1.233881 -5.871758
-2.078376 5.628530
-0.673094 9.138309
-1.740417 11.026306
-1.393426 15.791993
-1.022503 20.258340
-0.270315 22.525127
-0.488770 -21.132691
-0.428908 -5.984650
-1.324057 5.852083
-1.620509 6.613299
-1.472729 7.845715
-2.997888 13.658043
0.237647 18.022073
-3.663550 30.000000
1.291250 -30.000000
2.583072 -27.570458
0.380288 -18.443902
-0.790220 -6.911396
-0.600451 5.969879
-0.500649 6.828693
-0.323879 13.221663
-0.933447 25.150444
-2.262088 27.604013
-0.187867 -8.320120
0.350363 -6.812163
0.349129 -5.989834
0.199470 5.996683
0.720842 6.688527
0.256255 7.753837
0.997443 10.645646
1.252267 15.474155
1.800848 23.244350
0.380869 27.753908
1.020495 -15.733531
1.767145 -12.418565
1.125878 -7.729542
1.101721 -5.897984
1.093575 5.899500
2.294074 12.890333
1.815696 20.438188
1.471511 -22.996606
2.347876 -20.359473
1.261829 -9.576035
1.953676 -5.673019
1.802098 5.722975
2.460006 6.274739
1.434845 8.718469
-0.960472 30.000000
0.547260 -25.497593
3.278116 -9.921500
1.632934 -6.619614
2.516803 -7.927778
2.699851 -5.358247
2.626829 5.394420
1.741594 7.082148
3.830596 15.233200
2.821553 17.818947
4.049837 22.503261
1.520202 25.578525
3.142863 -14.585852
3.621254 -5.809122
2.781157 -6.476612
3.441733 -4.914720
4.036000 -4.439674
3.356790 4.973124
1.800415 30.000000
3.266626 -17.607425
4.828560 -12.336544
4.031608 -7.625699
4.662339 -6.198108
5.935393 -5.384036
4.499602 3.969078
3.547271 5.768305
3.593244 10.165458
3.219892 27.757076
3.465308 -25.117978
4.307163 -22.644541
5.031086 -20.120055
5.508080 -9.475777
4.617392 -4.963588
5.412370 -4.068004
4.593554 -3.859956
5.051779 3.237209
5.272384 4.094325
3.967321 4.501151
4.442544 5.094302
4.701394 6.425215
3.385542 6.964891
5.381399 -15.346964
5.117393 -3.132457
5.527139 -2.334682
5.781566 -1.604210
5.939915 -0.847003
5.999957 -0.022832
5.945262 0.808617
5.733655 1.767825
5.446222 2.517670
5.492722 5.092144
2.970411 8.228309
4.502006 20.005052
4.032131 25.248260
7.105851 -22.345674
6.631740 -4.165205
6.078012 -3.001058
6.534763 -1.803640
6.843932 -0.668523
6.894627 0.415462
6.434755 1.402152
6.537121 2.480676
6.078801 3.339684
6.276559 6.236990
6.593827 10.309037
6.613987 21.846737
5.280693 -27.467997
6.322462 -24.894128
6.094686 -17.745374
7.394144 -13.761269
7.593929 -11.237475
6.007716 -7.228257
7.305117 -2.701950
7.922110 -1.338905
7.504370 1.619403
6.672264 4.388243
5.006037 8.156765
4.752498 12.576251
5.876342 27.395006
4.542636 30.000000
4.005558 -30.000000
7.945461 -27.266033
7.824859 -19.648250
10.034555 -18.496955
8.243566 -16.315208
8.174310 -8.540787
7.780554 -5.995386
8.191526 0.149870
7.793592 3.231971
7.328159 7.719055
7.165904 12.808269
5.472505 17.587078
6.230572 24.439215
6.678720 -30.000000
9.760256 -21.618112
10.253860 -4.962263
8.159102 -4.107208
9.914777 -0.662537
8.997346 1.694862
8.078155 5.273167
9.397449 9.325169
6.349447 15.168848
8.819331 23.159203
7.079016 30.000000
9.203233 -24.535827
12.661845 -17.343381
10.513066 -7.468143
9.238968 -2.556782
9.896978 3.779296
9.328364 11.761854
9.523512 20.846440
10.649496 25.166221
8.254684 25.723560
8.562078 27.891144
9.998639 -13.139273
10.234878 -10.373622
11.824564 -2.843134
12.232769 5.406763
9.978161 6.720700
9.087982 14.597117
8.269380 17.085621
7.356684 19.473963
11.100144 27.460001
9.268761 -30.000000
10.473767 -27.491087
10.607956 -15.664960
14.252678 -3.144621
12.121099 8.189436
11.853526 10.720973
14.029640 12.313050
11.494141 13.371001
11.075029 16.109748
10.327679 18.571975
11.574470 22.681854
13.367369 -27.528161
11.823831 -25.355239
12.012006 -22.972022
12.651044 -8.885837
13.040803 17.787915
14.317531 22.342120
13.111151 24.903605
9.835035 30.000000
11.962477 -30.000000
12.162941 -20.109207
15.096090 -16.105953
12.882762 -5.817092
12.998300 -0.373158
10.968999 1.240325
12.692626 2.826764
14.596435 7.019783
12.385574 20.330348
17.317136 -30.000000
14.679893 -30.000000
14.388973 -21.747165
14.825352 -18.978359
12.545521 -11.782799
15.043436 -8.001754
15.539599 -5.469939
14.870449 4.516733
13.533989 27.499402
14.547869 -24.774726
12.840543 -14.386079
14.984790 -10.703352
17.475625 -10.044866
14.924769 1.710010
14.446189 9.667471
16.004043 -27.372937
17.410317 -17.797613
15.262001 -13.288157
17.060177 -3.066571
15.651532 -0.807513
17.239750 3.414011
13.545808 15.040139
15.474299 16.839257
12.346480 30.000000
16.658342 -22.916482
17.633478 -15.120482
17.741190 -12.495870
17.680556 -7.571409
17.344347 6.020565
15.999028 14.022333
17.940544 15.704352
17.576835 18.292821
14.973529 19.621192
16.057976 27.537343
14.863166 30.000000
17.153710 -20.439102
20.004045 -16.874536
20.211696 -14.184792
20.120262 -8.977695
16.946217 8.452160
16.585966 11.225595
16.697677 23.195165
15.470640 25.211907
18.787117 -27.595785
19.773505 -19.610829
20.227281 -3.480601
18.475174 27.692168
17.389358 30.000000
17.556116 -25.101964
19.379414 -22.402138
22.217064 -20.851895
20.429012 -6.378969
18.226262 -5.149533
18.543275 -1.144379
18.440542 12.919610
19.638251 19.932671
17.053158 20.839827
18.273658 25.320913
20.170474 -25.141293
17.652325 1.117893
18.975681 9.849869
20.209901 17.383050
20.741348 27.269521
19.977179 30.000000
22.013691 -23.143809
22.627161 -15.655693
20.218537 -11.516987
22.748338 -7.682879
19.612804 4.294357
19.791673 7.210276
20.731306 24.516947
20.041012 -30.000000
22.726902 -12.957987
20.076109 1.705392
20.544336 11.767904
21.653741 21.555939
19.226919 22.577533
23.164453 27.870813
22.432984 -18.290453
25.192152 -11.634862
22.703975 -4.918650
20.851367 -0.814199
21.885660 5.467589
21.675359 9.228320
20.321774 14.844251
23.002132 25.572328
22.367926 30.000000
21.604311 -27.561797
24.794253 -22.628115
22.714084 -10.284561
23.021492 7.423404
22.251500 13.634993
22.808097 16.401900
24.441292 20.562213
23.216674 23.146078
23.072344 -25.314043
27.623921 -10.189425
25.148518 -6.174938
22.918667 -2.353835
22.372421 3.038305
24.975119 18.176296
22.306297 19.006051
25.541786 27.517041
25.580561 -25.199102
24.885755 -19.897618
25.211090 -8.906889
22.905464 0.524412
24.451442 14.103725
25.668328 22.561970
25.371146 25.132692
25.037013 30.000000
22.709459 -30.000000
25.150144 -14.405347
25.302110 -3.503570
24.963508 9.555681
25.702003 15.887940
24.540288 -27.686039
27.554015 -15.789625
27.593854 -12.990473
27.599713 -7.397882
27.699061 -1.868764
25.044540 2.050192
24.659345 4.665399
25.387826 7.004409
23.196493 11.232841
27.722319 27.483809
27.640499 -23.994180
27.483140 -18.559991
25.047061 -17.167341
27.654028 -4.654538
25.228282 -0.776499
27.476243 0.813313
27.334697 3.434733
30.000000 9.156244
27.531368 8.648726
25.630834 12.209329
27.737444 17.155604
27.232095 19.743041
27.631906 24.907221
27.528630 30.000000
27.683496 -30.000000
27.433349 -27.153540
30.000000 -2.960708
30.000000 2.295827
27.528036 5.867981
27.602348 14.139341
30.000000 18.407213
27.379847 -21.284059
30.000000 -19.784057
30.000000 -11.500365
30.000000 -8.673261
30.000000 -5.843771
30.000000 6.894102
27.655325 11.225902
27.788968 22.197202
30.000000 25.471484
25.341588 -30.000000
30.000000 -25.159601
30.000000 -22.425807
30.000000 -17.069390
30.000000 -14.301567
30.000000 4.555855
30.000000 13.555146
30.000000 20.655458
30.000000 23.133323
30.000000 27.796761
30.000000 -27.637330
30.000000 11.389350
30.000000 15.906434
*ELEMENT
num-elem: 1237
num-elem-node: 3
elem-conn:
22 11 3
61 22 73
50 20 40
50 34 59
40 34 50
141 142 122
131 140 133
157 142 141
1 31 37
120 108 102
174 169 146
124 122 142
675 676 644
651 685 671
653 671 663
557 516 546
557 587 578
546 587 557
578 587 601
331 309 322
25 34 40
25 24 58
58 34 25
59 34 49
49 34 58
102 108 107
657 683 6
116 140 141
141 122 116
89 133 116
116 133 140
142 157 150
141 140 181
181 157 141
32 37 66
66 37 31
30 31 1
1 10 30
30 10 29
157 181 182
121 120 146
108 120 121
129 174 146
146 120 129
145 129 137
174 129 145
122 124 123
64 78 123
165 177 130
306 297 272
211 190 199
199 190 198
212 190 211
191 190 212
659 675 644
634 674 659
640 639 650
629 674 634
621 659 644
634 659 621
640 650 662
679 670 662
662 650 679
632 671 653
608 601 587
587 600 608
608 632 601
608 600 640
216 185 227
290 309 331
215 184 209
244 215 209
350 376 332
227 185 173
173 215 227
184 215 173
332 376 359
673 656 682
627 656 643
643 620 627
643 673 683
656 673 643
683 657 643
643 657 620
575 559 594
103 95 161
131 133 132
139 87 109
139 109 156
156 148 139
109 87 97
11 22 41
22 61 41
70 49 58
59 49 71
80 71 93
59 71 80
143 173 185
186 216 268
185 216 186
58 24 33
33 24 19
19 18 39
39 33 19
68 33 39
21 46 4
4 46 26
26 46 51
20 50 35
35 21 20
46 21 35
51 46 60
60 81 102
46 35 60
102 107 60
60 107 51
446 445 470
470 445 480
352 385 367
325 359 351
351 359 377
99 116 122
122 123 99
99 123 78
89 116 99
183 150 157
157 182 183
167 150 183
206 182 194
194 182 181
65 66 31
29 10 17
31 30 56
56 78 64
64 65 56
56 65 31
207 183 195
195 182 206
195 183 182
256 255 272
208 225 209
207 225 208
208 184 167
209 184 208
167 183 208
208 183 207
144 145 137
151 124 142
142 150 151
313 269 334
219 197 218
164 148 156
191 166 164
164 165 148
166 165 164
177 165 201
201 165 166
201 166 202
274 256 273
272 297 273
273 256 272
259 236 258
211 199 293
314 326 293
254 255 220
220 253 254
191 212 200
202 166 200
200 166 191
200 212 233
200 234 202
233 234 200
233 212 252
252 212 211
675 659 684
658 659 674
5 684 658
658 684 659
635 677 678
619 579 610
619 573 579
682 656 672
680 686 663
680 671 685
680 663 671
610 633 618
618 619 610
611 619 618
618 655 611
653 663 625
663 633 625
625 633 610
610 609 625
578 601 592
642 632 653
653 625 642
642 625 609
601 632 642
642 592 601
609 592 642
651 671 652
671 632 652
652 670 651
652 662 670
309 290 267
267 216 227
268 216 267
267 290 268
300 299 266
289 322 309
299 300 289
289 300 330
277 267 227
309 267 277
277 289 309
299 289 277
349 393 358
358 350 340
331 322 340
340 349 358
322 349 340
323 350 332
331 340 323
323 340 350
167 184 158
135 151 158
158 150 167
158 151 150
489 478 507
176 190 191
191 164 176
156 163 176
176 164 156
162 163 155
156 109 155
155 163 156
95 82 94
94 161 95
89 99 55
55 99 78
84 133 89
84 132 133
89 55 84
84 55 48
28 15 63
9 8 28
8 15 28
110 139 148
110 165 130
148 165 110
74 97 87
77 112 132
132 84 77
130 177 149
149 112 130
131 132 149
132 112 149
63 15 53
14 15 8
11 41 12
12 41 36
27 7 23
23 43 27
91 70 69
93 71 92
92 114 93
49 70 92
92 71 49
92 70 91
91 114 92
81 80 115
137 129 115
115 129 120
115 120 102
102 81 115
106 80 93
106 144 137
137 115 106
106 115 80
136 127 125
125 143 136
117 114 91
117 136 118
127 136 117
124 151 134
134 151 135
168 143 185
185 186 168
118 136 168
168 136 143
168 152 118
186 152 168
66 65 79
169 231 188
188 231 250
620 657 628
81 60 72
72 60 35
59 80 72
72 80 81
72 50 59
72 35 50
445 446 394
394 446 385
385 352 394
394 352 378
479 478 489
489 480 479
479 445 459
479 480 445
206 194 205
205 222 206
257 256 274
274 258 257
257 258 236
255 256 257
214 225 207
214 241 225
119 152 153
118 152 119
119 117 118
114 117 119
93 114 128
128 106 93
144 106 128
114 119 128
153 144 128
128 119 153
229 279 249
325 351 341
341 351 378
378 352 341
169 174 187
187 231 169
314 293 251
251 293 199
170 163 162
405 392 384
285 293 326
285 326 336
336 315 285
315 252 285
211 293 285
285 252 211
272 255 287
255 254 287
303 315 316
316 304 303
303 252 315
233 252 303
253 234 271
271 234 233
233 303 271
271 303 304
317 304 316
316 354 317
317 354 362
645 666 677
677 635 645
679 650 661
649 650 639
649 661 650
2 661 649
553 562 534
553 520 542
534 562 554
336 326 361
460 433 447
627 620 603
603 612 627
573 619 593
594 573 593
611 612 593
593 619 611
682 672 681
681 672 655
663 686 654
654 633 663
654 618 633
655 618 654
626 612 611
611 655 626
655 672 626
627 612 626
626 656 627
626 672 656
662 652 641
641 652 632
632 608 641
640 662 641
641 608 640
299 277 246
215 244 246
227 215 246
246 277 227
226 243 244
209 225 226
226 244 209
266 299 245
244 243 245
299 246 245
245 246 244
384 392 373
373 392 365
339 348 330
339 347 348
346 347 339
365 392 407
321 349 322
321 289 330
322 289 321
330 348 321
366 418 393
393 349 366
366 321 348
349 321 366
173 143 172
184 173 172
172 158 184
135 158 172
125 135 172
172 143 125
162 155 147
103 161 147
147 161 162
147 155 109
109 97 147
147 97 103
161 94 138
29 48 45
48 55 45
45 30 29
45 55 78
78 56 45
45 56 30
16 48 29
9 28 16
16 17 9
29 17 16
130 112 111
111 110 130
62 41 61
36 41 62
103 97 96
97 74 96
74 62 96
96 95 103
112 77 88
88 111 112
83 111 88
88 53 83
88 77 63
63 53 88
54 84 48
54 77 84
63 77 54
54 28 63
48 16 54
54 16 28
27 43 52
44 53 15
44 7 27
44 14 7
15 14 44
47 76 83
83 53 47
53 44 47
47 52 76
27 52 47
47 44 27
43 23 13
36 43 13
13 12 36
68 69 57
57 69 70
57 33 68
57 70 58
58 33 57
85 69 68
90 65 64
90 79 65
154 121 146
146 169 154
169 188 154
333 282 312
470 480 508
508 480 489
489 541 508
575 564 551
459 445 420
445 394 420
420 394 378
420 377 459
420 351 377
378 351 420
235 205 194
194 204 235
220 205 235
235 253 220
131 149 180
180 149 177
193 194 181
193 204 194
193 181 140
193 180 204
193 140 131
131 180 193
220 255 221
255 257 221
221 205 220
222 205 221
221 236 222
221 257 236
207 195 223
223 214 207
279 291 302
302 249 279
268 290 278
331 323 301
301 290 331
301 278 290
291 278 301
210 186 268
268 278 210
179 144 153
145 144 179
248 279 229
292 249 311
325 341 311
311 341 292
249 302 311
342 341 352
292 341 342
342 352 367
367 333 342
333 312 342
342 312 292
218 283 270
270 219 218
163 170 171
171 176 163
198 190 171
190 176 171
198 171 189
189 171 170
160 170 162
160 138 159
162 161 160
161 138 160
197 219 175
170 160 175
219 189 175
175 189 170
159 197 175
175 160 159
343 317 362
417 405 403
296 306 272
272 287 296
296 307 306
304 317 294
294 271 304
636 635 678
636 614 597
636 630 635
597 630 636
676 666 665
666 645 665
644 676 665
583 554 596
596 554 562
660 2 638
2 649 638
561 576 566
566 533 561
567 553 542
562 553 567
542 566 567
567 566 576
605 629 634
605 576 561
589 629 605
605 561 589
360 326 314
360 361 326
449 397 421
511 535 528
528 535 522
481 528 522
527 566 542
533 566 527
542 520 527
520 503 527
631 615 647
647 638 631
647 669 660
660 638 647
616 624 599
599 563 616
599 624 591
376 350 375
375 350 358
358 393 444
444 375 358
468 375 444
459 377 432
377 359 419
419 359 376
419 432 377
488 432 419
612 603 588
594 593 588
588 593 612
588 575 594
499 487 498
488 487 499
579 573 549
578 592 572
497 476 495
664 654 686
664 681 655
655 654 664
275 265 243
243 226 264
263 275 264
264 275 243
288 298 266
243 265 276
276 245 243
265 288 276
266 245 276
276 288 266
357 347 346
392 405 406
406 407 392
405 417 406
348 347 374
374 366 348
347 357 374
418 366 374
365 407 374
374 407 418
110 111 98
139 110 98
83 76 98
98 111 83
87 139 98
98 76 87
86 62 61
86 96 62
86 61 73
73 82 86
86 82 95
95 96 86
42 52 43
42 43 36
36 62 42
42 62 74
76 52 75
75 74 87
87 76 75
75 42 74
52 42 75
69 85 101
127 117 101
91 69 101
101 117 91
68 39 67
67 85 68
127 101 100
100 101 85
64 123 104
104 90 64
104 123 124
124 134 104
250 231 281
281 282 250
281 312 282
565 564 581
565 551 564
581 564 580
580 588 603
580 564 575
575 588 580
489 507 526
526 541 489
560 506 559
507 506 560
559 575 560
575 551 560
560 526 507
551 526 560
203 235 204
253 235 203
202 234 203
203 234 253
237 236 259
222 236 237
213 223 195
206 222 213
213 195 206
222 237 213
241 214 224
214 223 224
310 323 332
310 301 323
310 302 291
291 301 310
178 152 186
186 210 178
178 210 217
217 179 178
153 152 178
178 179 153
145 179 196
174 145 196
196 187 174
196 179 217
247 210 278
279 248 247
217 210 247
247 248 217
247 291 279
247 278 291
251 270 284
314 251 284
269 313 284
284 283 269
284 270 283
232 270 251
198 189 232
219 270 232
232 189 219
232 199 198
232 251 199
353 315 336
316 315 353
353 354 316
353 379 354
369 371 362
362 354 369
355 343 362
362 371 355
355 344 343
355 371 370
370 344 355
403 405 391
356 344 370
522 535 529
583 630 590
590 630 597
534 554 543
511 534 543
543 535 511
462 453 473
485 466 475
466 455 475
475 455 465
319 307 305
307 296 305
317 343 318
318 294 317
294 318 295
295 318 305
295 296 287
295 305 296
253 271 286
271 294 286
286 254 253
294 295 286
286 287 254
286 295 287
646 645 635
635 630 646
646 630 583
583 596 646
668 614 667
667 636 678
614 636 667
637 614 668
637 647 615
668 669 637
669 647 637
597 614 623
623 615 585
623 637 615
614 637 623
582 567 576
648 638 649
648 649 639
639 624 648
631 638 648
648 616 631
624 616 648
335 313 334
334 447 335
447 433 335
433 434 395
395 335 433
397 361 396
361 360 396
360 395 396
421 397 396
396 434 421
396 395 434
461 449 421
511 528 472
561 533 518
533 519 518
589 561 518
448 434 433
433 460 448
533 527 501
491 509 501
501 519 533
501 509 519
617 591 624
640 600 617
617 639 640
617 624 639
586 587 546
586 600 587
586 617 600
591 617 586
556 569 545
585 569 556
598 616 563
563 569 598
598 569 585
585 615 598
598 615 631
631 616 598
523 545 524
571 563 599
571 536 563
599 591 571
488 419 458
468 487 458
458 487 488
458 419 376
376 375 458
458 375 468
468 444 457
610 579 602
602 609 610
602 592 609
602 572 592
496 497 495
242 262 263
263 264 242
241 262 242
242 264 226
225 241 242
242 226 225
364 373 365
365 374 364
364 374 357
308 300 266
266 298 308
298 320 308
329 339 330
330 300 329
300 308 329
329 320 328
329 308 320
430 406 417
38 39 18
38 67 39
38 18 32
79 67 38
32 66 38
66 79 38
126 135 125
126 134 135
125 127 126
127 100 126
105 67 79
79 90 105
85 67 105
105 100 85
230 281 231
231 187 230
312 281 280
229 249 280
280 230 229
281 230 280
280 249 292
292 312 280
581 580 604
551 565 552
541 526 552
552 526 551
192 203 204
204 180 192
192 201 202
202 203 192
177 201 192
192 180 177
238 224 223
223 213 238
238 213 237
240 262 241
241 224 240
324 310 332
324 359 325
332 359 324
302 310 324
325 311 324
324 311 302
386 361 397
336 361 386
386 353 336
379 353 386
386 408 379
451 481 436
436 408 451
404 405 384
404 391 405
363 356 370
344 356 345
370 371 381
381 380 372
381 363 370
372 363 381
388 369 398
371 369 388
388 381 371
380 381 388
544 529 535
535 543 544
555 554 583
583 590 555
555 590 584
555 543 554
584 544 555
555 544 543
607 590 597
607 623 585
597 623 607
584 590 607
585 556 607
607 556 584
504 529 523
522 529 504
482 481 522
522 504 482
482 504 473
442 455 466
466 430 442
442 430 417
442 417 403
429 442 403
455 442 429
344 345 327
343 344 337
337 318 343
305 318 337
344 327 337
319 305 337
337 327 319
606 621 644
644 665 606
634 621 613
613 605 634
621 606 613
613 606 582
576 605 613
613 582 576
313 335 368
335 395 368
368 395 360
368 360 314
314 284 368
368 284 313
510 503 520
510 461 503
492 472 528
492 481 451
528 481 492
521 534 511
511 472 521
521 553 534
520 553 521
521 510 520
472 510 521
490 509 491
491 448 490
490 448 460
434 448 471
421 434 471
471 461 421
471 448 491
503 461 471
570 524 545
536 524 570
545 569 570
570 569 563
563 536 570
462 473 512
473 504 512
523 524 512
512 504 523
538 586 546
591 586 538
577 538 531
577 571 591
591 538 577
476 497 486
486 457 476
486 497 498
498 487 486
486 487 468
468 457 486
505 499 498
505 517 499
500 506 507
500 517 506
500 507 478
558 557 578
578 572 558
572 547 558
558 547 496
532 495 494
532 496 495
532 494 516
532 558 496
516 557 532
557 558 532
346 339 338
339 329 338
338 329 328
406 430 443
393 418 443
418 407 443
407 406 443
113 105 90
113 104 134
90 104 113
134 126 113
113 126 100
100 105 113
217 248 228
228 196 217
228 248 229
229 230 228
187 196 228
228 230 187
595 580 603
595 604 580
595 603 620
620 628 595
628 604 595
224 238 239
435 386 397
408 386 435
397 449 435
435 449 451
451 408 435
398 369 387
354 379 387
387 369 354
379 408 387
408 436 387
380 388 389
529 544 530
530 545 523
523 529 530
530 556 545
584 556 530
530 544 584
452 482 473
452 473 453
437 436 481
481 482 437
482 452 437
437 452 398
398 387 437
437 387 436
403 391 402
402 429 403
582 606 568
568 596 562
562 567 568
567 582 568
450 510 472
472 492 450
449 461 450
461 510 450
451 449 450
450 492 451
502 471 491
503 471 502
491 501 502
502 527 503
502 501 527
493 524 536
493 512 524
484 494 485
516 494 484
485 475 484
475 515 484
525 515 531
531 538 525
516 484 525
525 484 515
546 516 525
525 538 546
540 549 550
550 505 540
506 517 550
517 505 550
469 500 478
478 479 469
469 479 459
459 432 469
572 602 548
548 547 572
579 549 548
548 602 579
548 549 540
540 547 548
497 496 539
496 547 539
539 547 540
498 497 539
539 505 498
540 505 539
456 443 430
456 466 485
456 430 466
261 240 224
224 239 261
260 238 237
260 239 238
260 237 259
438 388 398
438 389 388
398 452 438
438 452 453
380 389 399
440 439 474
455 429 428
414 426 427
622 568 606
622 606 665
622 646 596
596 568 622
622 665 645
645 646 622
514 475 465
514 515 475
537 493 536
537 577 531
536 571 537
571 577 537
574 550 549
574 549 573
559 506 574
506 550 574
594 559 574
574 573 594
500 469 477
499 517 477
517 500 477
488 499 477
477 432 488
477 469 432
467 456 485
495 476 467
485 494 467
494 495 467
443 456 431
431 457 444
456 467 431
431 444 393
393 443 431
476 457 431
431 467 476
372 380 382
380 399 382
390 399 389
390 438 453
389 438 390
412 411 424
439 440 424
411 410 424
465 455 441
455 428 441
441 428 427
427 426 441
441 454 465
441 426 454
427 428 415
415 414 427
426 414 413
464 440 474
454 440 464
465 454 464
464 514 465
493 537 513
514 464 513
513 537 531
531 515 513
515 514 513
383 382 399
474 439 463
463 462 474
463 453 462
399 390 400
412 424 425
425 424 440
425 413 412
426 413 425
425 440 454
454 426 425
416 428 429
416 415 428
429 402 416
493 513 483
474 462 483
483 464 474
483 513 464
462 512 483
512 493 483
439 424 423
423 424 410
422 400 390
422 390 453
453 463 422
422 423 400
422 463 439
439 423 422
401 383 399
399 400 401
400 423 409
409 401 400
409 423 410
*BOUNDARY
num-prescribed-disp: 0
node#-dof#-disp:
num-prescribed-load: 0
elem#-face#-trac:
