*PARAMETER
num-dim: 2
*MATPROP
b-plane-strain: 1
young's-modulus: 200.0
poisson's-ratio: 0.3
*NODE
num-node: 2077
nodal-coord:
-100.000000 0.000000
100.000000 0.000000
-100.000000 -30.000000
-100.000000 30.000000
100.000000 -30.000000
100.000000 30.000000
-100.000000 -16.482407
-100.000000 -10.886479
-100.000000 -8.213747
-100.000000 -2.652746
-100.000000 -27.506814
-100.000000 -24.751072
-100.000000 -22.061957
-100.000000 -13.678592
-97.559083 -12.205188
-97.933725 -6.641915
-100.000000 -5.291254
-100.000000 9.325531
-100.000000 12.358471
-100.000000 24.122446
-100.000000 27.197494
-97.497244 -30.000000
-100.000000 -19.275658
-100.000000 15.348285
-100.000000 18.264721
-97.666939 30.000000
-97.528148 -17.917149
-97.373878 -9.357506
-97.426575 -3.838255
-97.623421 -0.922666
-97.631660 2.116702
-100.000000 6.258144
-97.681866 13.946491
-100.000000 21.234956
-97.827672 25.365005
-97.378263 -23.594640
-100.000000 3.199941
-97.676453 7.917471
-97.696030 10.966374
-95.614044 -27.694691
-95.032762 -22.154219
-97.533248 -20.751048
-97.553675 -15.064769
-96.831891 27.537057
-95.116557 -16.511358
-95.702144 -6.550949
-97.571070 16.819321
-97.503749 22.636506
-95.114295 30.000000
-95.060502 -19.383122
-95.119406 -13.678454
-94.599254 -8.536428
-94.731256 -4.437534
-95.170299 -1.928627
-95.357931 12.685937
-95.253542 18.387187
-97.688468 19.726922
-95.277608 24.609258
-94.798946 -30.000000
-97.600914 -26.342453
-95.022522 -10.985200
-95.452349 0.881479
-93.254369 1.954664
-97.538973 4.982664
-95.133958 6.798506
-95.429245 9.642361
-95.136169 15.402096
-92.972561 17.021374
-93.385385 22.553278
-95.311198 21.174123
-92.383420 -30.000000
-94.725498 -25.064922
-92.450433 -20.700845
-92.726093 -17.908646
-92.253093 -9.334602
-92.446487 -3.452955
-92.383248 24.912774
-94.082063 27.294686
-90.069378 -30.000000
-92.749381 -14.932674
-92.628671 -6.385896
-90.801425 11.398118
-92.811794 -27.344322
-89.775625 -22.289293
-92.625288 -12.028367
-90.106238 -4.823747
-94.940221 3.985784
-92.489130 14.090801
-92.646129 19.730857
-90.906999 22.029254
-87.666719 -30.000000
-89.766036 -27.518578
-91.119238 -25.152352
-92.558985 -23.276778
-90.556280 -16.409581
-92.876205 -0.723131
-92.814615 8.903225
-93.262696 11.484684
-91.290377 27.398207
-88.379850 -24.915828
-90.745905 1.054768
-92.476896 6.356211
-88.384768 21.770784
-92.585591 30.000000
-89.978971 30.000000
-90.174134 -19.332553
-88.514420 -14.692162
-90.425858 -13.287794
-89.895153 -10.554944
-91.772452 3.909553
-90.667297 16.427268
-89.739734 24.592079
-87.908092 -3.105051
-89.562115 13.803363
-86.859554 13.867350
-88.167467 16.487040
-88.698450 27.161110
-87.467645 30.000000
-90.298731 -1.844966
-88.325892 -0.013769
-89.036610 3.058613
-84.860696 6.769663
-90.174271 8.693732
-88.098218 11.060466
-89.899467 19.156509
-87.062260 24.365331
-87.618014 -12.044192
-87.705397 -8.804555
-90.086276 -7.576079
-87.531538 -6.052320
-89.724337 5.846791
-87.726366 7.721778
-85.998656 9.360460
-84.045756 23.330319
-85.114064 -30.000000
-87.590845 -20.099801
-85.417428 -4.303310
-85.988330 -1.210829
-86.567729 1.936112
-85.132402 11.887768
-85.810325 21.467168
-86.291701 27.514811
-86.210801 -14.896690
-85.709990 -10.026110
-84.167951 0.796797
-86.995974 4.941240
-85.488025 16.381974
-87.126278 19.017204
-84.803024 30.000000
-86.793814 -22.603042
-88.050551 -17.398443
-83.572172 -2.237444
-84.519226 3.743890
-82.421644 -30.000000
-84.047386 -27.541862
-86.907425 -27.446943
-85.485318 -25.077654
-84.846559 -20.264343
-85.545954 -17.675270
-83.704195 -15.316102
-82.327601 5.180847
-83.796967 14.150640
-84.824791 25.587928
-82.609679 -25.207637
-83.901161 -22.749367
-82.260281 7.648568
-83.482651 9.702906
-83.385308 27.797581
-81.181878 -27.623645
-82.048359 -20.452521
-84.829370 -12.575789
-84.362593 18.788494
-82.957025 20.975453
-83.252027 -10.032307
-82.842491 -5.185133
-81.048592 -3.066167
-79.703738 4.427695
-82.038576 12.058381
-82.560061 16.427635
-82.074279 25.440643
-81.978028 30.000000
-79.732226 -25.367680
-80.144799 -18.178112
-82.888167 -17.943659
-82.233773 -12.910549
-84.878845 -7.315141
-79.913076 -5.602796
-81.706509 -0.160324
-81.092441 23.157433
-79.643708 -30.000000
-81.064550 -22.914636
-79.239253 -20.641073
-81.089090 -15.620001
-79.513583 -13.433264
-80.723838 -10.718167
-79.328637 -8.646909
-81.904106 -7.749059
-81.878409 2.499853
-79.533292 16.701895
-77.301969 -18.500460
-78.308491 -16.024854
-78.290881 -3.145688
-79.389479 -0.781571
-80.578393 9.858214
-80.684296 14.315554
-81.428050 18.675285
-78.275731 -27.724408
-76.833950 -25.524830
-77.639051 -6.890087
-76.901031 -0.469358
-79.132775 1.793897
-79.810634 7.000537
-80.170459 20.993990
-79.214497 25.039819
-77.867377 27.522868
-80.543814 27.573765
-78.304114 -23.099195
-76.681733 -13.959690
-77.985550 -11.342919
-76.512506 -4.774655
-77.107480 4.185501
-77.253858 6.731322
-78.094322 9.274906
-78.527588 19.289462
-78.001327 22.465722
-75.199898 22.809965
-79.277013 30.000000
-76.417897 -20.934989
-75.396881 -16.537076
-76.437723 -9.364862
-76.314284 11.027200
-77.659598 14.620184
-76.796361 -30.000000
-75.308434 -27.532246
-75.121150 -11.882058
-75.351217 -2.370257
-74.221564 3.155536
-75.416632 13.099191
-78.901236 12.152095
-74.772545 15.660053
-76.739668 17.334895
-74.063650 18.334062
-75.165969 27.511613
-76.612509 30.000000
-75.625620 -23.400240
-74.906823 -7.140198
-73.953525 0.220249
-76.356560 1.832275
-75.204431 8.617131
-76.562033 25.056649
-74.060303 -30.000000
-73.703195 -24.998703
-73.654878 -21.887142
-74.404303 -19.109269
-73.646749 -9.586135
-73.740362 -4.797609
-72.099684 16.817191
-76.201813 20.231511
-73.968456 30.000000
-71.771398 -20.022522
-73.823811 -14.441263
-72.723470 -2.416991
-74.713964 5.810438
-72.712168 7.827518
-70.675368 9.441307
-73.377966 10.819024
-73.536354 20.714755
-73.735912 25.119712
-71.344479 30.000000
-71.308677 -30.000000
-72.630173 -27.609369
-72.199667 -7.293388
-72.124608 4.992450
-72.817938 13.816663
-71.181496 19.762867
-72.417543 27.538262
-68.628286 -30.000000
-71.053849 -25.385654
-72.487198 -17.123900
-72.340105 -11.934548
-70.802291 -9.595019
-71.751018 2.167861
-70.898171 12.044622
-70.331613 14.933467
-71.204944 -14.295674
-71.004620 -5.044833
-70.086332 -2.940014
-71.098452 -0.377347
-72.243959 22.751316
-71.323055 -22.959257
-69.995696 -16.399291
-69.589894 3.901113
-70.088692 6.701347
-68.386547 20.265844
-69.653278 27.543486
-69.173639 -21.591486
-69.327956 -7.193489
-68.229622 10.848060
-69.462071 17.622151
-69.724713 22.492062
-70.953210 25.124679
-68.776055 30.000000
-69.494691 -12.020462
-67.947173 -4.728027
-66.960227 22.818930
-68.597626 -24.529929
-69.677421 -18.806792
-68.263612 -14.300098
-68.289137 -1.537516
-68.456621 13.207050
-65.479803 25.346063
-68.283889 25.091272
-66.284898 30.000000
-69.804684 -27.522884
-67.409173 -16.913496
-66.872207 27.573952
-67.092786 -19.625045
-65.312338 -9.949245
-69.007081 1.195227
-67.480546 5.655118
-65.538177 20.615133
-65.882590 -24.962207
-66.602796 -22.368107
-65.552858 -14.768046
-68.048945 -9.754749
-66.960433 2.953620
-67.526303 15.582951
-66.747221 18.157113
-63.918535 27.686774
-63.925693 30.000000
-61.495849 30.000000
-66.529414 -12.198364
-66.642511 -7.419284
-67.953430 8.328616
-65.707817 10.257812
-65.921034 13.059806
-64.013008 18.330582
-64.162858 23.135749
-62.575878 25.434699
-60.924605 27.678752
-66.062784 -30.000000
-63.173692 -25.344934
-63.663620 -12.696229
-65.068061 -5.398849
-66.391018 0.200736
-65.362591 7.518978
-64.949104 15.962543
-61.252240 23.145573
-67.357610 -27.293331
-63.861840 -22.881587
-63.065865 -15.604115
-62.826565 -10.357084
-66.005095 -2.757563
-64.896642 4.784564
-63.397396 11.738969
-62.800172 20.954826
-59.683032 25.368540
-64.745856 -27.571336
-64.526986 -20.331277
-64.960173 -17.597394
-63.733114 -7.683824
-64.417097 2.018667
-62.342355 3.912099
-62.760430 6.558396
-63.124982 9.169143
-58.802162 30.000000
-63.375059 -30.000000
-61.780569 -21.033473
-61.137651 -13.902232
-60.505321 -11.652753
-63.372175 -3.619846
-63.998865 -0.853471
-61.960337 1.242905
-60.845665 10.971313
-61.020114 13.610749
-63.437698 14.219424
-58.053093 27.748532
-61.005033 -23.438082
-60.952488 -8.752700
-58.884780 -7.323543
-61.681895 -6.119159
-58.797200 -4.884326
-60.917956 -3.762297
-61.480812 -1.319497
-61.820041 16.341002
-59.163558 18.124789
-61.505660 18.799153
-61.984246 -27.772246
-58.813750 -2.110141
-59.791112 3.087379
-60.170936 5.713263
-60.542464 8.337098
-58.583755 12.784479
-58.400425 22.936666
-55.295901 27.741949
-58.023977 -24.796092
-59.737908 -19.440025
-62.469969 -18.455814
-60.567214 -16.776823
-57.759374 -12.732690
-59.370374 0.492611
-56.583836 14.645443
-59.130454 15.561208
-59.846883 20.832596
-56.961240 25.413143
-55.888808 30.000000
-60.431360 -25.666972
-58.902266 -22.084563
-58.817569 -14.893948
-57.961588 7.460231
-54.504461 18.685516
-60.586612 -30.000000
-59.080135 -27.662690
-57.877403 -17.488498
-58.417016 -10.066912
-56.766305 17.354806
-54.302505 25.100135
-57.878731 -30.000000
-56.233283 -22.634796
-57.041636 -20.044983
-56.227576 -15.303154
-56.382574 -5.784126
-56.446158 -3.179411
-58.315070 10.095185
-55.881695 22.938014
-52.830151 30.000000
-55.308620 -30.000000
-56.581612 -27.399673
-54.704821 -13.360119
-53.987730 -6.658474
-54.454652 -1.352422
-56.814422 -0.364573
-54.687904 1.389469
-55.756454 9.165005
-56.133100 11.842168
-57.170145 20.207022
-52.919334 27.367404
-49.685094 30.000000
-52.653739 -30.000000
-55.741103 -11.042310
-56.321144 -8.381447
-57.205391 2.272783
-57.585706 4.855940
-54.247604 16.147455
-51.474700 24.974133
-53.522999 -22.942150
-53.597966 10.808470
-54.090137 13.524098
-54.593528 20.972302
-52.846355 22.884615
-53.902507 -27.616070
-55.221661 -25.129624
-54.404631 -20.420222
-53.941501 -4.144411
-52.293429 0.437977
-54.974744 4.020306
-55.357336 6.564832
-51.907518 17.872415
-55.204466 -17.867806
-53.775160 -9.303331
-52.115216 -2.293006
-53.133579 8.199152
-51.617014 12.552643
-51.971861 20.389583
-50.615073 27.769716
-51.081509 -27.732249
-52.438729 -25.404738
-53.445847 -15.778568
-52.755802 -11.644153
-52.677780 5.741461
-51.799805 15.188828
-49.980479 -30.000000
-52.492903 -18.276592
-51.662305 -7.537026
-50.190315 4.869019
-52.468613 3.127253
-49.245140 11.436664
-49.118977 25.411916
-47.425484 -30.000000
-49.577932 -25.667374
-51.752917 -20.781436
-51.664161 -13.862345
-50.933949 -9.780700
-51.342235 -5.130676
-47.957038 9.278595
-51.008124 9.797283
-49.536942 16.772683
-50.037053 22.398277
-45.066588 -27.795600
-49.709038 -11.976412
-49.155894 -7.255592
-49.832628 -3.094397
-50.051671 2.199376
-50.311066 7.480584
-49.468703 19.609485
-48.096251 -27.741732
-48.020592 -23.694844
-50.802250 -23.296100
-50.619561 -16.251643
-47.644441 -1.923741
-49.923935 -0.463255
-47.871755 6.509417
-47.308328 17.893544
-47.163570 20.895164
-46.516908 -25.703644
-49.759011 -18.752447
-46.430845 -6.738396
-47.705346 0.927834
-47.810627 3.744775
-47.093406 12.348455
-49.323687 14.114544
-46.384716 25.760871
-49.120133 -21.222171
-48.338793 -9.596144
-48.330965 -4.912648
-47.016165 15.224207
-47.873751 27.882276
-46.545830 30.000000
-42.046187 -27.758556
-46.496911 -21.697985
-47.879636 -16.840372
-48.751028 -14.253969
-46.855652 -12.048377
-46.094178 -9.302137
-45.558170 7.882463
-45.244069 18.878109
-45.256759 23.381314
-47.762009 23.304667
-44.997524 -23.561887
-44.179738 -20.743858
-46.992240 -19.378664
-45.221581 -17.800507
-44.351830 -13.018175
-44.082653 -10.596136
-45.989577 -3.774078
-45.570540 -0.656397
-45.566837 2.306096
-45.529643 5.111290
-45.372029 10.543926
-44.858194 13.484449
-44.633172 16.294186
-42.456539 -23.209937
-42.792129 -18.700935
-46.176451 -14.890845
-44.012465 -5.233320
-43.746373 -2.312516
-44.273298 21.180678
-42.519776 23.342647
-43.404779 30.000000
-45.098621 -30.000000
-43.557346 -25.692692
-41.970980 -13.921156
-41.617901 -9.031566
-43.496436 0.740922
-43.281674 3.555456
-42.836669 11.623481
-42.764248 18.742486
-41.538555 20.796386
-43.629885 25.720536
-44.873135 27.969447
-43.730919 -15.824672
-43.856965 -7.796933
-41.552861 -0.804497
-41.116065 1.927827
-43.226900 6.363326
-42.441254 14.242581
-42.759777 -30.000000
-39.164690 -27.687734
-41.706343 -3.795389
-41.028687 4.801188
-39.770613 15.445502
-41.985485 16.606625
-40.761342 -25.494967
-41.306526 -16.730459
-38.391971 -16.861529
-39.287033 -12.466740
-41.466658 -6.315949
-39.029800 -4.847741
-39.672762 -2.325267
-38.930361 0.315920
-36.697900 2.033686
-40.518016 10.178626
-43.054715 9.012900
-39.947398 23.057267
-41.826832 27.946171
-40.209585 -30.000000
-41.321615 -21.056436
-40.754046 7.527275
-40.925009 25.681636
-39.626728 -23.314491
-38.406684 -21.152057
-39.942179 -18.966348
-41.652006 -11.494557
-37.081786 -6.837172
-40.220020 12.798076
-39.859736 18.313784
-37.601582 -30.000000
-36.275224 -27.696144
-37.848300 -25.515116
-39.683265 -14.834670
-39.016889 -10.056586
-39.265064 -7.648056
-40.293268 30.000000
-36.780693 -23.322894
-37.095579 -18.955513
-35.806471 -16.344942
-36.680725 -11.722202
-38.908879 3.214643
-37.542755 16.823686
-37.137589 -14.241483
-37.374315 -2.236100
-36.156683 -0.125014
-38.597051 5.927354
-38.244565 8.663956
-37.643076 13.961999
-38.986226 20.746033
-37.066953 22.504056
-38.736453 27.631633
-34.961704 -30.000000
-36.297792 -4.424984
-36.338436 4.463425
-37.955195 11.298934
-35.429997 12.450699
-38.478752 24.988143
-34.072776 -23.267904
-34.560179 -13.728598
-36.458940 -9.198453
-34.537513 -2.401482
-33.749576 -0.019358
-34.125020 2.517714
-33.905945 5.241736
-36.147524 7.064557
-35.674131 9.800949
-33.149726 10.946186
-37.058598 19.426235
-34.642644 23.279222
-36.348799 25.443889
-32.407203 -30.000000
-35.523396 -21.032992
-34.534002 -18.455505
-33.228128 -15.785714
-34.614915 -6.615263
-33.416332 -4.514010
-35.321984 15.266707
-34.822906 20.663470
-35.779975 27.884001
-37.362072 30.000000
-34.142023 -11.263232
-31.100447 -4.481389
-33.781530 7.969639
-34.930325 17.855585
-32.256341 21.524959
-33.780240 25.869207
-32.653502 27.936658
-34.898907 -25.515008
-31.707829 -22.797312
-32.883887 -20.624172
-32.057093 -18.215453
-31.905413 -12.927709
-33.921633 -8.814785
-33.152687 13.804870
-32.538718 18.961030
-34.318017 30.000000
-31.700856 -10.031656
-31.626410 0.946729
-29.035967 5.170129
-31.610743 9.030623
-30.040636 20.236770
-32.075368 23.839284
-33.368652 -27.610254
-30.878028 -15.473937
-31.835698 -7.046472
-31.621461 3.712230
-31.473644 6.317676
-31.885287 -25.317543
-29.624650 -8.287061
-31.748372 -1.947664
-29.493551 2.254578
-31.027245 12.619483
-30.344854 14.979340
-29.920260 -30.000000
-30.077081 -20.531385
-29.815743 -17.887300
-29.553498 -11.169288
-26.546357 -4.309449
-28.980333 -3.028165
-29.386082 -0.550215
-27.350272 3.293867
-29.291846 7.927270
-29.551196 23.006028
-31.279889 30.000000
-27.645824 -30.000000
-30.542383 -27.677947
-28.090045 -16.118069
-29.049085 -5.792939
-26.990644 7.197028
-32.647791 16.329571
-26.547310 23.047314
-30.805972 25.775082
-28.994521 -25.659910
-27.301085 -21.421626
-29.171832 -13.666632
-26.615721 -1.786770
-27.559136 10.110788
-29.879361 10.726838
-29.636731 27.840333
-29.491060 -23.218569
-26.994345 -12.123061
-27.459636 -9.394704
-25.857280 5.057704
-27.864125 15.861287
-30.127754 17.609116
-27.632603 21.011160
-23.937477 22.837062
-26.855284 27.642561
-28.341655 30.000000
-25.297234 -30.000000
-26.982569 -23.789774
-26.342606 -14.397250
-25.185771 -10.545256
-27.603315 18.550079
-25.091605 20.241173
-25.530881 30.000000
-27.522231 -27.742534
-27.679320 -19.035090
-27.111688 0.686640
-24.928118 2.324114
-28.204177 13.080582
-25.609995 14.597954
-25.324781 25.346637
-28.148627 25.297476
-25.794024 -17.390088
-24.198587 -15.489628
-25.217973 9.091148
-25.816343 12.011124
-23.045401 15.721976
-25.381812 17.342959
-22.962698 18.283720
-22.298592 20.758854
-22.604075 25.250870
-24.046617 27.670088
-21.282747 27.637418
-22.722033 30.000000
-22.735434 -30.000000
-24.516837 -27.725125
-26.863821 -6.878035
-24.210563 -5.502500
-21.907824 -0.702883
-24.445567 -0.248458
-24.018956 6.858656
-22.203322 8.695911
-19.735067 8.138061
-23.497966 10.819716
-20.703728 13.878874
-21.054508 23.020257
-24.602673 -22.792945
-25.036603 -19.945832
-23.048998 -17.749963
-23.978363 -12.808870
-24.770363 -8.093008
-21.634136 -5.105917
-23.973137 -2.913778
-23.198147 4.290089
-18.536569 10.080799
-20.893175 11.138038
-23.180705 13.192459
-20.351939 18.734482
-19.782242 25.358174
-19.939816 30.000000
-25.879492 -25.669445
-21.973648 -14.775787
-22.775320 -10.231931
-21.177450 -12.162087
-22.346193 1.781561
-21.343406 6.079105
-21.795377 -27.626452
-23.266832 -25.229847
-19.958536 -21.018938
-20.288667 -16.480598
-19.360285 -13.870476
-19.780537 -6.844971
-21.295468 -2.951829
-20.404919 3.618538
-18.600293 5.656703
-18.421064 12.628996
-20.462976 -25.463926
-18.955768 -23.420466
-21.766812 -23.080518
-22.759085 -20.690558
-20.882235 -18.847731
-17.644254 -15.777932
-22.310488 -7.646532
-17.810256 2.863298
-16.886449 7.773303
-15.932819 13.315576
-20.455582 16.435865
-18.469807 27.688754
-18.291932 -18.447313
-20.280384 -9.497152
-18.756450 -4.055697
-19.074459 -1.467211
-19.721866 0.988644
-16.162865 4.760148
-14.196556 8.880229
-13.691562 11.493061
-16.191862 10.612449
-17.750642 17.997304
-19.362878 20.785405
-18.240747 23.074702
-20.145412 -30.000000
-17.546817 -25.549258
-15.508282 -17.142592
-18.378918 -11.240840
-16.453646 -2.168439
-14.992241 2.208834
-14.550045 6.478511
-18.099306 15.280580
-15.551892 16.010030
-18.980768 -27.710616
-14.457288 -21.254111
-17.477659 -21.191423
-16.967824 0.357938
-16.143270 -27.733762
-15.906956 -19.378783
-16.829881 -13.021898
-15.243537 -7.404845
-17.449550 -6.174889
-13.320193 4.088584
-17.456620 -30.000000
-16.087237 -23.320262
-13.227856 -18.722845
-15.525892 -10.127414
-17.692230 -8.762207
-13.658915 -2.809202
-14.216463 -0.269279
-12.048179 1.617107
-16.821839 20.509917
-16.964072 25.393901
-14.929784 -14.813926
-14.473188 -12.254671
-12.556912 -10.735165
-13.002175 -8.339269
-13.251764 -5.543566
-15.717951 -4.519626
-11.122889 -3.826414
-15.571263 22.987832
-11.773255 -20.691362
-10.797892 -6.565484
-9.217708 -2.239001
-10.761900 4.253831
-14.857639 18.467550
-17.142271 30.000000
-14.733671 -30.000000
-14.707598 -25.473594
-13.166157 -23.259099
-10.522892 -17.983963
-12.720840 -16.305210
-11.532157 -1.085735
-13.417689 14.165554
-14.385466 30.000000
-8.741965 -4.625215
-6.974356 -5.539833
-12.037995 6.672749
-14.120791 20.755211
-12.707751 22.729540
-14.161343 25.205074
-15.640983 27.646150
-11.698500 30.000000
-10.278561 -15.168318
-10.345770 -9.176408
-8.206522 -7.359821
-11.253088 11.937655
-12.795553 16.896995
-11.428044 25.021952
-12.902907 27.551618
-13.365777 -27.722505
-11.912382 -25.475113
-10.540943 -23.050540
-9.273918 -20.598628
-12.374894 -13.663749
-10.339961 -12.132106
-9.569798 0.141082
-10.947264 14.637501
-11.847409 19.669092
-8.875361 24.682966
-12.017554 -30.000000
-7.864523 -22.819671
-7.984003 -16.170060
-10.272435 22.183879
-10.250534 27.453576
-10.603260 -27.694173
-8.168070 -13.431778
-8.247034 -10.489683
-4.007079 -8.211189
-6.182513 -9.174434
-7.894897 1.060827
-9.476419 6.950939
-11.634695 9.235933
-10.236178 17.328639
-9.023742 19.723904
-9.329586 -30.000000
-7.317637 -3.615424
-8.063044 -0.658064
-8.481804 4.397754
-9.369836 2.231000
-8.804780 12.531037
-8.403787 15.084594
-7.569528 22.083800
-9.080624 30.000000
-5.759716 -14.871786
-5.766947 -7.105329
-7.605873 2.726509
-9.184263 9.724935
-7.150574 5.939061
-6.899831 8.073913
-6.796797 10.911317
-7.498092 17.271168
-6.200569 24.483110
-6.694019 -30.000000
-6.601810 -25.191953
-3.914302 -10.459211
-6.016093 -12.071014
-6.078176 -3.260842
-7.630401 -2.183697
-6.912548 -0.072962
-6.614017 1.981443
-6.143701 3.029067
-5.720218 5.157863
-6.194881 13.813149
-6.260388 19.434638
-4.928167 21.691525
-7.751710 27.205860
-9.217775 -25.289124
-7.952227 -18.476196
-5.183922 -5.749039
-5.977180 -4.486860
-6.440795 -2.293106
-6.752290 -1.186855
-6.707346 0.955648
-6.761933 4.105587
-5.427339 4.011095
-5.111727 16.479428
-7.942622 -27.625180
-5.527028 -2.334943
-5.801575 -1.530271
-5.959370 -0.697069
-5.999465 0.080130
-5.942164 0.831077
-5.788283 1.579805
-5.532197 2.322670
-5.212839 6.592712
-5.333734 -27.556536
-5.219879 -22.775727
-3.942017 -6.693856
-3.822161 -5.587874
-5.127320 -3.794835
-5.171417 -3.042441
-5.142668 3.090788
-4.629547 3.816712
-6.581808 30.000000
-2.792849 -27.530176
-3.986707 -25.065121
-6.418648 -20.430620
-3.543149 -13.152756
-4.723847 -4.815524
-3.838104 -4.611828
-4.444242 -4.030969
-4.573515 5.100486
-4.781125 8.733272
-3.143307 23.289526
-4.109772 -30.000000
-3.280617 -15.742222
-2.097413 -9.034384
-2.444114 -7.399174
-2.714804 -6.226062
-2.549530 -5.431381
-3.174928 -5.091153
-4.117762 4.363948
-3.492290 4.878925
-3.775005 5.859516
-3.737588 7.241640
-4.445773 11.489021
-3.574868 14.083017
-4.009347 25.493649
-5.387008 27.545199
-3.940834 30.000000
-1.554066 -30.000000
-3.895273 -20.245012
-5.399845 -17.683379
-1.419474 -11.477845
-2.789624 5.312062
-2.668579 6.246725
-2.031165 20.905572
-0.979140 -14.245127
-1.803732 -5.722460
-2.727871 9.152275
-1.959273 11.626067
-3.705077 18.906561
-2.597691 27.743177
-1.522179 -25.025606
-2.712273 -18.154163
-1.448575 -6.666039
-1.005439 -5.915158
-1.954513 5.672731
-1.483844 6.596485
-2.387872 7.475849
-1.291695 25.393716
-2.626796 -22.453758
-0.576507 -16.818417
-0.810820 -7.853370
-0.172587 -6.873568
-0.287904 -5.993089
-1.122137 5.894133
-0.289264 6.816125
-1.086006 7.883539
1.012876 -30.000000
-0.280747 -27.579852
-0.932736 -19.977091
-0.367444 5.988738
0.460498 7.961171
-0.882301 14.031473
-2.309198 16.463071
1.289753 -18.237940
0.958330 -12.416810
-0.096189 -9.522674
0.934135 -8.006596
0.906791 -6.738018
0.486863 -5.980214
0.444122 5.983540
0.910290 6.776120
-0.619988 9.497300
0.750766 11.632253
-0.778979 18.579115
-0.308694 23.002722
2.476135 22.867817
0.155877 27.666181
-1.184647 30.000000
-0.193072 -22.592788
2.332408 -23.008597
1.714867 -15.145320
1.990048 -6.874308
1.332087 -5.850260
2.057997 -5.636013
1.316371 5.853816
0.587913 16.224081
0.915290 20.685400
1.400014 25.258441
1.540331 30.000000
0.955305 -25.215786
1.797157 -20.664381
3.412818 -17.146465
3.405526 -12.832163
2.907005 -5.248745
2.177385 5.590974
2.002093 6.513506
2.021973 7.699518
1.525862 9.428266
2.855920 27.620018
2.309711 -27.576920
4.749316 -15.040929
1.864439 -9.979520
2.735994 -6.107611
3.035003 5.175786
2.920430 6.013189
3.467624 16.074520
2.099302 18.395298
3.566940 -30.000000
3.617038 -25.180787
4.052937 -19.729277
3.796401 -5.708772
3.629177 -4.777978
4.239789 -4.245490
3.774681 4.663880
1.873273 13.814669
3.853711 20.497034
4.247706 30.000000
2.771213 -8.303746
3.518314 -6.967474
4.691019 -5.052146
4.403443 4.075499
3.856138 5.587301
3.368218 6.985699
3.575848 11.266032
4.094220 25.243414
5.559033 27.675625
4.591619 -22.349922
4.843116 -8.133614
5.007755 -6.387248
4.732190 -3.688682
5.148195 -3.081572
5.781911 -1.602967
5.959161 -0.698856
5.915511 1.003357
5.280020 2.849805
4.883361 3.486085
5.519454 3.939556
4.770451 4.836888
4.760739 6.176270
3.454015 8.892425
4.412061 13.687980
5.133788 22.831269
6.124951 -5.320622
5.885345 -3.217416
5.533889 -2.318635
6.575691 -1.350484
5.998845 0.117725
6.728665 0.742056
5.613536 2.118540
6.230922 2.914556
6.458644 7.031101
4.808052 7.756542
6.746476 20.508124
6.761186 25.342881
4.876270 -27.607999
6.676656 -20.394724
5.956919 -17.753278
4.203408 -10.483811
5.396173 -4.204507
7.744496 -1.648060
6.987933 -0.344073
6.243133 1.741802
5.944099 5.326047
4.922023 18.122972
8.315594 27.521784
6.122835 -30.000000
7.368915 -27.435799
5.957902 -25.040912
6.754251 -3.931808
7.243036 2.004319
6.711435 4.185343
7.890622 5.537608
6.036221 9.654758
6.394035 12.287859
7.631532 23.028060
9.577058 24.987675
7.363696 -15.756761
6.255523 -12.851040
6.641197 -2.472181
8.169753 -3.200477
8.509058 8.057250
7.250814 17.837580
9.610674 21.949183
8.476264 -18.771311
6.882097 -7.075334
9.700471 -1.812324
8.486885 -0.348040
7.677722 3.272992
6.360996 15.358573
6.989381 30.000000
7.122442 -22.792685
9.356893 -21.810023
9.094849 -14.107739
8.541451 -11.661368
6.651123 -9.896537
10.748834 -10.349697
8.012297 -5.160847
10.294564 0.445914
7.928477 0.856230
10.809439 9.211804
8.618776 10.806703
9.269111 19.326906
9.660372 30.000000
11.024305 -30.000000
8.587794 -30.000000
9.790209 -27.386090
9.970343 -16.811027
8.967013 -8.750018
12.372937 -1.501565
9.237858 4.099711
8.634806 13.675587
11.315985 14.817862
9.146918 16.273551
10.911807 -19.625948
11.835458 -15.057387
11.339623 -12.625654
10.384771 -4.002263
9.120820 2.009334
10.683362 6.301864
15.332582 11.586244
11.367073 17.718374
12.185619 25.647575
13.455702 -30.000000
8.575994 -24.855298
11.934604 -22.281113
9.882197 -6.575179
11.489726 3.248457
13.005739 7.723488
10.946333 12.208820
11.762041 20.453386
12.109973 -27.371176
13.229232 -24.946086
10.795515 -24.607041
13.897587 -12.993215
12.098866 -8.301487
12.655666 -6.134438
12.802067 1.205140
12.911930 10.684711
13.655856 13.523721
13.553504 16.384857
13.979487 22.003033
10.913409 27.694252
13.439991 -10.473081
14.666153 3.002188
13.124609 5.068928
15.079969 9.074681
11.923698 23.305014
12.421035 30.000000
14.565945 -27.520684
15.440781 6.135070
15.807821 15.410819
13.899395 19.079812
16.164300 23.148786
14.634344 25.052624
13.832591 27.711695
14.586155 -22.666530
13.589873 -20.176976
12.646305 -17.637772
15.066098 -8.116855
12.977951 -3.808323
15.205337 -2.690175
17.791224 10.960965
16.235115 20.448165
16.487583 27.506043
15.200539 30.000000
15.965425 -30.000000
17.319732 -22.835979
14.417545 -15.576544
16.356434 -13.447120
15.249750 -5.537707
14.818675 -0.152088
17.152464 8.382578
16.842415 13.560281
16.226639 17.806548
17.591992 25.185500
19.308768 27.283252
17.103335 -27.595807
15.897116 -10.765579
17.754036 -6.714457
20.359262 11.249005
18.560324 16.316165
18.572434 19.168745
16.346675 -20.570067
15.351793 -18.167561
16.922556 -16.104689
17.951811 -8.993469
17.492511 -1.271234
17.021152 4.083590
18.381346 22.156645
15.794830 -25.122842
16.823992 1.238987
19.159609 13.726101
21.000713 -25.479037
18.389167 -25.280455
19.913224 -23.018765
18.139361 -18.611355
19.482171 -16.672668
20.669522 -7.687579
17.471334 -4.116920
19.799364 0.072035
18.376931 6.259739
19.954795 24.245075
17.877726 30.000000
19.703074 -27.691439
19.264236 -20.619089
21.270980 -18.285071
21.444052 -15.296236
18.831757 -14.189295
19.632628 8.771305
21.286151 15.897632
20.500386 21.106728
18.523528 -30.000000
21.141865 -30.000000
22.388146 -27.807116
22.422067 -23.266701
21.820408 -20.738926
18.402336 -11.550180
20.117480 -5.359978
18.928967 2.347244
21.241122 6.782366
22.261185 9.242862
20.961568 18.241825
25.154142 -27.720730
24.382236 -21.538912
20.819472 -12.628332
22.922542 -10.937789
20.630703 -9.941120
21.689304 -1.596725
20.081434 4.491690
21.645132 13.526421
22.862667 19.958158
23.834976 -30.000000
23.658215 -25.641007
23.281467 -13.472699
23.057256 -6.368713
19.624515 -2.829782
22.838545 4.664765
23.166654 11.658111
23.933121 14.570080
23.591735 -16.345222
22.352106 -4.020914
22.974626 0.365793
24.860844 21.940808
21.988149 25.666594
26.486465 -30.000000
23.924682 -18.864505
23.585051 -8.708095
25.104884 -4.454840
21.583274 2.274215
23.961602 7.122992
24.910983 9.608146
21.871813 27.938189
20.441237 30.000000
26.621653 -25.585998
25.174645 -23.749092
26.244728 -20.150155
25.451172 -14.154686
27.564406 -14.675785
25.343499 -11.386582
26.887352 -2.204571
24.309729 -2.029977
24.397338 2.601278
25.527449 12.348603
23.809113 17.193370
25.327003 19.446249
22.304744 22.816711
27.895858 -27.702608
28.917970 -24.934629
27.373896 -22.674644
29.077317 -20.933337
27.933785 -18.651964
28.276005 0.280801
25.574232 5.026117
24.298672 24.584700
23.310509 30.000000
29.133439 -30.000000
30.331586 -27.453437
30.468752 -22.917694
30.567293 -18.693642
26.053766 -17.029664
26.342297 -9.143364
25.698085 0.267242
27.013769 2.722811
26.683489 7.508648
24.532696 27.466368
29.021327 -16.506366
29.957075 -13.864265
27.758634 -12.047840
25.949143 -6.822273
29.412626 -2.175535
28.202828 5.252493
29.292714 7.833698
27.361614 10.120012
27.739246 13.099911
27.465780 27.810770
25.939045 30.000000
30.622416 -11.513656
27.816092 -4.676205
30.445684 -4.568585
32.075552 2.749108
30.154164 13.450779
26.313105 15.270273
26.763021 17.575791
27.023757 23.164482
26.475655 25.614892
31.671786 -30.000000
31.527107 -25.237147
31.526919 -16.098714
32.554002 -13.634991
28.612870 -9.671798
28.843379 -7.087184
29.541611 2.790254
29.179698 15.686163
27.632238 20.576879
32.918680 -27.956397
33.276275 -11.189511
31.063234 -9.011864
31.986664 -2.088742
30.842345 0.322716
29.481714 10.938168
29.121047 18.150033
30.304325 20.118284
28.726944 30.000000
33.791760 -25.860548
33.296931 -23.085053
34.165561 -15.817181
33.581112 -8.838642
31.772524 -6.638753
33.487477 0.253567
31.226026 9.465163
31.669928 17.215996
34.508639 -30.000000
31.940185 -20.805304
33.096049 -18.260169
32.224985 14.724213
29.034506 25.312806
35.628136 -24.687277
34.481557 -20.545774
35.680392 -18.133284
34.746248 -2.089171
34.685692 2.546743
30.731021 5.282282
32.258325 7.310227
32.211964 11.993286
29.595033 22.791900
35.831895 -27.643836
35.984255 -10.968444
33.265364 -4.285157
36.258667 -4.336256
33.720695 9.853106
34.488837 17.889050
32.003695 22.167618
31.674205 25.046188
30.248762 27.575118
31.355766 30.000000
37.222805 -30.000000
37.238838 -20.263738
35.172717 -13.359069
34.586821 -6.356669
36.267314 0.134555
33.479222 4.995594
34.915943 7.435350
36.053384 10.015142
32.919552 27.583669
37.177621 2.553919
34.604716 12.644694
34.407207 15.568904
32.742369 19.618615
34.601013 25.678635
35.904528 27.799836
38.591027 -27.770386
36.063605 -22.505711
38.356736 -17.856195
37.500132 -2.255547
36.066021 5.008987
37.262815 16.717578
36.600651 19.111356
34.860032 20.994108
37.744183 21.316348
36.384219 23.413910
33.875194 23.417379
33.944045 30.000000
41.289622 -27.703929
37.635819 -25.436063
35.967542 -8.548090
37.533907 -6.468029
39.328745 -4.765265
37.525945 7.476840
37.492546 25.718805
36.495960 30.000000
38.492025 -22.933683
36.755667 -15.722253
39.481764 2.710246
37.462019 12.085559
37.790021 -13.391620
38.685400 -11.283600
38.362689 -9.009863
39.012673 0.163438
36.576792 14.373194
39.143542 23.643650
40.453957 25.923986
38.920501 27.841600
40.018990 -30.000000
39.680362 -20.468329
41.023169 -10.007273
40.255314 -7.422230
38.615127 5.161503
38.646462 9.625697
39.195832 14.433261
39.229133 18.923310
40.386135 21.329378
40.072115 -25.322692
39.482543 -15.374113
40.729121 -12.878036
43.175686 -8.292958
39.874320 -2.367378
40.101259 12.100842
42.014694 14.083479
40.059213 16.619197
42.397874 16.564439
38.812710 30.000000
41.765977 -0.899895
41.570079 1.609123
43.553280 3.277915
40.431668 7.157421
40.985480 9.633752
42.076494 27.785589
41.076661 -22.867320
43.394144 -17.976895
43.238244 -11.059579
42.079282 -3.737870
43.966954 0.465558
41.244985 4.544759
41.183521 30.000000
42.799475 -30.000000
42.579637 -25.305267
42.234179 -20.417963
40.804754 -18.014591
41.916517 -15.628375
43.172017 -13.436701
45.616550 4.899689
43.156953 6.096651
42.756145 11.487214
44.804742 12.877012
41.936002 19.078049
43.629129 -22.872206
42.111116 -6.017147
44.092866 -2.392165
46.183592 -0.713999
45.522567 7.535684
43.555661 25.725764
43.959039 -27.701797
44.771807 -20.453258
45.949346 -18.067702
44.626273 -15.576838
45.562552 -10.189424
43.091643 8.586270
41.849195 23.868493
45.112716 -25.286214
47.045328 -15.653153
45.664677 -12.906332
44.662179 15.265753
44.602229 17.896425
44.514464 20.297690
42.886568 21.758904
46.523570 25.560421
43.775118 30.000000
45.609630 -30.000000
48.054664 -11.208067
45.565313 -7.615442
45.945814 2.152149
47.924452 6.465642
45.172639 10.214762
45.098066 27.745580
46.405623 30.000000
46.579582 -27.684840
46.196771 -22.831755
47.368891 -20.363453
50.558285 -10.412044
48.040544 -8.756893
44.623947 -5.355883
47.690072 9.130875
47.039325 16.748771
44.841435 23.519147
48.933410 30.000000
47.636805 -25.217867
48.745473 -22.667248
48.576328 -17.895247
46.362075 -3.553468
47.227651 14.236441
48.035090 23.642628
47.716636 -6.186509
48.068658 3.841331
47.385085 11.726336
47.029414 19.277509
46.460011 21.808046
50.816785 23.069906
49.658522 25.509013
49.082880 -27.689767
49.957483 -20.155109
50.592140 -12.935755
50.394434 -7.885288
48.752744 -3.974925
48.492342 -1.494714
49.548692 15.817789
49.056167 21.119951
48.036769 27.641097
48.455559 -30.000000
49.855158 -15.557616
48.143647 -13.555748
48.284272 1.149368
49.753402 13.249655
49.411206 18.412214
53.267140 22.130717
55.218044 25.773368
50.958567 27.579441
51.274349 30.000000
51.342840 -30.000000
50.076064 -25.084518
51.259932 -22.652680
51.271259 -17.662707
50.642217 -5.495517
50.155301 8.052565
49.935766 10.684988
51.810619 17.477144
51.458318 20.248386
53.620823 27.685361
53.507879 30.000000
51.344884 -27.538896
53.816338 -22.782170
53.626778 -17.944039
52.958437 -6.883747
50.490043 2.722091
52.066525 14.861351
53.832569 19.224693
52.551859 25.057792
52.439064 -20.289004
52.434594 -14.969848
55.118777 -13.433133
52.990770 -12.119296
53.015653 -4.141432
50.961750 -2.658963
50.347471 5.388643
54.551320 13.866332
52.581487 -25.117163
55.072553 -25.279536
56.384644 -22.889089
54.971149 -20.454198
54.639889 -15.829688
53.002005 -9.500517
52.874838 1.532702
52.590089 6.961971
52.420332 9.624886
52.257971 12.249207
54.310319 16.550390
55.217239 23.558518
54.231216 -30.000000
56.144969 -27.695735
53.618948 -27.711271
57.643718 -25.298133
55.578438 -10.864076
50.698358 0.025539
53.078017 -1.233535
52.739648 4.263157
54.721985 11.204203
55.756004 20.750777
57.933866 25.123759
57.062845 -30.000000
56.274906 -18.212565
55.343988 -8.148897
55.226155 -2.597318
57.367944 1.858798
55.066876 3.070550
57.012220 12.784090
56.486918 18.212023
58.761180 -27.696132
57.051669 -15.795124
55.273635 -5.408172
55.200033 0.284531
54.859030 8.536795
56.768118 15.515807
57.643618 -6.392649
57.415655 -0.965525
54.978726 5.839477
57.157492 10.102516
59.314213 27.463369
56.656658 27.689037
55.790356 30.000000
59.913387 -4.882654
57.515006 -3.730512
59.723490 -2.154632
57.267426 4.633238
57.258732 7.417457
57.580043 -20.507581
57.807813 -8.920285
59.501726 6.153616
59.168690 14.450417
58.981898 17.212836
58.285535 30.000000
61.553583 13.259910
57.498201 22.468050
60.232699 -25.304254
58.232505 -11.250070
59.614637 0.625389
59.582645 8.987641
59.464902 11.649468
58.593875 19.983156
59.769310 22.935439
59.841100 -30.000000
57.672187 -13.362500
61.852459 2.208241
59.583409 3.419868
61.721891 7.598877
61.477430 15.903420
58.989284 -22.891134
60.048695 -20.383853
58.902421 -17.977948
62.095836 -3.279307
61.889948 4.929745
61.994474 10.486079
61.266612 18.530747
60.896191 25.196099
61.550880 -22.881597
62.430115 -20.500224
59.521175 -15.441451
61.766448 -15.275448
60.578152 -12.803989
61.047800 20.854673
62.580703 22.948133
63.797607 25.310622
61.975161 27.559926
60.726464 30.000000
61.411849 -27.592470
61.495044 -17.906661
60.147211 -7.530132
63.723657 17.622384
63.234122 30.000000
61.909128 -0.543857
63.998729 14.943278
63.413171 -13.540043
62.932782 -11.107267
60.509545 -10.085270
62.387854 -5.948274
63.705340 20.379928
65.710705 30.000000
62.865120 -25.031115
64.196227 -19.169151
63.875278 -16.526908
64.289761 6.287945
63.960418 8.693186
62.521851 -30.000000
65.734949 -14.686160
64.257510 -1.654709
64.151394 1.043684
64.227067 3.680431
65.131621 10.617063
63.939992 12.504334
66.231737 21.089426
65.281192 -25.054939
64.261597 -22.345873
66.256824 -17.480380
65.600540 -11.915586
62.744239 -8.493516
66.656818 -2.672852
66.469590 0.003713
66.560964 2.611161
66.588510 13.317182
66.250845 16.061346
66.108352 18.603406
68.084331 23.074358
65.176197 23.172913
64.603661 27.503975
63.940715 -27.537983
64.547771 -4.336875
68.826894 -1.084121
66.620224 5.310090
66.651898 8.097430
68.670649 15.001585
65.150679 -30.000000
68.167044 -15.682204
67.898051 -13.012533
65.263304 -9.417159
67.179537 -5.160144
67.444193 10.840861
68.278045 30.000000
66.370552 -20.324315
68.532123 -18.482171
67.608986 -7.691250
68.949564 6.624320
69.296803 9.287870
68.706622 17.580532
66.905459 25.329883
67.003820 27.686015
66.477839 -27.649659
68.983484 -21.019168
67.856856 -10.158560
65.007513 -6.875721
69.530950 12.275139
70.980392 14.528649
71.185597 19.360709
68.559431 20.120051
70.351502 21.944888
70.054561 25.005073
69.352443 27.361858
69.198810 -27.683373
66.759859 -22.861360
70.540469 -16.817031
70.365035 -14.157028
71.262451 17.006436
73.233553 25.485279
67.820647 -30.000000
67.831982 -25.450691
71.636711 -22.523859
71.032513 -19.627192
70.248866 -8.349803
69.767240 -5.825344
74.844273 23.142858
71.871843 27.508379
70.706794 30.000000
70.497360 -30.000000
70.623753 -25.354656
69.287614 -23.347155
72.931033 -15.201257
72.395337 -12.593588
69.933550 -11.393464
72.243235 -6.053775
71.688338 -3.403132
69.344325 -3.339066
68.963319 1.345876
68.945296 3.913427
71.415900 7.678736
73.456630 15.660124
73.179705 20.953964
74.355359 -22.923552
73.334649 -20.495050
73.398750 -8.063294
71.942109 -10.007658
71.220154 -0.632106
71.320136 2.182097
71.238774 4.951144
71.682039 10.455041
74.025705 18.423663
73.223537 30.000000
76.115006 -8.580701
75.339471 -6.210291
74.226242 -4.188601
73.665846 0.954237
73.629194 3.613913
76.070454 7.372740
73.853659 8.847226
75.060208 13.673191
75.926495 16.518046
72.152115 23.412847
73.146725 -30.000000
71.861144 -27.655093
72.889359 -17.650298
74.386085 -10.669141
73.629519 6.182017
74.669838 11.145609
72.538358 12.778718
75.799365 30.000000
74.395658 -27.572928
75.016173 -18.396917
74.867797 -13.308827
77.351838 -4.267403
76.105686 -2.409504
73.655219 -1.548433
77.442512 11.953690
77.414899 14.454147
74.749791 27.655915
73.033068 -25.087176
75.979770 -20.782832
77.091012 -23.084460
75.561033 -15.932032
78.719877 -1.610109
76.215347 -0.075814
78.380623 1.344191
76.026007 2.499583
78.473420 4.129454
76.135909 5.006828
79.297591 9.341220
76.822630 9.523233
77.228295 18.628182
75.896402 20.685844
75.749705 -30.000000
76.803730 -11.148463
80.981015 5.469537
78.628051 6.852931
78.933580 16.598461
77.574717 23.002168
76.162333 25.381995
77.309523 -13.686924
78.111224 -6.456126
79.875149 14.134848
78.877585 20.738950
77.624236 27.625100
75.688163 -25.306367
78.355099 -16.035431
78.667507 -8.864276
81.515842 7.898058
82.094984 10.385939
79.919061 11.721431
82.351741 13.178060
80.350771 18.521393
81.758031 20.881156
79.030033 25.360821
80.542235 27.657511
78.266275 30.000000
78.377491 -25.361790
80.550776 -6.399052
80.522307 0.036500
84.374140 8.820809
84.540140 11.403197
83.048818 18.584554
80.410559 23.097355
78.398958 -30.000000
77.035308 -27.666290
79.746334 -22.976586
79.948972 -3.841888
81.978247 -1.856086
80.688613 2.821118
84.611174 14.222574
81.854542 15.973098
81.934938 25.360283
80.537385 30.000000
79.695762 -27.685042
77.382985 -18.302941
81.097320 -16.117575
81.112934 -8.903671
82.546225 -4.492924
83.197702 3.917806
78.545030 -20.702256
79.830474 -13.744997
79.201446 -11.323927
84.608693 -2.917546
82.727583 1.189292
83.817322 6.427172
82.816535 30.000000
81.056555 -30.000000
81.199805 -20.561657
79.948550 -18.366942
82.666473 -18.073476
83.163625 -7.039091
84.478768 -0.350545
87.313466 0.750056
85.271812 2.316070
85.941577 4.896798
84.673510 20.734286
83.340270 23.070351
80.992787 -25.334509
81.599868 -11.383611
83.683438 -9.615715
85.274104 -5.359826
86.804578 -1.482182
88.014860 3.196678
86.251620 22.949320
83.482655 27.594046
82.318729 -13.920358
85.764968 -7.876119
88.734265 5.686896
86.762132 7.404745
86.049754 18.422003
84.862020 25.289592
85.298939 30.000000
82.333366 -27.672858
82.331887 -22.967094
83.708221 -20.580713
84.035513 -12.301128
89.902230 0.930246
84.463908 16.505815
87.877850 30.000000
84.924488 -22.950187
86.393801 -16.132335
84.011190 -15.550896
86.107542 -10.576386
87.471946 -3.802663
87.026229 9.889530
86.367565 27.569114
83.706872 -30.000000
83.597231 -25.320457
85.122391 -18.258968
87.991523 -6.141444
86.739265 12.654822
88.708985 18.016344
87.578123 20.599772
87.744233 25.203623
88.190109 -8.741916
91.287705 5.973293
89.680624 8.315733
87.153817 15.717792
90.581747 25.110976
89.198935 27.537597
90.470417 30.000000
86.350841 -30.000000
87.548862 -27.671206
87.545223 -22.899174
88.094897 -14.151587
85.961889 -13.382581
89.313927 -1.655748
88.798325 13.721455
84.955837 -27.657110
88.721442 -25.343485
86.307277 -20.616959
87.852412 -18.422530
89.105041 -16.346597
88.394944 -11.433776
92.708617 -5.579367
90.229761 -4.125293
90.657003 3.381390
89.280939 11.038266
90.259839 15.727212
90.339572 20.352354
89.008005 -30.000000
90.157358 -27.767054
86.186127 -25.279261
90.073508 -23.029800
91.476549 17.876741
92.042261 22.657264
89.163525 22.825153
91.729246 -30.000000
91.238852 -25.502188
91.389093 -20.727578
88.989350 -20.529850
91.409976 -11.633820
90.186760 -13.348778
90.396871 -6.858527
91.736293 -1.254310
92.880657 8.189740
91.836837 10.240705
95.052293 22.283134
93.359327 24.911244
91.998359 27.457694
93.434774 -10.569718
95.361544 1.558886
92.669275 1.004981
93.855330 5.730438
95.100017 10.041741
91.236714 13.040523
93.817407 17.561026
93.116854 20.273039
95.857936 25.014044
92.995430 30.000000
92.824424 -27.706296
93.889288 -25.395250
92.606606 -23.302145
90.783465 -18.180278
91.238419 -15.322823
92.780546 -3.179761
93.192075 3.439705
93.568254 12.112658
93.056252 15.028603
95.498934 -23.034681
93.284079 -18.766802
90.546952 -9.510367
95.694947 7.261642
97.561933 11.490368
95.555936 13.268270
97.800334 17.637264
95.650546 19.288237
95.408447 -27.938827
93.822628 -21.273726
93.220014 -16.327336
95.463558 -11.985925
95.156555 -6.510627
95.977154 4.115872
97.740167 8.662309
97.909422 14.505520
95.753249 16.056106
97.565152 27.016471
94.746549 27.517445
94.447828 -30.000000
97.950850 -24.242578
97.684655 -21.544905
95.582819 -17.394369
93.221050 -13.484777
95.456761 -9.103245
92.838408 -8.136992
95.171622 -3.860726
94.735043 -1.111384
97.747683 23.550296
97.317020 -30.000000
97.921403 -27.392520
95.774290 -20.019752
95.417042 -14.723304
97.655200 -7.848365
97.431865 -2.636375
97.911363 5.581170
100.000000 10.019782
100.000000 12.931541
97.639464 20.731004
96.191923 -25.599061
97.735924 -15.958603
97.558153 -5.257267
100.000000 -4.480594
100.000000 21.964640
100.000000 24.895353
97.694922 -13.287981
97.669200 -10.572283
100.000000 -6.919010
97.403967 -0.211236
100.000000 16.029527
95.463213 30.000000
100.000000 -20.012470
97.880844 -18.697301
100.000000 -12.035578
100.000000 -9.451654
100.000000 -2.188439
98.176228 2.353008
100.000000 27.528088
97.739531 30.000000
100.000000 -22.591523
100.000000 -17.295032
100.000000 3.904000
100.000000 7.018637
100.000000 -27.730134
100.000000 -25.271587
100.000000 -14.652064
100.000000 19.059311
*ELEMENT
num-elem: 3914
num-elem-node: 3
elem-conn:
2041 2040 5
2070 2062 2032
7 23 27
886 901 891
568 586 597
519 586 568
2044 2058 2052
1967 1985 1966
1941 1985 1967
2074 2041 5
2075 2041 2074
2030 2040 2019
2040 2041 2019
2030 2019 2002
1954 1953 1972
1974 1954 1961
2061 2028 2069
6 2069 2068
2068 2069 2028
2055 2068 2028
1928 1994 1968
36 13 12
12 60 36
12 11 60
22 40 60
22 11 3
60 11 22
59 40 22
42 23 13
42 27 23
42 50 27
42 13 36
1083 1132 1133
1900 1891 1899
1899 1901 1900
1886 1891 1900
1877 1891 1832
1877 1909 1925
1925 1899 1877
1877 1899 1891
1925 1909 1939
1875 1898 1885
1875 1876 1844
1885 1876 1875
1885 1909 1868
1868 1876 1885
1868 1877 1832
1909 1877 1868
1832 1856 1868
1868 1856 1876
1845 1893 1858
1858 1803 1845
943 891 901
567 586 519
500 508 501
536 508 500
514 507 491
1125 1114 1067
1067 1114 1059
1114 1068 1059
2073 2047 2025
1967 1966 2007
2007 1966 2037
1968 1994 2008
2037 2052 2045
2023 2052 2037
2037 1966 2023
2044 2052 2023
2065 2057 2064
2065 2058 2044
2044 2057 2065
2076 2064 2056
2064 2057 2056
1985 1941 1946
1946 2013 1985
1980 2002 2003
2003 2002 2019
2030 2002 1979
1973 1954 1972
1973 2002 1980
1980 1961 1973
1973 1961 1954
1972 1979 1973
1973 1979 2002
2060 2077 2017
2054 2055 2039
2039 2055 2028
1334 1312 1311
26 44 49
26 4 21
21 44 26
83 40 59
59 71 83
36 60 72
60 40 72
40 83 72
93 84 94
94 72 93
93 72 83
36 72 41
41 72 94
41 42 36
50 42 41
73 84 106
94 84 73
73 41 94
50 41 73
1776 1850 1769
1346 1317 1345
1347 1317 1346
1126 1125 1164
1114 1125 1126
1249 1191 1208
1099 1132 1083
1311 1312 1235
1344 1334 1311
1783 1782 1823
1857 1886 1900
1793 1856 1832
1830 1856 1793
1830 1793 1772
1772 1793 1794
1891 1886 1831
1832 1891 1831
1831 1793 1832
1794 1793 1831
1960 1954 1974
1974 1939 1960
1938 1953 1960
1953 1954 1960
1924 1909 1885
1924 1939 1909
1924 1960 1939
1885 1898 1924
1924 1898 1938
1938 1960 1924
1876 1856 1821
1821 1813 1844
1844 1876 1821
1821 1856 1830
1786 1785 1805
1880 1838 1836
1806 1797 1826
1797 1786 1826
1805 1825 1826
1826 1786 1805
1835 1834 1836
1835 1825 1834
1806 1826 1835
1835 1826 1825
1711 1720 1739
1739 1740 1711
1816 1823 1845
1783 1823 1816
1845 1803 1816
1803 1795 1816
1774 1795 1785
1805 1785 1804
1785 1795 1804
1804 1795 1803
1613 1593 1571
1603 1593 1613
1624 1639 1644
1603 1613 1624
1670 1697 1713
1644 1639 1652
1652 1651 1655
792 761 747
835 836 815
601 593 576
891 943 933
694 671 683
702 671 694
598 568 597
598 599 568
707 682 656
625 675 656
656 675 707
786 776 819
777 776 786
717 724 692
692 724 681
638 681 693
681 724 693
493 455 501
493 508 509
501 508 493
501 455 461
515 484 491
491 507 515
491 484 474
378 407 396
396 428 452
396 407 413
413 428 396
378 396 408
893 922 895
895 871 893
893 871 870
1010 1026 1011
1039 1038 1049
1049 1068 1039
1017 1059 1049
1049 1059 1068
1017 987 1016
1067 1059 1016
1016 1059 1017
919 943 901
1050 1023 1018
1050 1038 1039
1018 1038 1050
972 910 989
1994 1928 1986
1967 2007 1986
2038 2007 2037
1994 1986 2038
2038 1986 2007
2037 2045 2038
2038 2045 2059
2 2059 2066
2059 2045 2066
2051 2071 2076
2076 2056 2051
2033 2042 2063
2063 2051 2033
2071 2051 2063
2062 2071 2063
2032 2062 2063
2063 2042 2032
1935 1941 1967
1894 1935 1913
1905 1895 1903
1903 1894 1913
1905 1903 1904
1904 1903 1913
1957 1932 1956
1933 1932 1957
1912 1894 1889
1941 1935 1912
1935 1894 1912
1902 1912 1889
1965 1946 1934
1956 1984 1965
2013 1946 1965
1965 1957 1956
1934 1957 1965
2050 2019 2041
2050 2003 2019
1975 1961 1980
1926 1899 1925
1901 1899 1926
2054 2039 2049
2049 2077 2054
2049 2017 2077
2018 2017 2049
1905 1904 1914
1914 1928 1968
1914 1904 1928
1930 1923 1937
1162 1149 1124
1085 1149 1076
1076 1058 1085
1085 1113 1124
1124 1149 1085
49 44 78
509 508 537
537 508 536
389 382 423
367 358 341
160 143 159
156 155 157
188 176 203
334 320 346
346 320 354
50 73 74
74 73 106
106 95 74
171 143 160
160 185 171
174 171 185
38 18 32
66 38 65
110 87 63
63 101 110
110 101 121
63 87 62
1 10 30
54 62 30
54 30 29
29 30 10
215 216 214
1380 1373 1362
1850 1865 1855
1769 1850 1829
1820 1802 1829
1850 1855 1829
1829 1855 1820
1849 1865 1850
1850 1776 1849
1350 1401 1351
1600 1637 1630
1630 1622 1600
1600 1622 1601
1600 1601 1581
1654 1701 1694
1662 1701 1654
1497 1496 1488
1367 1368 1346
1346 1345 1367
1367 1385 1368
1339 1345 1317
1505 1496 1487
1636 1669 1598
1336 1335 1365
1546 1537 1536
1536 1545 1546
1512 1496 1505
1505 1536 1512
1512 1536 1537
1488 1496 1512
1505 1487 1495
1232 1179 1221
1160 1133 1132
1188 1170 1160
1160 1170 1133
1377 1399 1388
1407 1399 1377
1408 1399 1407
1265 1305 1299
1305 1339 1299
1317 1347 1316
1293 1299 1316
1316 1339 1317
1316 1299 1339
1293 1316 1318
1318 1316 1347
1127 1068 1114
1114 1126 1127
1165 1126 1164
1164 1163 1165
1225 1208 1182
1275 1305 1265
921 990 973
895 922 921
862 902 861
861 871 862
936 902 862
911 871 895
862 871 911
979 991 980
1083 1133 1100
1005 1004 1013
1013 1014 1005
1311 1235 1303
1333 1344 1303
1303 1344 1311
1048 1058 1076
1364 1344 1333
1354 1344 1364
1767 1782 1783
1767 1740 1739
1901 1933 1887
1900 1901 1887
1887 1857 1900
1851 1893 1845
1845 1823 1851
1886 1857 1833
1782 1815 1833
1833 1823 1782
1833 1851 1823
1857 1851 1833
1830 1772 1780
1779 1813 1814
1813 1821 1814
1814 1821 1830
1830 1780 1814
1836 1838 1837
1837 1835 1836
1806 1835 1837
1839 1837 1838
1836 1834 1870
1870 1880 1836
1895 1880 1870
1834 1825 1824
1824 1878 1834
1824 1825 1805
1805 1804 1824
1702 1756 1733
1723 1733 1742
1742 1733 1756
1796 1816 1795
1795 1774 1796
1783 1816 1796
1665 1679 1659
1657 1666 1634
1634 1640 1657
1712 1713 1697
1712 1733 1723
1723 1734 1724
1724 1712 1723
1713 1712 1724
1631 1651 1632
1638 1622 1630
1630 1642 1638
1642 1631 1638
1638 1631 1632
1643 1652 1639
1651 1652 1643
1632 1651 1643
1655 1678 1672
1709 1679 1672
1727 1726 1737
1659 1679 1716
591 639 605
591 587 590
625 639 604
639 591 604
590 599 604
604 591 590
529 551 542
590 587 542
605 639 640
659 671 702
626 641 659
659 641 671
684 659 702
664 659 684
792 747 760
720 760 709
593 601 553
553 534 593
953 962 1008
1008 988 953
1008 1038 1018
1018 988 1008
878 933 887
887 879 878
878 879 847
920 933 943
887 933 920
953 887 920
920 962 953
733 759 719
702 694 719
720 759 772
772 799 792
792 760 772
772 760 720
791 780 779
840 841 832
880 841 840
819 829 823
619 598 597
655 675 625
599 598 655
625 604 655
655 604 599
745 724 717
745 776 777
810 829 819
819 776 810
777 786 788
733 719 732
732 719 694
853 823 829
455 493 476
431 461 455
492 461 484
484 515 492
492 515 500
492 500 501
501 461 492
500 515 535
545 546 535
507 545 535
535 515 507
536 500 535
535 546 536
629 677 665
580 611 612
612 581 580
569 545 577
569 546 545
573 551 519
519 568 573
590 542 573
573 542 551
573 599 590
568 599 573
529 542 530
530 587 543
530 542 587
543 561 532
532 530 543
531 530 532
521 531 532
532 544 521
561 544 532
524 514 523
523 534 524
507 514 524
576 593 552
552 600 576
610 600 575
576 600 610
575 600 574
574 561 543
574 552 561
600 552 574
430 474 484
523 514 490
388 358 367
367 412 388
413 407 388
388 412 413
452 428 451
413 412 418
418 428 413
343 324 351
332 324 343
351 399 369
369 343 351
397 408 420
842 841 870
832 841 842
922 893 892
892 910 922
870 841 881
881 893 870
881 892 893
881 841 880
881 880 869
869 892 881
781 761 792
792 799 781
973 1010 974
1026 1010 1025
973 990 1025
1025 1010 973
1258 1220 1229
1195 1218 1229
1195 1229 1219
1219 1229 1220
1194 1218 1195
943 919 952
952 920 943
962 920 952
994 972 1009
1018 1023 1009
989 988 1001
1001 972 989
1001 1009 972
1001 988 1018
1018 1009 1001
922 910 964
910 972 964
964 921 922
990 921 964
994 990 964
964 972 994
1958 1986 1928
1928 1904 1958
1958 1904 1913
1967 1986 1958
1958 1935 1967
1913 1935 1958
1994 2038 1993
1993 2008 1994
1993 2024 2008
1993 2038 2059
2067 2059 2
2067 1993 2059
2024 1993 2067
2053 2045 2052
2053 2066 2045
2053 2052 2058
2043 2051 2056
2021 2033 2043
2033 2051 2043
2021 2006 2005
2032 2042 2011
2042 2020 2011
2003 2050 2011
2022 2056 2057
2022 2043 2056
2035 2057 2044
2044 2023 2035
2035 2022 2057
1992 2022 2035
1934 1946 1918
1912 1902 1918
1918 1946 1941
1941 1912 1918
1889 1878 1869
1869 1902 1889
2031 2041 2075
2031 2050 2041
2031 2070 2032
2075 2070 2031
2032 2011 2031
2031 2011 2050
1974 1961 1955
1961 1975 1955
1955 1975 1982
1980 2003 2004
2004 1975 1980
2003 2011 2004
2004 2011 2020
1901 1926 1940
1940 1933 1901
1940 1932 1933
1905 1914 1906
1968 2008 1947
1791 1810 1811
1827 1853 1828
1828 1810 1827
1811 1810 1828
1758 1737 1757
1757 1737 1726
1726 1743 1757
1916 1923 1897
1916 1937 1923
1990 1950 1977
1224 1214 1223
1382 1354 1413
1413 1414 1382
1057 1099 1083
19 33 24
24 33 47
49 78 104
99 104 78
509 537 538
613 588 570
570 588 565
536 546 554
554 537 536
465 438 426
714 730 698
691 654 706
241 240 242
235 255 230
230 219 235
351 324 360
272 255 281
218 201 229
218 261 235
229 261 218
194 201 218
218 219 194
235 219 218
314 270 277
349 341 358
358 322 349
314 277 349
349 277 341
271 270 314
135 154 155
135 156 91
155 156 135
157 155 164
157 150 100
100 156 157
84 93 100
100 150 84
136 150 158
158 159 136
106 84 136
84 150 136
92 93 83
79 91 92
91 156 92
92 100 93
156 100 92
92 71 79
92 83 71
187 176 175
202 176 187
203 176 202
203 202 210
210 202 236
139 138 145
121 139 146
212 161 177
346 354 364
309 319 288
326 354 320
320 292 326
326 292 319
54 76 96
96 76 119
119 101 96
96 101 63
63 62 96
96 62 54
53 76 54
54 29 53
53 29 46
53 46 81
81 76 53
176 188 152
152 138 137
152 188 145
145 138 152
137 175 152
152 175 176
120 101 119
138 139 120
121 101 120
120 139 121
137 138 113
113 120 119
138 120 113
130 129 128
137 113 130
151 107 95
151 136 159
151 159 143
143 107 151
151 95 106
106 136 151
127 107 143
143 171 127
171 174 144
128 127 144
144 127 171
195 174 185
195 185 194
194 219 195
64 38 32
32 37 64
87 65 64
64 65 38
102 65 87
87 110 102
17 29 10
8 14 15
75 129 81
61 75 52
81 46 52
52 75 81
95 107 108
107 127 108
214 225 250
250 215 214
181 216 227
216 215 227
1423 1414 1413
1423 1441 1414
1410 1435 1436
1410 1427 1390
1460 1486 1461
1461 1448 1460
1269 1323 1281
1298 1269 1289
1323 1269 1298
1362 1373 1324
1324 1323 1362
1412 1404 1411
1411 1440 1412
1412 1423 1413
1412 1440 1428
1428 1423 1412
1297 1298 1289
1322 1298 1297
1322 1297 1310
1310 1297 1280
1390 1427 1381
1381 1380 1390
1381 1427 1411
1411 1404 1381
1381 1404 1373
1373 1380 1381
1524 1523 1543
1566 1525 1557
1557 1575 1566
1566 1575 1544
1566 1544 1534
1557 1525 1550
1550 1556 1557
1550 1525 1543
1820 1855 1867
1409 1403 1389
1421 1422 1409
1402 1420 1421
1421 1409 1402
1402 1409 1389
1401 1420 1402
1351 1401 1402
1402 1389 1351
1401 1350 1371
1601 1622 1621
1538 1609 1561
1581 1561 1591
1561 1609 1591
1591 1600 1581
1637 1600 1591
1662 1669 1686
1686 1701 1662
1686 1700 1701
1641 1654 1694
1662 1654 1620
1598 1669 1620
1620 1669 1662
1454 1455 1406
1473 1455 1454
1465 1445 1456
1456 1445 1444
1456 1444 1406
1406 1455 1456
1520 1569 1528
1465 1456 1464
1464 1456 1455
1464 1455 1473
1473 1489 1464
1581 1601 1562
1406 1444 1386
1386 1375 1406
1346 1368 1356
1368 1375 1356
1356 1347 1346
1356 1369 1347
1496 1497 1463
1463 1487 1496
1463 1432 1416
1497 1432 1463
1385 1367 1393
1326 1335 1336
1305 1275 1283
1710 1738 1732
1732 1738 1753
1617 1635 1619
1771 1765 1718
1732 1753 1718
1718 1753 1771
1720 1711 1707
1693 1707 1685
1684 1636 1676
1684 1693 1685
1676 1693 1684
1669 1636 1684
1685 1686 1684
1684 1686 1669
1442 1495 1471
1471 1495 1487
1231 1221 1205
1205 1221 1179
1232 1221 1251
1289 1269 1251
1268 1221 1231
1268 1279 1280
1112 1142 1134
1135 1134 1142
1124 1113 1135
1113 1134 1135
1230 1220 1246
1246 1220 1258
1258 1295 1246
1230 1203 1196
1132 1099 1111
1111 1110 1132
1099 1082 1111
1132 1110 1140
1140 1160 1132
1387 1407 1358
1358 1349 1357
1377 1349 1358
1358 1407 1377
1285 1318 1306
1293 1318 1285
1285 1284 1293
1370 1358 1357
1387 1358 1370
1190 1165 1163
1163 1182 1190
1190 1182 1208
1190 1208 1191
1274 1283 1275
1314 1283 1274
1254 1274 1275
1254 1253 1252
1252 1274 1254
1252 1253 1263
894 921 973
973 974 894
894 974 954
895 921 894
894 911 895
954 911 894
902 936 923
858 834 845
858 836 835
835 834 858
935 911 954
935 936 862
862 911 935
1133 1170 1148
1148 1100 1133
1170 1172 1148
1064 1054 1063
1063 1081 1064
1081 1082 1064
1056 1057 1020
1056 1082 1099
1099 1057 1056
1020 1014 1030
1030 1014 1029
1029 1044 1030
1030 1056 1020
1029 1014 1019
1014 1013 1019
1234 1235 1223
1333 1303 1325
1036 1048 1037
1058 1048 1036
1113 1085 1084
1084 1085 1058
1373 1404 1363
1363 1364 1333
1395 1412 1413
1404 1412 1395
1413 1354 1395
1354 1364 1395
1395 1363 1404
1364 1363 1395
1794 1831 1822
1822 1815 1794
1822 1831 1886
1886 1833 1822
1822 1833 1815
1794 1815 1773
1754 1772 1773
1773 1772 1794
1781 1772 1754
1781 1780 1772
1771 1780 1781
1754 1765 1781
1781 1765 1771
1788 1734 1797
1788 1724 1734
1806 1837 1807
1807 1839 1817
1837 1839 1807
1670 1713 1714
1714 1678 1670
1894 1903 1879
1889 1894 1879
1879 1903 1895
1895 1870 1879
1879 1878 1889
1834 1878 1879
1879 1870 1834
1838 1880 1846
1847 1839 1838
1838 1846 1847
1847 1846 1859
1861 1853 1827
1701 1700 1722
1694 1701 1722
1722 1702 1694
1722 1756 1702
1685 1707 1699
1699 1707 1711
1699 1686 1685
1700 1686 1699
1747 1755 1774
1747 1742 1756
1775 1774 1785
1785 1786 1775
1775 1747 1774
1742 1747 1775
1774 1755 1784
1784 1796 1774
1784 1755 1740
1740 1767 1784
1784 1767 1783
1783 1796 1784
1633 1640 1603
1644 1665 1633
1633 1624 1644
1603 1624 1633
1680 1666 1657
1657 1673 1680
1730 1703 1717
1614 1593 1603
1603 1640 1614
1640 1634 1614
1571 1593 1564
1639 1624 1612
1612 1624 1613
1651 1631 1671
1655 1651 1671
1670 1678 1671
1671 1678 1655
1663 1697 1670
1670 1671 1663
1663 1671 1631
1663 1631 1642
1663 1650 1697
1642 1650 1663
1694 1702 1648
1648 1641 1694
1677 1712 1697
1697 1650 1677
1733 1712 1677
1702 1733 1677
1677 1648 1702
1650 1648 1677
1649 1642 1630
1649 1650 1642
1649 1648 1650
1641 1648 1649
1630 1637 1649
1637 1641 1649
1632 1643 1623
1679 1665 1664
1664 1672 1679
1664 1665 1644
1644 1652 1664
1664 1652 1655
1655 1672 1664
1768 1737 1758
1758 1791 1768
1817 1809 1790
1715 1679 1709
1715 1716 1679
1715 1743 1726
1726 1716 1715
1698 1673 1659
1659 1716 1698
1698 1726 1727
1698 1716 1726
1731 1704 1696
1696 1690 1731
1691 1690 1696
1731 1690 1689
1778 1763 1777
1777 1802 1778
1769 1829 1777
1777 1829 1802
1751 1689 1730
1731 1689 1751
1744 1763 1778
1752 1704 1731
1731 1751 1752
1752 1751 1763
1752 1744 1704
1763 1744 1752
657 640 639
657 639 625
625 656 657
657 656 682
800 782 761
761 781 800
800 781 827
800 827 844
626 659 648
648 659 664
672 695 649
676 695 672
672 664 676
664 684 676
684 709 676
746 709 760
685 695 746
695 676 746
746 676 709
746 747 685
746 760 747
963 988 989
963 879 887
963 887 953
953 988 963
989 910 888
888 892 869
910 892 888
1038 1008 1000
1000 1008 962
1000 1049 1038
1017 1049 1000
720 709 708
708 709 684
708 759 720
708 719 759
708 684 702
702 719 708
833 813 832
799 813 833
833 781 799
827 781 833
773 772 759
799 772 773
773 813 799
773 780 813
733 732 758
758 732 757
832 813 825
825 840 832
813 780 825
825 780 791
791 779 798
791 798 812
812 798 824
811 786 819
819 823 811
675 655 670
638 693 670
670 693 675
670 619 638
598 619 670
670 655 598
700 718 707
700 693 724
707 675 700
675 693 700
724 745 770
770 700 724
718 700 770
770 745 777
701 682 707
707 718 701
744 810 776
744 745 717
776 745 744
789 788 778
789 758 757
876 853 886
823 853 876
886 891 876
475 493 509
475 476 493
432 389 423
423 431 432
546 569 563
563 554 546
580 564 563
564 554 563
505 551 529
479 496 472
529 530 520
520 530 531
419 453 420
420 408 419
419 396 452
419 408 396
534 553 562
562 524 534
577 545 562
562 553 577
562 545 507
507 524 562
533 534 523
523 544 533
593 534 533
533 552 593
533 544 561
561 552 533
606 610 575
606 575 605
605 640 606
606 640 641
606 641 626
626 610 606
575 574 592
587 591 592
543 587 592
592 574 543
605 575 592
592 591 605
474 430 460
430 441 460
423 382 422
422 441 430
454 431 423
461 431 454
423 422 454
454 422 430
484 461 454
454 430 484
483 490 514
483 514 491
491 474 483
469 490 483
474 460 483
483 460 469
472 496 466
439 472 466
466 451 439
439 451 427
427 451 428
428 418 427
308 324 332
308 285 291
332 343 318
420 453 459
453 473 459
400 421 429
399 397 414
414 459 421
414 397 420
420 459 414
848 842 870
870 871 848
848 861 845
871 861 848
1002 1010 1011
1002 974 1010
1119 1145 1146
1139 1145 1119
1258 1229 1238
1238 1229 1218
1265 1299 1266
1266 1299 1293
1293 1284 1266
1026 1025 1061
1028 1012 1011
971 952 919
961 987 1017
962 952 961
961 971 987
952 971 961
1017 1000 961
961 1000 962
2072 2067 2
2021 2005 2012
2012 2033 2021
2012 2042 2033
2012 2020 2042
1981 2005 1982
1982 1975 1981
2020 2012 1981
1981 2012 2005
1981 2004 2020
1975 2004 1981
1964 2005 2006
1964 1984 1956
1964 2006 1984
1956 1932 1964
2043 2022 2034
2034 2006 2021
2021 2043 2034
2034 2022 1992
1984 2006 2034
1992 2035 2036
2013 1992 2036
2036 2023 1966
2036 2035 2023
2036 1966 1985
1985 2013 2036
1927 1957 1934
1933 1957 1927
1902 1869 1888
1888 1869 1858
1888 1858 1893
1893 1910 1888
1878 1824 1852
1852 1869 1878
1858 1869 1852
1852 1824 1804
1803 1858 1852
1852 1804 1803
1931 1926 1925
1974 1955 1931
1925 1939 1931
1931 1939 1974
1962 1940 1926
1926 1931 1962
1962 1931 1955
1962 1955 1982
1920 1906 1919
1919 1906 1914
1919 1914 1968
1968 1947 1919
1987 1947 1995
1995 2014 1987
1995 1947 2008
2008 2024 1995
2024 2014 1995
1948 1947 1987
1948 1919 1947
1920 1919 1948
2027 2017 2018
2016 2027 2010
2016 2010 2009
2047 2048 2015
2025 2047 2015
1848 1828 1853
1853 1882 1848
1848 1882 1863
1811 1828 1848
1827 1810 1818
1897 1884 1866
1866 1916 1897
1866 1855 1865
1884 1867 1866
1866 1867 1855
1976 1999 1971
1971 1999 1977
2018 2049 1989
1989 1999 2018
1989 2049 2039
1977 1999 1989
1989 1990 1977
1930 1937 1951
2029 2028 2061
2061 2001 2029
1214 1224 1207
1262 1224 1223
1262 1235 1312
1223 1235 1262
1354 1382 1355
1355 1344 1354
1334 1344 1355
1449 1461 1480
1020 1057 1031
997 996 1031
836 905 850
39 33 19
19 18 39
39 38 66
18 38 39
25 24 47
47 57 25
25 57 34
77 99 78
104 99 105
613 570 608
608 570 564
580 581 608
608 564 580
564 570 555
537 554 555
555 554 564
555 538 537
565 538 555
555 570 565
566 556 595
269 259 276
298 334 335
335 334 346
385 337 347
690 698 731
731 698 730
740 730 714
768 838 797
663 654 691
691 706 716
699 706 654
654 653 699
690 731 699
699 731 706
617 636 637
637 636 653
623 661 644
644 661 697
909 868 890
242 240 257
258 241 242
240 241 232
209 230 246
246 255 272
246 230 255
342 407 378
342 388 407
358 388 342
342 322 358
315 308 291
315 360 324
324 308 315
280 281 255
280 255 235
235 261 280
280 261 285
307 315 291
229 254 279
279 261 229
279 307 291
291 285 279
285 261 279
278 271 314
234 233 251
270 271 251
251 271 234
157 164 165
165 150 157
158 150 165
165 164 191
155 154 169
169 164 155
169 154 190
158 165 170
170 165 191
201 183 200
229 201 200
228 254 200
200 254 229
193 185 160
194 185 193
193 201 194
193 183 201
236 202 220
209 246 220
187 209 220
220 202 187
247 210 236
203 210 211
221 177 211
211 188 203
272 281 297
297 286 272
122 167 133
153 146 139
153 139 145
153 161 122
122 146 153
212 223 204
122 161 166
166 167 122
166 161 212
212 204 166
166 204 167
363 364 354
309 288 287
319 292 282
282 288 319
237 247 282
282 247 288
129 130 86
86 130 113
86 76 81
81 129 86
119 76 86
86 113 119
187 175 197
174 195 197
186 175 137
137 130 186
186 197 175
186 130 128
128 144 186
186 144 174
174 197 186
31 62 87
87 64 31
31 64 37
31 30 62
31 37 1
1 30 31
66 65 97
65 102 97
97 98 66
131 102 110
131 110 121
121 146 131
48 20 34
34 57 48
57 70 48
46 29 16
29 17 16
16 17 9
43 15 14
7 27 43
43 14 7
128 129 109
129 75 109
109 127 128
109 108 127
1486 1526 1493
1480 1461 1493
1461 1486 1493
1533 1526 1486
1534 1526 1533
1533 1566 1534
1525 1566 1533
549 518 560
214 216 180
117 105 99
268 301 276
289 301 268
244 227 215
1435 1410 1426
1426 1410 1390
1459 1460 1448
1459 1438 1470
1436 1438 1437
1437 1410 1436
1427 1410 1437
1437 1440 1411
1411 1427 1437
1428 1440 1439
1439 1448 1428
1440 1437 1439
1439 1437 1438
1439 1459 1448
1438 1459 1439
1362 1323 1361
1323 1298 1361
1361 1298 1322
1281 1323 1290
1323 1324 1290
1321 1301 1341
1322 1310 1352
1343 1350 1351
1351 1352 1343
1343 1352 1310
1436 1435 1469
1469 1438 1436
1470 1438 1469
1544 1575 1576
1585 1556 1565
1556 1550 1565
1565 1572 1585
1554 1572 1565
1573 1556 1585
1658 1647 1646
1557 1556 1595
1595 1575 1557
1556 1573 1595
1595 1573 1615
1843 1849 1776
1843 1854 1849
1390 1380 1372
1372 1380 1362
1362 1361 1372
1389 1403 1379
1403 1360 1379
1351 1389 1379
1379 1352 1351
1377 1388 1378
1378 1349 1377
1359 1420 1401
1401 1371 1359
1400 1420 1359
1371 1378 1359
1359 1388 1400
1359 1378 1388
1434 1420 1400
1421 1420 1434
1453 1422 1467
1467 1476 1453
1400 1388 1419
1419 1388 1399
1492 1466 1452
1457 1419 1433
1433 1399 1408
1433 1419 1399
1503 1521 1477
1477 1521 1479
1503 1532 1553
1622 1638 1610
1610 1621 1622
1592 1621 1610
1610 1638 1632
1632 1623 1610
1610 1623 1592
1528 1569 1560
1560 1538 1528
1560 1569 1568
1609 1620 1629
1629 1620 1654
1629 1591 1609
1637 1591 1629
1629 1641 1637
1654 1641 1629
1417 1454 1406
1368 1385 1417
1417 1385 1451
1451 1454 1417
1406 1375 1417
1417 1375 1368
1515 1520 1528
1489 1520 1515
1569 1520 1519
1568 1569 1519
1519 1547 1568
1498 1497 1488
1548 1562 1563
1601 1621 1563
1563 1562 1601
1551 1562 1548
1548 1540 1551
1551 1561 1581
1581 1562 1551
1506 1540 1490
1418 1386 1444
1408 1407 1418
1418 1407 1387
1387 1386 1418
1418 1445 1408
1444 1445 1418
1376 1386 1387
1369 1356 1376
1375 1386 1376
1376 1356 1375
1387 1370 1376
1376 1370 1369
1472 1454 1451
1451 1432 1472
1473 1454 1472
1472 1498 1473
1472 1432 1497
1497 1498 1472
1451 1385 1398
1385 1393 1398
1416 1432 1398
1398 1432 1451
1338 1367 1345
1338 1393 1367
1692 1635 1668
1668 1710 1692
1692 1710 1732
1771 1753 1764
1779 1814 1764
1764 1780 1771
1764 1814 1780
1617 1616 1627
1627 1635 1617
1668 1635 1627
1518 1535 1545
1545 1536 1518
1518 1536 1505
1505 1495 1518
1577 1616 1618
1618 1616 1617
1558 1567 1577
1545 1535 1558
1535 1567 1558
1605 1619 1606
1605 1606 1589
1589 1604 1605
1617 1619 1605
1605 1618 1617
1604 1618 1605
1579 1604 1589
1653 1676 1628
1676 1636 1628
1608 1636 1598
1608 1628 1636
1590 1628 1608
1494 1442 1462
1159 1140 1178
1188 1160 1159
1160 1140 1159
1221 1268 1239
1289 1251 1239
1239 1251 1221
1239 1268 1280
1239 1297 1289
1280 1297 1239
1124 1135 1201
1214 1207 1201
1201 1162 1124
1201 1207 1162
1098 1082 1081
1098 1111 1082
1110 1111 1098
1120 1106 1092
1120 1119 1146
1178 1140 1131
1131 1140 1110
1186 1204 1178
1186 1196 1203
1203 1204 1186
1294 1257 1306
1369 1370 1340
1306 1318 1340
1340 1318 1347
1347 1369 1340
1215 1191 1249
1272 1263 1271
1236 1263 1253
1249 1208 1236
1236 1253 1249
1236 1208 1225
1225 1271 1236
1236 1271 1263
633 632 650
956 923 936
937 923 944
902 923 937
937 924 902
849 861 902
902 924 849
845 861 849
849 858 845
849 924 903
936 935 965
965 956 936
967 956 965
954 974 975
974 1002 975
882 849 903
858 849 882
836 858 882
882 905 836
1123 1148 1141
1141 1148 1172
1112 1123 1141
1065 1148 1123
1100 1148 1065
1083 1100 1074
1100 1065 1074
1074 1065 1045
1075 1123 1112
1055 1030 1044
1056 1030 1055
1055 1044 1054
1054 1064 1055
1055 1064 1082
1082 1056 1055
1223 1214 1213
1213 1234 1223
1261 1303 1235
1235 1234 1261
1261 1234 1248
1261 1325 1303
1302 1324 1373
1373 1363 1302
1302 1290 1324
1325 1290 1302
1333 1325 1302
1302 1363 1333
1766 1773 1815
1766 1767 1739
1766 1815 1782
1782 1767 1766
1798 1797 1806
1798 1788 1797
1806 1807 1798
1789 1788 1798
1725 1788 1789
1724 1788 1725
1713 1724 1725
1725 1714 1713
1678 1714 1708
1709 1672 1708
1708 1672 1678
1859 1846 1896
1896 1871 1859
1896 1906 1920
1920 1871 1896
1839 1847 1808
1817 1839 1808
1808 1809 1817
1840 1861 1827
1840 1847 1859
1853 1861 1862
1881 1882 1862
1862 1882 1853
1741 1722 1700
1756 1722 1741
1741 1747 1756
1755 1747 1741
1787 1775 1786
1797 1734 1787
1787 1786 1797
1742 1775 1787
1787 1734 1723
1723 1742 1787
1640 1633 1656
1659 1673 1656
1656 1665 1659
1656 1633 1665
1656 1673 1657
1657 1640 1656
1728 1717 1703
1760 1717 1728
1593 1614 1584
1584 1564 1593
1572 1564 1584
1585 1572 1584
1611 1643 1639
1639 1612 1611
1611 1612 1582
1611 1623 1643
1592 1623 1602
1602 1611 1582
1623 1611 1602
1737 1768 1750
1760 1728 1750
1727 1737 1750
1750 1728 1727
1792 1843 1776
1666 1680 1687
1687 1680 1703
1730 1717 1729
1729 1751 1730
1729 1717 1760
640 657 658
641 640 658
658 682 683
658 657 682
683 671 658
671 641 658
687 665 677
687 678 665
835 815 822
607 648 627
576 610 607
607 610 626
626 648 607
607 601 576
607 627 601
627 648 660
660 642 627
660 648 664
660 664 672
672 642 660
672 649 643
643 642 672
643 649 677
578 569 577
856 888 869
847 879 856
879 963 934
934 856 879
888 856 934
934 963 989
989 888 934
771 779 780
780 773 771
733 758 771
771 758 779
771 759 733
771 773 759
779 758 790
778 798 790
790 798 779
790 789 778
758 789 790
839 825 791
791 812 839
840 825 839
880 840 839
831 812 824
847 856 831
821 798 778
824 798 821
877 876 891
891 933 877
933 878 877
757 732 725
725 701 757
725 694 683
725 732 694
683 682 725
682 701 725
756 789 757
757 701 756
756 701 718
756 770 777
718 770 756
777 788 756
788 789 756
854 811 823
823 876 854
876 877 854
509 538 502
502 475 509
475 502 494
579 563 569
579 578 611
569 578 579
579 611 580
580 563 579
551 505 489
519 551 489
489 505 496
550 567 489
489 567 519
489 479 550
496 479 489
497 505 529
529 520 497
521 544 522
522 544 523
523 490 522
440 460 441
400 429 440
469 460 440
440 429 469
446 419 452
453 419 446
481 473 453
453 446 481
481 446 498
332 318 325
325 318 333
333 297 325
325 297 281
399 414 409
409 414 421
409 421 400
400 369 409
409 369 399
842 848 843
843 848 845
845 834 843
843 834 844
1011 1012 1003
1003 1002 1011
1146 1145 1157
1196 1186 1157
1230 1196 1168
1196 1157 1168
1168 1157 1145
1168 1220 1230
1168 1219 1220
1284 1285 1286
1306 1257 1286
1286 1285 1306
1218 1194 1202
1202 1194 1155
1267 1266 1284
1024 1025 990
1024 1061 1025
1024 990 994
1185 1194 1195
1183 1127 1126
1126 1165 1183
1117 1137 1154
1154 1087 1117
1144 1087 1154
2024 2067 2046
2067 2072 2046
2046 2072 2073
2046 2014 2024
2046 2073 2025
2025 2014 2046
1963 1962 1982
1940 1962 1963
1982 2005 1963
2005 1964 1963
1932 1940 1963
1963 1964 1932
1984 2034 1983
1983 2034 1992
1983 1992 2013
2013 1965 1983
1983 1965 1984
1911 1927 1934
1910 1927 1911
1911 1888 1910
1902 1888 1911
1934 1918 1911
1911 1918 1902
1917 1927 1910
1917 1887 1933
1933 1927 1917
1936 1871 1920
1920 1948 1936
1936 1948 1969
1859 1871 1860
1860 1840 1859
1861 1840 1860
1860 1862 1861
1942 1949 1881
1942 1936 1969
1998 2027 2018
2018 1999 1998
1998 1999 1976
1976 2010 1998
1998 2010 2027
2026 2027 2016
2026 2048 2060
2060 2017 2026
2017 2027 2026
2026 2015 2048
2016 2015 2026
1959 1942 1969
1949 1942 1959
1988 1948 1987
1969 1948 1988
1987 2014 1996
1996 1988 1987
2009 1988 1996
1996 2014 2025
2025 2015 1996
2016 2009 1996
1996 2015 2016
1863 1854 1842
1842 1848 1863
1854 1843 1842
1811 1848 1842
1809 1818 1800
1800 1790 1809
1937 1916 1922
1863 1882 1873
1976 1971 1943
2000 1989 2039
1990 1989 2000
2000 2039 2028
2028 2029 2000
2000 2029 1990
1930 1951 1952
1991 2029 2001
1991 1951 1950
1950 1990 1991
1990 2029 1991
2001 1952 1991
1991 1952 1951
1429 1448 1461
1461 1449 1429
1428 1448 1429
1429 1423 1428
1441 1423 1429
1429 1449 1441
1015 1031 996
1005 1014 1015
1015 1014 1020
1020 1031 1015
992 1004 1005
992 981 980
980 991 992
991 1004 992
982 996 997
929 916 982
904 905 912
904 850 905
897 850 904
904 914 897
828 815 836
836 850 828
828 803 815
816 803 828
940 904 912
914 904 940
980 981 951
90 77 69
445 450 488
565 588 583
614 632 633
614 588 613
613 632 614
582 595 556
582 583 588
556 583 582
588 614 582
566 595 571
571 609 596
295 269 276
276 301 295
295 301 312
385 347 376
364 363 391
364 391 392
488 450 464
713 698 690
742 740 768
768 797 742
585 603 549
585 559 589
549 560 585
585 560 559
706 731 715
715 716 706
723 716 715
715 731 730
645 636 617
652 645 662
636 645 652
647 603 618
618 585 589
603 585 618
646 637 653
646 653 654
654 663 646
646 663 647
647 618 646
646 618 637
809 838 768
808 837 809
784 803 794
794 803 816
794 752 784
764 752 794
634 623 633
661 623 634
633 650 634
728 705 704
704 705 689
704 696 734
689 696 704
721 713 668
668 652 662
668 713 690
690 652 668
680 697 661
680 728 711
728 704 735
735 704 734
796 736 754
754 736 766
999 984 1007
1037 986 999
999 1036 1037
1007 1036 999
868 860 875
875 890 868
226 250 225
225 258 226
226 268 250
289 268 226
222 249 223
222 223 212
212 177 222
222 177 221
237 282 273
273 282 292
300 301 289
312 301 300
321 356 338
337 356 321
242 257 275
275 300 289
294 300 275
236 220 256
256 220 246
272 286 256
256 246 272
378 408 368
408 397 368
317 359 360
360 315 317
315 307 317
317 323 359
317 307 296
296 323 317
281 280 303
303 325 281
285 308 303
303 280 285
303 308 332
332 325 303
314 349 306
306 278 314
306 349 322
322 323 306
306 323 296
290 306 296
278 306 290
234 271 252
271 278 252
278 290 252
207 169 190
190 233 207
207 233 234
184 159 158
158 170 184
160 159 184
184 170 183
184 193 160
183 193 184
183 170 192
192 217 228
191 217 192
192 170 191
228 200 192
192 200 183
221 211 248
248 211 210
237 221 248
248 247 237
210 247 248
188 211 198
145 188 198
198 177 161
198 211 177
198 153 145
161 153 198
140 133 167
162 115 140
124 133 140
140 115 124
167 204 178
178 140 167
162 140 178
205 162 178
345 353 372
309 353 345
345 319 309
345 326 319
354 326 362
362 363 354
326 345 362
362 345 372
304 297 333
304 353 309
309 287 304
286 297 304
304 287 286
196 197 195
196 195 219
196 209 187
187 197 196
219 230 196
196 230 209
98 97 82
123 97 102
102 131 123
123 82 97
124 82 123
148 172 141
147 115 162
147 172 148
56 70 57
56 57 47
47 33 67
67 56 47
68 56 67
20 48 35
35 44 21
21 20 35
28 15 61
61 52 28
28 16 9
28 52 46
46 16 28
9 8 28
8 15 28
45 43 27
27 50 45
50 74 45
61 15 51
15 43 51
43 45 51
1510 1533 1486
1486 1460 1510
1543 1525 1510
1525 1533 1510
517 560 518
517 438 465
517 518 438
189 225 214
214 180 189
189 180 134
105 117 118
126 141 134
243 268 276
276 259 243
215 250 243
250 268 243
259 244 243
243 244 215
1435 1426 1458
1394 1426 1390
1390 1372 1394
1394 1372 1360
1394 1360 1403
1460 1459 1517
1517 1510 1460
1470 1524 1517
1517 1459 1470
1517 1524 1543
1543 1510 1517
1353 1361 1322
1353 1379 1360
1360 1372 1353
1353 1372 1361
1322 1352 1353
1352 1379 1353
1270 1290 1325
1270 1261 1248
1325 1261 1270
1281 1290 1270
1342 1371 1350
1342 1321 1341
1350 1343 1332
1332 1342 1350
1321 1342 1332
1470 1469 1504
1504 1524 1470
1523 1524 1504
1478 1469 1435
1478 1477 1479
1479 1504 1478
1478 1504 1469
1554 1523 1522
1479 1521 1522
1523 1504 1522
1522 1504 1479
1571 1564 1549
1549 1553 1571
1549 1521 1503
1503 1553 1549
1554 1565 1555
1555 1565 1550
1555 1523 1554
1543 1523 1555
1555 1550 1543
1594 1573 1585
1594 1614 1634
1585 1584 1594
1594 1584 1614
1615 1573 1625
1625 1660 1615
1573 1594 1625
1625 1594 1634
1625 1634 1666
1666 1660 1625
1681 1689 1690
1575 1595 1586
1587 1576 1586
1586 1576 1575
1586 1647 1587
1586 1646 1647
1349 1378 1331
1331 1342 1341
1331 1378 1371
1371 1342 1331
1421 1434 1447
1447 1434 1466
1447 1422 1421
1447 1467 1422
1484 1466 1492
1484 1447 1466
1467 1447 1484
1500 1483 1530
1482 1483 1492
1492 1452 1482
1482 1452 1457
1457 1481 1482
1466 1434 1424
1424 1452 1466
1424 1434 1400
1400 1419 1424
1424 1419 1457
1457 1452 1424
1446 1445 1465
1408 1445 1446
1446 1433 1408
1465 1506 1446
1446 1506 1490
1571 1553 1583
1582 1612 1583
1583 1613 1571
1583 1612 1613
1532 1509 1541
1541 1553 1532
1582 1583 1541
1541 1583 1553
1547 1519 1513
1488 1512 1513
1513 1512 1537
1537 1547 1513
1499 1520 1489
1499 1489 1473
1473 1498 1499
1539 1515 1528
1561 1551 1539
1539 1538 1561
1528 1538 1539
1540 1506 1474
1489 1515 1474
1474 1464 1489
1465 1464 1474
1474 1506 1465
1450 1471 1487
1487 1463 1450
1450 1463 1416
1416 1431 1450
1345 1339 1330
1330 1338 1345
1252 1263 1273
1273 1263 1272
1291 1273 1272
1282 1273 1291
1770 1753 1738
1770 1764 1753
1779 1764 1770
1527 1567 1535
1535 1518 1511
1494 1527 1511
1511 1527 1535
1511 1442 1494
1511 1495 1442
1511 1518 1495
1653 1606 1674
1606 1619 1674
1705 1692 1732
1732 1718 1705
1545 1558 1578
1604 1579 1578
1546 1545 1578
1578 1579 1546
1559 1547 1537
1559 1537 1546
1546 1579 1559
1607 1628 1590
1653 1628 1607
1607 1606 1653
1589 1606 1607
1597 1608 1598
1597 1560 1568
1590 1608 1597
1415 1405 1391
1383 1405 1396
1396 1405 1443
1471 1450 1443
1443 1431 1396
1443 1450 1431
1178 1204 1187
1187 1159 1178
1231 1205 1209
1209 1204 1203
1205 1187 1209
1209 1187 1204
1197 1205 1179
1188 1159 1197
1197 1187 1205
1159 1187 1197
1240 1269 1281
1240 1251 1269
1232 1251 1240
1341 1301 1320
1301 1287 1320
1250 1203 1230
1230 1246 1250
1301 1321 1308
1105 1120 1092
1119 1120 1105
1147 1131 1130
1169 1131 1147
1178 1131 1169
1169 1186 1178
1073 1081 1063
1257 1294 1277
1277 1238 1257
1277 1295 1258
1258 1238 1277
1348 1370 1357
1348 1340 1370
1357 1307 1348
1307 1294 1348
1348 1294 1306
1306 1340 1348
1249 1253 1226
1226 1215 1249
1253 1254 1226
1191 1215 1184
1173 1151 1184
727 710 688
763 710 727
944 923 957
923 956 957
957 956 967
945 937 944
967 965 966
954 975 955
955 975 977
955 935 954
955 965 935
977 966 955
955 966 965
903 924 938
938 925 903
946 925 938
924 937 938
938 945 946
937 945 938
947 925 946
948 939 947
939 925 947
905 882 896
912 905 896
896 882 903
896 926 912
939 926 896
903 925 896
896 925 939
942 907 929
917 907 942
942 1022 998
1045 1022 1021
1021 1074 1045
997 1031 1032
1032 1031 1057
1032 1021 997
1074 1021 1032
1032 1057 1083
1083 1074 1032
1101 1134 1113
1113 1084 1101
1112 1134 1101
1101 1075 1112
1248 1234 1212
1234 1213 1212
1214 1201 1181
1181 1213 1214
1181 1201 1135
1045 1065 1066
1066 1065 1123
1123 1075 1066
1754 1773 1746
1773 1766 1746
1739 1720 1746
1746 1766 1739
1789 1798 1799
1799 1798 1807
1799 1807 1817
1817 1790 1799
1799 1748 1789
1790 1748 1799
1714 1725 1735
1735 1708 1714
1735 1725 1789
1789 1748 1735
1890 1846 1880
1890 1896 1846
1890 1895 1905
1890 1880 1895
1905 1906 1890
1906 1896 1890
1827 1818 1841
1841 1840 1827
1841 1818 1809
1809 1808 1841
1841 1808 1847
1847 1840 1841
1700 1699 1721
1721 1741 1700
1721 1711 1740
1721 1699 1711
1740 1755 1721
1755 1741 1721
1695 1680 1673
1673 1698 1695
1703 1680 1695
1695 1728 1703
1695 1698 1727
1727 1728 1695
1760 1750 1759
1759 1750 1768
1749 1748 1790
1790 1800 1749
1749 1757 1743
1749 1800 1757
1736 1715 1709
1743 1715 1736
1736 1735 1748
1736 1749 1743
1748 1749 1736
1709 1708 1736
1708 1735 1736
1763 1751 1762
1751 1729 1762
1769 1777 1762
1762 1777 1763
677 649 686
686 687 677
686 695 685
686 649 695
685 703 686
703 687 686
782 800 801
642 643 620
611 578 620
628 677 629
628 643 677
628 620 643
611 620 628
629 612 628
628 612 611
880 839 857
869 880 857
857 839 812
812 831 857
857 856 869
857 831 856
787 821 778
786 811 787
778 788 787
787 788 786
811 854 830
830 787 811
821 787 830
539 583 556
525 538 565
525 502 538
565 583 525
583 539 525
401 384 389
389 432 401
432 442 401
443 442 456
480 497 498
480 466 496
496 505 480
505 497 480
469 429 482
482 490 469
482 522 490
498 446 467
451 466 467
452 451 467
467 446 452
467 480 498
466 480 467
473 481 506
506 531 521
383 381 382
382 389 383
389 384 383
344 304 333
353 304 344
842 843 826
832 842 826
844 827 826
826 843 844
826 833 832
827 833 826
995 975 1002
1002 1003 995
1245 1238 1218
1257 1238 1245
1245 1286 1257
1265 1266 1256
1266 1267 1256
1043 1062 1053
1070 1062 1078
1071 1053 1070
1070 1053 1062
1043 1042 1041
1041 1062 1043
1078 1062 1041
1195 1219 1176
1176 1185 1195
1219 1168 1176
1176 1168 1145
1176 1145 1139
1167 1185 1144
1144 1154 1167
1155 1194 1167
1194 1185 1167
1892 1910 1893
1892 1917 1910
1893 1851 1892
1887 1917 1892
1857 1887 1892
1892 1851 1857
1872 1860 1871
1871 1936 1872
1936 1942 1872
1862 1860 1872
1881 1862 1872
1872 1942 1881
1997 2009 2010
1997 1959 1969
1969 1988 1997
1997 1988 2009
1970 2010 1976
1976 1943 1970
1970 1997 2010
1959 1997 1970
1949 1959 1970
1970 1943 1949
1819 1800 1818
1819 1818 1810
1758 1757 1819
1757 1800 1819
1819 1791 1758
1810 1791 1819
1907 1915 1908
1908 1915 1922
1881 1949 1929
1929 1882 1881
1929 1873 1882
996 981 1006
1006 1015 996
1005 1015 1006
1006 992 1005
981 992 1006
930 942 998
917 942 930
930 900 917
908 900 930
906 916 929
929 907 906
872 913 906
906 913 916
897 913 898
898 913 872
793 784 783
793 803 784
793 822 815
815 803 793
928 951 914
914 940 928
940 941 928
914 951 915
916 913 915
897 914 915
915 913 897
450 445 417
595 582 622
622 582 614
633 623 622
622 614 633
566 571 572
572 571 596
644 609 615
609 571 615
615 623 644
615 622 623
615 571 595
595 622 615
589 559 548
584 548 558
589 548 584
488 464 495
313 329 330
329 331 330
316 329 313
316 311 329
312 311 316
316 295 312
269 295 302
302 316 313
295 316 302
336 376 347
355 376 336
336 335 355
298 335 336
336 310 298
339 311 338
329 311 339
366 331 340
340 339 357
340 331 329
329 339 340
387 337 385
387 356 337
357 339 348
338 356 348
348 339 338
375 376 355
385 376 375
375 403 385
364 392 365
346 364 365
365 335 346
355 335 365
410 391 443
410 392 391
424 392 410
410 434 424
487 495 458
458 495 464
436 416 411
411 458 464
411 416 444
444 458 411
808 739 767
722 713 721
722 739 714
714 698 722
698 713 722
711 728 729
728 735 729
766 736 729
729 735 766
730 740 741
740 742 741
741 715 730
723 715 741
723 741 743
743 741 742
769 797 852
769 742 797
769 743 742
596 609 635
635 645 617
690 699 669
669 652 690
636 652 669
669 699 653
653 636 669
624 618 589
637 618 624
589 584 624
617 637 624
624 584 617
864 837 851
889 900 908
899 907 917
917 900 899
755 739 808
808 809 755
755 809 768
768 740 755
755 740 714
714 739 755
775 763 783
783 784 775
784 752 775
765 752 764
765 754 766
764 794 806
661 634 679
679 634 705
679 680 661
679 705 728
728 680 679
705 634 667
667 634 650
689 705 667
667 674 689
650 674 667
721 668 712
711 721 712
712 680 711
712 668 662
662 697 712
697 680 712
753 735 734
766 735 753
753 765 766
867 875 860
867 860 852
852 797 867
867 797 838
866 867 838
875 867 866
249 222 263
237 273 263
263 221 237
263 222 221
298 310 283
283 310 284
265 283 266
265 334 298
298 283 265
239 204 223
239 232 205
205 178 239
239 178 204
223 249 231
249 266 231
231 239 223
305 300 294
294 321 305
312 300 305
305 321 338
338 311 305
305 311 312
242 275 267
267 275 289
289 226 267
267 258 242
267 226 258
299 257 284
299 275 257
294 275 299
262 287 288
236 256 262
286 287 262
262 256 286
262 247 236
288 247 262
359 323 350
350 368 359
322 342 350
350 323 322
350 342 378
378 368 350
360 359 398
359 368 398
398 399 351
351 360 398
398 397 399
398 368 397
296 307 260
260 290 296
260 279 254
307 279 260
253 252 290
290 260 253
253 254 228
253 260 254
234 252 208
208 207 234
169 207 182
182 217 191
182 208 217
207 208 182
191 164 182
164 169 182
132 123 131
132 131 146
132 133 124
124 123 132
132 146 122
122 133 132
224 258 225
241 258 224
179 162 205
179 147 162
172 147 179
179 206 172
116 147 148
115 147 116
125 116 148
111 116 125
68 111 125
124 115 114
114 82 124
115 116 114
114 116 111
55 67 33
33 39 55
66 98 55
55 39 66
58 35 48
58 70 69
58 48 70
69 77 58
58 77 78
58 78 44
44 35 58
61 51 85
85 75 61
85 109 75
108 109 85
80 51 45
80 74 95
80 45 74
95 108 80
108 85 80
80 85 51
559 560 512
560 517 512
173 189 134
172 206 173
134 141 173
173 141 172
134 180 163
163 126 134
141 126 103
90 125 103
148 141 103
103 125 148
77 90 112
112 126 117
90 103 112
112 103 126
99 77 112
112 117 99
1425 1458 1426
1425 1394 1403
1426 1394 1425
1453 1458 1425
1425 1422 1453
1425 1409 1422
1403 1409 1425
1241 1270 1248
1281 1270 1241
1241 1240 1281
1233 1240 1241
1321 1332 1296
1296 1308 1321
1309 1343 1310
1309 1332 1343
1309 1296 1332
1309 1310 1280
1280 1279 1309
1279 1296 1309
1453 1476 1468
1468 1458 1453
1476 1477 1468
1477 1478 1468
1435 1458 1468
1468 1478 1435
1542 1549 1564
1542 1572 1554
1542 1564 1572
1554 1522 1542
1542 1522 1521
1521 1549 1542
1615 1660 1626
1689 1681 1688
1730 1689 1688
1688 1703 1730
1688 1687 1703
1667 1660 1666
1666 1687 1667
1667 1626 1660
1681 1626 1667
1687 1688 1667
1667 1688 1681
1574 1595 1615
1574 1586 1595
1646 1586 1574
1615 1626 1574
1574 1626 1646
1516 1509 1532
1548 1563 1508
1500 1530 1552
1592 1602 1552
1570 1563 1621
1570 1621 1592
1570 1508 1563
1530 1508 1570
1592 1552 1570
1570 1552 1530
1457 1433 1475
1475 1481 1457
1433 1446 1475
1490 1481 1475
1475 1446 1490
1531 1541 1509
1531 1552 1602
1531 1602 1582
1582 1541 1531
1531 1509 1500
1500 1552 1531
1514 1499 1498
1514 1498 1488
1514 1519 1520
1520 1499 1514
1488 1513 1514
1514 1513 1519
1540 1474 1529
1529 1474 1515
1529 1551 1540
1515 1539 1529
1529 1539 1551
1327 1326 1336
1393 1338 1392
1315 1339 1305
1315 1330 1339
1305 1283 1315
1338 1330 1329
1329 1392 1338
1337 1392 1329
1330 1315 1329
1292 1273 1282
1252 1273 1292
1292 1274 1252
1314 1274 1292
1282 1291 1304
1335 1326 1304
1326 1282 1304
1675 1674 1682
1682 1683 1675
1653 1674 1675
1675 1676 1653
1675 1693 1676
1675 1683 1693
1745 1765 1754
1754 1746 1745
1745 1746 1720
1719 1683 1682
1719 1718 1765
1765 1745 1719
1719 1705 1718
1682 1705 1719
1682 1674 1661
1661 1705 1682
1661 1674 1619
1692 1705 1661
1661 1619 1635
1635 1692 1661
1604 1578 1588
1588 1578 1558
1588 1618 1604
1577 1618 1588
1588 1558 1577
1547 1559 1580
1568 1547 1580
1580 1597 1568
1590 1597 1580
1596 1559 1579
1596 1579 1589
1589 1607 1596
1596 1607 1590
1590 1580 1596
1596 1580 1559
1599 1597 1598
1560 1597 1599
1598 1620 1599
1599 1620 1609
1609 1538 1599
1538 1560 1599
1374 1391 1405
1405 1383 1374
1365 1391 1374
1336 1365 1374
1366 1327 1336
1337 1327 1366
1336 1374 1366
1366 1374 1383
1430 1405 1415
1430 1443 1405
1415 1462 1430
1430 1462 1442
1442 1471 1430
1471 1443 1430
1247 1209 1203
1203 1250 1247
1247 1250 1278
1161 1142 1112
1112 1141 1161
1161 1141 1172
1172 1180 1161
1171 1180 1172
1171 1170 1188
1171 1172 1170
1319 1307 1357
1319 1320 1307
1357 1349 1319
1341 1320 1319
1319 1331 1341
1349 1331 1319
1300 1320 1287
1300 1277 1294
1300 1294 1307
1307 1320 1300
1300 1287 1295
1295 1277 1300
1259 1308 1278
1259 1287 1301
1301 1308 1259
1259 1246 1295
1295 1287 1259
1259 1250 1246
1278 1250 1259
1091 1105 1092
1138 1104 1103
1119 1105 1138
1138 1091 1104
1105 1091 1138
1139 1119 1138
1138 1128 1139
1103 1128 1138
1103 1104 1090
1118 1128 1103
1102 1128 1118
1103 1090 1118
1118 1090 1089
1089 1072 1118
1147 1130 1109
1109 1129 1147
1122 1131 1110
1122 1130 1131
1110 1098 1122
1177 1157 1186
1186 1169 1177
1177 1169 1147
1147 1129 1177
1264 1254 1275
1264 1226 1254
1264 1275 1265
1191 1184 1192
1192 1183 1165
1151 1183 1192
1192 1184 1151
1192 1190 1191
1165 1190 1192
750 710 763
763 775 750
734 696 750
696 710 750
726 727 688
726 687 703
688 678 726
678 687 726
749 726 703
727 726 749
783 763 774
763 727 774
727 749 774
666 678 688
689 674 666
666 696 689
688 710 666
666 710 696
665 678 673
678 666 673
673 666 674
949 950 926
949 939 948
949 926 939
926 950 927
912 926 927
927 940 912
927 950 958
958 941 927
927 941 940
983 942 929
1022 942 983
983 1021 1022
929 982 983
983 982 997
997 1021 983
1035 1101 1084
1075 1101 1035
1045 1066 1033
1033 1022 1045
998 1022 1033
1033 993 998
1761 1729 1760
1760 1759 1761
1761 1759 1792
1761 1762 1729
1792 1759 1801
1801 1791 1811
1801 1768 1791
1801 1759 1768
1843 1792 1801
1811 1842 1801
1801 1842 1843
822 801 814
844 834 814
814 800 844
814 801 800
814 834 835
835 822 814
594 620 578
627 642 594
642 620 594
855 830 854
855 877 878
855 854 877
855 878 847
540 539 556
540 556 566
485 494 502
502 525 485
485 525 539
462 447 434
363 362 373
384 401 373
372 384 373
373 362 372
390 401 442
390 442 443
443 391 390
390 391 363
363 373 390
390 373 401
433 456 442
433 442 432
455 476 433
476 456 433
433 431 455
433 432 431
468 459 473
468 482 429
421 459 468
468 429 421
473 506 499
499 468 473
482 468 499
522 482 499
521 522 499
499 506 521
513 481 498
513 506 481
498 497 513
513 497 520
513 520 531
531 506 513
381 383 371
371 344 381
371 384 372
371 383 384
372 353 371
353 344 371
361 379 381
381 344 361
333 318 361
361 344 333
400 440 415
415 440 441
977 975 976
975 995 976
1237 1193 1228
1202 1193 1237
1218 1202 1237
1237 1245 1218
1155 1167 1153
1153 1167 1154
1153 1154 1137
1137 1152 1153
1136 1152 1137
1174 1193 1175
1175 1152 1174
1175 1202 1155
1175 1193 1202
1155 1153 1175
1175 1153 1152
1215 1226 1242
1226 1264 1242
1227 1193 1174
1228 1193 1227
1243 1227 1217
1217 1227 1174
1088 1087 1144
1144 1102 1088
1078 1087 1088
1088 1070 1078
1042 1028 1027
1027 1041 1042
1026 1041 1027
1011 1026 1027
1027 1028 1011
1078 1041 1077
1077 1087 1078
1026 1061 1077
1077 1041 1026
1077 1061 1117
1117 1087 1077
1156 1128 1102
1144 1185 1156
1156 1102 1144
1139 1128 1156
1156 1176 1139
1185 1176 1156
1151 1115 1150
1127 1183 1150
1150 1183 1151
1069 1115 1116
1116 1051 1069
1023 1050 1069
1069 1051 1023
1052 1137 1117
1117 1061 1052
1061 1024 1052
1937 1922 1945
1922 1915 1945
1945 1951 1937
1950 1951 1945
1944 1915 1907
1944 1943 1971
1865 1849 1874
1849 1854 1874
1883 1922 1916
1883 1908 1922
1916 1866 1883
1883 1874 1908
1883 1866 1865
1865 1874 1883
985 918 984
986 960 985
984 999 985
985 999 986
931 918 908
908 930 931
998 993 931
931 930 998
897 898 863
863 850 897
863 828 850
816 828 863
959 941 958
980 951 968
951 928 968
968 979 980
978 979 968
968 928 941
968 959 978
941 959 968
969 951 981
969 915 951
969 981 996
996 982 969
969 982 916
916 915 969
437 445 465
437 417 445
437 395 417
465 426 437
426 395 437
450 417 425
596 558 557
557 572 596
356 387 404
404 348 356
403 416 386
385 403 386
386 387 385
386 404 387
386 416 436
436 404 386
374 375 355
355 365 374
374 365 392
374 392 424
434 410 457
457 462 434
443 456 457
457 410 443
851 837 807
807 818 851
807 837 808
808 767 807
807 767 796
739 722 738
738 767 739
738 736 796
796 767 738
651 609 644
651 635 609
644 697 651
651 697 662
662 645 651
645 635 651
616 558 596
596 635 616
616 584 558
617 584 616
616 635 617
846 809 837
837 864 846
838 809 846
846 866 838
846 864 865
865 866 846
918 985 932
932 985 960
909 890 932
932 960 909
908 918 885
885 889 908
918 932 885
885 932 890
851 818 873
859 873 818
764 806 785
785 765 764
754 765 785
804 794 816
804 806 794
816 863 804
804 863 898
752 765 751
765 753 751
751 775 752
751 750 775
751 753 734
734 750 751
249 263 264
264 263 273
264 266 249
264 265 266
274 283 284
274 257 240
284 257 274
266 283 274
334 265 293
320 334 293
293 264 273
265 264 293
293 292 320
293 273 292
294 299 328
337 321 328
328 321 294
328 347 337
252 253 245
245 208 252
245 253 228
228 217 245
217 208 245
199 232 241
241 224 199
205 232 199
199 224 206
199 179 205
206 179 199
68 125 89
89 125 90
89 90 69
89 56 68
69 70 89
70 56 89
88 114 111
88 111 68
98 82 88
82 114 88
68 67 88
88 55 98
67 55 88
465 445 478
478 517 465
478 445 488
488 528 478
478 512 517
528 512 478
527 548 559
559 512 527
527 512 528
213 173 206
189 173 213
206 224 213
225 189 213
213 224 225
168 163 180
168 216 181
168 180 216
181 149 168
117 126 142
126 163 142
142 118 117
149 118 142
142 168 149
163 168 142
1233 1241 1222
1222 1211 1233
1248 1212 1222
1222 1241 1248
1645 1681 1690
1645 1626 1681
1646 1626 1645
1658 1646 1645
1691 1658 1645
1645 1690 1691
1500 1509 1501
1509 1516 1501
1501 1483 1500
1492 1483 1501
1501 1484 1492
1501 1516 1484
1476 1467 1485
1467 1484 1485
1484 1516 1485
1548 1508 1507
1507 1540 1548
1490 1540 1507
1507 1481 1490
1326 1327 1313
1313 1282 1326
1314 1292 1313
1313 1292 1282
1416 1398 1397
1397 1431 1416
1397 1398 1393
1393 1392 1397
1328 1329 1315
1328 1283 1314
1328 1315 1283
1314 1313 1328
1328 1313 1327
1328 1327 1337
1337 1329 1328
1706 1745 1720
1720 1707 1706
1683 1719 1706
1706 1719 1745
1707 1693 1706
1693 1683 1706
1384 1366 1383
1384 1383 1396
1384 1392 1337
1337 1366 1384
1396 1431 1384
1431 1397 1384
1384 1397 1392
1288 1247 1278
1278 1308 1288
1288 1296 1279
1308 1296 1288
1231 1209 1260
1209 1247 1260
1247 1288 1260
1260 1268 1231
1279 1268 1260
1260 1288 1279
1079 1118 1072
1071 1070 1079
1079 1072 1071
1070 1088 1079
1102 1118 1079
1079 1088 1102
1096 1109 1130
1130 1122 1096
1158 1177 1129
1158 1120 1146
1146 1157 1158
1157 1177 1158
1108 1093 1121
1121 1109 1108
1129 1109 1121
1265 1256 1255
1255 1264 1265
1255 1242 1264
1243 1242 1255
762 747 761
761 782 762
762 749 703
685 747 762
762 703 685
783 774 802
802 793 783
802 801 822
822 793 802
748 774 749
748 762 782
749 762 748
748 802 774
782 801 748
801 802 748
629 665 630
665 673 630
630 612 629
581 612 630
1047 1035 1084
1058 1036 1047
1047 1084 1058
1047 1036 1007
1007 1034 1047
1034 1035 1047
1046 1066 1075
1075 1035 1046
1046 1035 1034
1046 1033 1066
1046 1034 993
993 1033 1046
1180 1171 1199
1199 1211 1180
1233 1211 1199
1200 1212 1213
1200 1222 1212
1211 1222 1200
1812 1761 1792
1812 1776 1769
1812 1792 1776
1769 1762 1812
1762 1761 1812
602 578 577
602 594 578
577 553 602
602 553 601
601 627 602
627 594 602
830 855 820
824 821 820
821 830 820
820 855 847
847 831 820
820 831 824
403 375 393
393 374 424
375 374 393
434 447 435
447 448 435
424 434 435
435 393 424
352 361 318
379 361 352
352 318 343
380 415 441
379 415 380
380 422 382
441 422 380
382 381 380
381 379 380
1228 1267 1276
1276 1237 1228
1276 1267 1284
1245 1237 1276
1284 1286 1276
1286 1245 1276
1060 1051 1116
1116 1136 1060
1060 1136 1137
1137 1052 1060
1143 1136 1116
1116 1115 1143
1143 1151 1173
1143 1115 1151
1215 1242 1216
1216 1242 1243
1216 1184 1215
1243 1217 1216
1173 1184 1216
1216 1217 1173
1244 1256 1267
1244 1267 1228
1228 1227 1244
1244 1227 1243
1243 1255 1244
1244 1255 1256
1086 1150 1115
1115 1069 1086
1127 1150 1086
1086 1050 1039
1086 1069 1050
1039 1068 1086
1068 1127 1086
1040 1052 1024
1040 1024 994
1051 1060 1040
1040 1060 1052
994 1009 1040
1040 1009 1023
1023 1051 1040
1943 1944 1921
1949 1943 1921
1921 1929 1949
1921 1944 1907
1907 1873 1921
1873 1929 1921
1978 1945 1915
1915 1944 1978
1950 1945 1978
1978 1944 1971
1977 1950 1978
1978 1971 1977
1908 1874 1864
1864 1873 1907
1907 1908 1864
1863 1873 1864
1864 1854 1863
1864 1874 1854
984 918 970
918 931 970
970 931 993
993 1034 970
1007 984 970
970 1034 1007
406 395 426
417 395 405
405 425 417
436 411 449
449 425 436
450 425 449
449 464 450
449 411 464
572 557 541
516 540 541
566 572 541
541 540 566
394 405 357
425 405 394
357 348 394
348 404 394
436 425 394
394 404 436
462 457 470
476 475 470
470 456 476
470 457 456
475 494 470
494 462 470
737 722 721
737 738 722
737 721 711
711 729 737
737 729 736
736 738 737
874 885 890
890 875 874
875 866 874
874 866 865
865 889 874
889 885 874
884 873 899
884 899 900
884 864 851
851 873 884
900 889 884
865 864 884
884 889 865
872 859 805
806 804 805
805 898 872
805 804 898
899 873 883
873 859 883
907 899 883
883 859 872
872 906 883
883 906 907
817 807 796
818 807 817
796 754 817
754 785 817
795 859 818
818 817 795
795 817 785
795 785 806
806 805 795
795 805 859
238 231 266
266 274 238
238 274 240
240 232 238
232 239 238
239 231 238
327 328 299
284 310 327
327 299 284
347 328 327
327 336 347
310 336 327
526 541 557
1476 1485 1502
1503 1477 1502
1502 1477 1476
1502 1532 1503
1502 1516 1532
1502 1485 1516
1481 1507 1491
1491 1507 1508
1491 1482 1481
1491 1508 1530
1491 1530 1483
1483 1482 1491
1097 1096 1122
1081 1073 1097
1097 1098 1081
1097 1122 1098
1107 1121 1093
1120 1158 1107
1107 1158 1129
1129 1121 1107
1106 1120 1107
1107 1093 1106
581 630 621
621 632 613
613 608 621
621 608 581
1233 1199 1210
1232 1240 1210
1210 1240 1233
1211 1200 1189
1142 1161 1189
1189 1161 1180
1180 1211 1189
1213 1181 1206
1206 1200 1213
1206 1135 1142
1206 1181 1135
1142 1189 1206
1206 1189 1200
447 462 486
486 462 494
494 485 486
485 477 486
463 448 447
447 486 463
463 486 477
510 485 539
510 477 485
539 540 510
510 540 516
403 393 402
402 416 403
402 435 448
393 435 402
444 416 402
402 448 444
370 415 379
379 352 370
370 369 400
400 415 370
343 369 370
370 352 343
1136 1143 1166
1174 1152 1166
1152 1136 1166
1166 1217 1174
1173 1217 1166
1166 1143 1173
377 405 395
377 406 366
395 406 377
357 405 377
366 340 377
377 340 357
504 527 528
488 495 504
504 528 488
547 557 558
547 526 557
558 548 547
548 527 547
527 504 547
547 504 526
516 541 503
541 526 503
503 487 516
503 495 487
503 504 495
526 504 503
1108 1109 1094
1109 1096 1094
1096 1095 1094
1096 1097 1080
1080 1095 1096
1080 1097 1073
631 630 673
631 621 630
631 673 674
631 674 650
631 650 632
632 621 631
1198 1199 1171
1198 1210 1199
1198 1197 1179
1198 1179 1232
1232 1210 1198
1188 1197 1198
1198 1171 1188
444 448 471
448 463 471
471 458 444
487 458 471
511 463 477
511 471 463
511 510 516
477 510 511
516 487 511
487 471 511
*BOUNDARY
num-prescribed-disp: 0
node#-dof#-disp:
num-prescribed-load: 0
elem#-face#-trac:
