*PARAMETER
num-dim: 2
*MATPROP
b-plane-strain: 1
young's-modulus: 200.0
poisson's-ratio: 0.3
*NODE
num-node: 2188
nodal-coord:
-6.000000 0.000000
18.000000 0.000000
-6.000000 -3.000000
-6.000000 3.000000
6.000000 -3.000000
6.000000 3.000000
18.000000 -2.000000
18.000000 2.000000
-6.000000 -2.038660
-6.000000 -0.962310
-5.243805 2.329296
-5.038227 -0.512734
-5.280339 -1.402105
-4.474000 -1.355976
-5.191004 -3.000000
-4.995386 -2.204698
-6.000000 0.988434
-6.000000 1.975444
-5.163552 0.461910
-5.174250 1.446476
-4.429784 2.101459
-4.039467 -0.644714
-4.485476 1.101630
-4.938702 3.000000
-4.101278 3.000000
-4.363047 0.113157
-4.389462 -3.000000
-3.636270 2.295768
-3.283761 3.000000
-3.817459 0.678700
-4.137099 -2.206449
-3.642024 -3.000000
-3.427448 0.013013
-2.522725 3.000000
-3.143166 0.872786
-3.792493 1.507038
-2.872589 2.368303
-3.086153 1.644637
-2.600837 0.412308
-2.460224 1.165625
-2.130746 2.389733
-2.931462 -3.000000
-1.837869 3.000000
-3.250363 -0.869344
-2.809027 -0.327098
-3.687043 -1.501967
-2.628816 -2.317756
-3.345293 -2.265598
-2.401841 1.818396
-2.917347 -1.593761
-2.179054 -0.267734
-2.435013 -1.006730
-1.911192 0.932072
-2.266131 -3.000000
-1.804643 1.669474
-1.968635 -2.374004
-1.899687 0.287454
-1.643196 -3.000000
-1.352289 -2.426236
-2.222507 -1.707513
-1.328200 1.218471
-1.713402 -1.248573
-1.772283 -0.667685
-1.182997 1.840908
-1.325384 0.555525
-1.237273 3.000000
-1.383375 -0.148915
-1.061561 -3.000000
-1.561503 -1.834906
-1.167912 -0.797796
-0.837449 0.187694
-1.536144 2.356611
-0.514275 -3.000000
-0.958628 2.461219
-0.396904 0.504522
-0.810657 0.858810
-0.729500 1.411965
-1.049862 -1.371265
-0.753808 -0.387291
-0.972399 -1.900841
-0.224858 1.032586
-0.797298 -2.482851
-0.579403 -0.995748
-0.227450 -0.594010
-0.651420 3.000000
-0.388043 2.540256
-0.620377 1.999881
-0.007346 -3.000000
-0.268898 -2.515598
-0.488471 -2.003211
-0.083646 3.000000
-0.232457 -0.045325
-0.227194 1.606968
-0.083060 2.145938
0.457404 -3.000000
-0.031440 -2.024143
0.079361 0.488990
0.176543 2.590081
0.412045 -2.102315
-0.412479 -1.498820
0.203187 -2.533101
0.022962 -1.059413
0.238848 -0.477392
0.206504 1.345192
0.306794 0.002457
0.123257 -1.589188
0.347654 0.915655
0.481600 2.249710
0.455528 3.000000
0.582780 0.493495
0.262132 1.847441
0.493799 -1.286239
0.897974 -3.000000
0.646557 -2.578517
0.622623 1.604775
0.849045 -2.201910
0.962532 3.000000
1.077470 -2.626711
0.893975 0.860789
1.085759 1.595839
0.812844 1.964994
0.742809 1.227141
0.714753 2.633162
1.320162 -3.000000
0.537888 -0.812370
0.779017 -0.365710
0.772330 0.074554
1.223234 1.233429
0.629709 -1.735908
1.277506 1.957151
1.083770 -1.876475
0.980730 -1.456156
1.007810 2.314464
1.354020 0.850501
1.208550 2.670698
1.435133 3.000000
1.374841 -1.566530
1.197598 0.032421
1.077403 -0.715734
1.075953 0.468570
1.650703 2.676046
1.669562 2.017021
1.448390 2.339174
1.711335 -3.000000
1.496951 -2.642779
0.915688 -1.072285
1.529687 1.596174
1.275185 -2.289821
1.860053 2.358373
1.352835 -1.128199
1.758128 0.807581
1.492376 -1.987683
1.494567 0.444448
1.640858 1.202120
1.300950 -0.347707
1.949290 1.449952
1.742478 -0.325892
1.623041 0.050267
1.699591 -2.315544
1.871561 -2.685487
1.524971 -0.719780
1.707786 -1.389848
1.945726 -0.644256
1.860555 3.000000
1.770705 -1.024779
2.086433 -3.000000
1.951027 -2.055772
2.287677 -2.227205
2.030508 0.039778
2.044087 2.693450
2.247144 -2.729851
2.061666 -2.422656
1.739819 -1.771780
2.043276 -1.645600
1.894712 0.419542
2.439678 -2.512828
2.386695 -1.551670
2.069344 -1.307905
2.138025 -0.938664
2.144005 0.732389
2.231718 2.400329
2.351841 -0.609513
1.897981 1.764808
2.262809 -1.882721
2.604200 -1.796502
2.278880 0.362613
2.035722 1.095668
2.303556 1.376925
2.080815 2.069026
2.402540 2.703582
2.251966 3.000000
2.451674 -3.000000
2.619479 -2.764513
2.381567 -1.199210
2.165923 -0.304794
2.815145 -2.089363
2.495302 0.670644
2.259482 1.740615
2.652093 -2.341632
2.531354 -2.071305
2.638193 -1.337611
2.415975 2.110691
2.571804 2.398184
2.745127 -1.049875
2.580957 1.573029
2.704243 2.709814
2.612496 3.000000
2.494959 -0.893504
2.393377 1.022659
2.965964 -2.343953
2.772627 -1.569322
2.948252 -1.286825
2.820345 0.626668
2.644815 1.258268
2.802717 -3.000000
2.809659 -2.575174
2.435723 0.002799
2.571967 1.878418
3.052168 -1.610767
2.742952 -0.676753
2.889769 1.475070
2.847758 1.788173
2.965262 2.725085
3.098161 -2.100654
2.973937 -2.793535
3.133672 -3.000000
2.916600 -1.850492
2.565254 -0.331635
2.779301 2.124428
3.123202 -2.578252
2.989971 -0.916141
2.637636 0.316380
3.062615 1.963481
3.203335 -1.424769
2.818054 -0.022570
3.071881 2.242631
2.863432 2.432167
3.190626 -1.143196
2.878801 -0.378292
3.130659 -0.233118
2.946335 3.000000
3.206392 -1.856066
3.127038 0.613967
3.287337 -2.791965
3.091440 -0.612259
3.169219 0.085489
2.967152 0.317329
2.733507 0.942112
3.140034 2.531939
3.244142 -2.345642
3.353863 -2.102913
3.358535 -1.640520
3.298273 0.407710
2.966565 1.172849
3.205562 2.840190
3.286506 -0.889966
3.059211 0.885114
3.470318 -1.884932
3.484829 -1.090235
3.356828 -0.420602
3.444407 -0.118778
3.277194 1.059497
3.421579 -1.328050
3.313151 2.090297
3.330962 2.354092
3.397308 -2.571629
3.565205 -1.500495
3.397725 -0.673416
3.381979 0.755883
3.183241 1.358616
3.117180 1.657938
3.376580 2.626863
3.427557 -3.000000
3.602435 -2.108378
3.636532 -0.341904
3.324283 1.827076
3.623179 -2.518490
3.489746 -2.324785
3.631051 -1.706757
3.377795 1.549306
3.606726 -0.864718
3.653395 -0.605522
3.560631 0.501922
3.553848 0.981478
3.452640 1.265776
3.377313 3.000000
3.563517 -2.779300
3.691019 -1.276936
3.551630 1.961018
3.640235 2.671536
3.668653 3.000000
3.683071 -3.000000
3.767909 -2.656628
3.732146 -2.305148
3.723873 -1.914981
3.761395 -1.060207
3.875818 -0.803111
3.477169 0.178100
3.729329 0.244706
3.689376 0.731409
3.543247 2.208450
3.564073 2.454981
3.509894 2.831666
3.891277 -0.537654
3.702051 1.189017
3.572100 1.722411
3.752523 2.087295
3.800868 -1.489538
3.972387 -1.041995
3.747902 -0.038378
3.620240 1.461044
3.844011 -2.110647
3.942608 -1.278053
3.888162 -0.275500
3.858112 -1.706047
4.069113 -0.084508
3.834252 0.941916
3.793616 1.649410
3.794353 1.867211
3.987536 -2.638334
3.868323 -2.466210
4.085566 -2.447145
3.969731 -2.280683
3.944432 -1.911168
4.107201 -0.648827
3.989643 0.167364
3.848652 0.457155
3.934886 2.200453
3.755092 2.324779
3.806761 2.541606
3.931323 -3.000000
3.827565 -2.829705
4.065513 -2.089595
4.151069 -1.909880
4.128927 -0.885953
4.061573 0.816500
3.942328 1.178850
3.839631 1.397596
4.067671 1.382048
3.975936 2.393057
3.820529 2.791639
3.905904 3.000000
4.050991 -2.811472
4.175451 -2.239846
4.065654 -1.718465
4.218285 -1.566482
4.012998 -1.507920
4.118924 -0.379731
3.947555 0.651682
4.088325 1.012747
4.169295 1.589776
3.979961 1.583225
3.978562 2.005897
3.994939 2.609468
4.191299 -2.618274
4.021981 1.789969
4.165731 1.969280
4.168236 -1.353813
4.160146 -1.141627
4.275740 0.117637
4.108648 0.380260
4.188250 1.210266
4.239313 1.762262
4.124903 2.201481
4.140709 -3.000000
4.367706 -1.428197
4.329010 -0.993493
4.035940 2.809564
4.233442 -2.821627
4.262678 -2.402666
4.263582 -1.766730
4.357066 -1.223094
4.322587 -0.748405
4.317706 -0.492644
4.209073 0.591509
4.301385 1.019942
4.348586 1.899717
4.151697 2.426163
4.181241 2.632766
4.331920 -3.000000
4.361767 -2.699529
4.508813 -0.614560
4.280794 0.806548
4.281132 1.406196
4.120813 3.000000
4.372434 -2.528069
4.298830 -0.197680
4.501724 -0.076726
4.486931 1.066718
4.397982 1.233726
4.293643 2.111068
4.323016 2.490514
4.415775 -2.869746
4.349169 -2.200428
4.276718 -2.034696
4.361758 0.377458
4.452819 0.620820
4.479246 0.855967
4.304156 2.295966
4.361916 2.674511
4.231830 2.823535
4.316402 3.000000
4.434772 -2.345903
4.402924 -1.856746
4.689190 -1.185110
4.517554 -1.091021
4.366133 1.578380
4.438163 2.031930
4.415923 2.842833
4.530990 -2.783219
4.540595 -2.469139
4.608413 -2.319278
4.523928 -2.182859
4.402934 -1.637507
4.542769 -1.306490
4.486841 1.399503
4.452397 1.731654
4.477289 2.196957
4.498134 3.000000
4.519489 -2.632078
4.539701 -1.497659
4.689684 -0.489152
4.503393 -0.349324
4.533349 0.176861
4.457345 -2.026756
4.552043 -1.708706
4.672936 -1.578709
4.506221 -0.861943
4.679551 -0.736454
4.597061 0.408341
4.552724 1.573149
4.581485 2.025855
4.538393 2.708478
4.586874 2.852154
4.639033 -2.872214
4.707335 -2.448881
4.628468 -2.036758
4.574785 -1.871186
4.720669 -1.904650
4.716895 -1.393047
4.842370 -0.844909
4.854574 -0.621163
4.711988 -0.238820
4.537741 1.864801
4.488207 2.547187
4.527950 -3.000000
4.681782 -2.720414
4.661953 -2.579452
4.691657 -2.171567
4.727316 -1.739069
4.849022 -1.253530
4.678530 -0.966426
4.889215 -0.390313
4.741326 0.007171
4.649777 1.008077
4.663402 1.408544
4.658496 1.713983
4.803170 -2.594847
4.762685 -2.311928
4.849859 -1.859269
4.816399 -1.563299
4.674981 0.603528
4.464686 2.371185
4.616772 2.446451
4.663435 3.000000
4.700947 -3.000000
4.786125 -2.871563
4.776802 0.246761
4.653780 0.787554
4.611811 1.220427
4.724274 1.555029
4.693793 1.868817
4.724132 2.012289
4.654907 2.157843
4.650980 2.601220
4.822828 3.000000
4.940462 -2.551982
4.833777 -2.176795
4.802191 -2.032685
4.990251 -1.819340
4.896997 -1.420778
4.837380 -1.057155
4.623096 2.297759
4.760100 2.494951
4.716965 2.735449
4.734197 2.877155
4.853892 -3.000000
4.845393 -2.452006
4.896929 -2.320492
4.953500 -2.083843
4.888802 -1.706194
4.974945 -1.574025
4.992595 -1.132261
5.046571 -0.534108
4.825159 1.780174
4.820766 2.099894
4.768251 2.368634
4.811870 2.608999
4.942705 -1.963483
4.993582 -0.943314
5.098960 -0.316924
4.941080 -0.156820
4.833531 0.473512
4.777640 1.292027
4.840781 1.632532
4.843836 1.934126
4.784854 2.234949
4.874082 2.721172
4.923468 -2.854464
4.815162 -2.744393
4.922662 -2.689512
5.039679 -2.298246
4.961791 -2.208728
5.141892 -1.033731
5.150992 -0.844177
5.013289 -0.736633
4.858151 1.446833
4.904828 2.325028
4.899121 2.469308
4.948791 2.596737
4.853596 2.842819
4.941126 2.952604
4.982173 -3.000000
5.047280 -2.890364
4.982970 -2.419848
5.088804 -2.040565
5.070239 -1.925503
5.053692 -1.703911
4.971158 0.082152
5.022095 0.550566
4.864103 0.704629
4.803356 0.913018
4.799219 1.114321
4.971557 1.720650
4.944809 2.031440
4.928332 2.182544
5.006533 2.711142
4.987190 2.824037
5.039644 3.000000
5.111355 -3.000000
5.021698 -2.758254
5.069281 -2.504139
5.113227 -2.382716
5.078001 -2.161140
5.141499 -1.823977
5.062869 -1.453021
5.015589 -1.296519
5.240040 -0.485127
5.058304 0.739629
4.954723 0.898254
4.970740 1.079069
4.980656 1.564576
5.078975 1.817354
4.961370 1.872421
5.061721 1.973557
5.047685 2.116007
5.027626 2.259888
5.016495 2.396497
5.088336 2.642245
5.121249 2.777057
5.084195 2.891825
5.162398 3.000000
5.128669 -2.801050
5.044090 -2.629374
5.299917 -0.275424
4.991432 0.321366
5.109877 0.928573
5.124985 2.331733
5.039595 2.520103
5.162752 2.564709
5.160294 -2.578374
5.220284 -2.344546
5.153796 -2.248893
5.196642 -2.114958
5.197494 -1.954375
5.130300 -1.589544
5.156372 -1.187343
5.076636 1.237135
4.926069 1.259180
5.010458 1.396882
5.111183 1.503826
5.163978 1.918773
5.223051 2.281214
5.137451 2.449709
5.198187 2.688593
5.201037 2.892597
5.145087 -2.694561
5.259503 -2.225993
5.277926 -2.023585
5.200925 -1.715232
5.221017 -1.483419
5.164934 -1.342445
5.137675 1.092648
5.169787 1.362393
5.106618 1.667639
5.164750 2.064441
5.241773 2.161880
5.136076 2.198820
5.235188 2.390771
5.278353 3.000000
5.228658 -3.000000
5.177871 -2.895919
5.237164 -2.780860
5.271726 -2.548663
5.189562 -2.466643
5.274202 -1.600961
5.163552 0.175537
5.210076 1.573542
5.352653 2.537991
5.250097 2.497565
5.266874 2.606357
5.311261 2.709977
5.240993 2.797375
5.312359 2.903479
5.283716 -2.893760
5.317749 -2.711075
5.248133 -2.652718
5.289909 -2.433387
5.269132 -1.846258
5.324153 -1.730236
5.313603 -1.097983
5.172015 -0.085398
5.177026 0.411284
5.220754 0.606545
5.290715 1.087102
5.197630 1.784535
5.281995 1.881923
5.329906 2.344727
5.339847 2.442008
5.346544 2.800094
5.392804 3.000000
5.332477 -3.000000
5.343630 -2.809079
5.406803 -2.720182
5.363524 -2.617565
5.362268 -2.512886
5.384423 -2.405849
5.316181 -2.133147
5.390584 -1.618050
5.306170 -1.386656
5.293727 -1.250719
5.338175 0.298549
5.263089 0.950664
5.237523 1.232634
5.259048 1.678349
5.330473 1.771919
5.254784 1.991771
5.409497 2.085063
5.303311 2.080068
5.363384 2.174726
5.316745 2.248885
5.366882 2.629526
5.439019 2.789146
5.406615 2.883651
5.465273 -2.649129
5.371856 -2.229135
5.385832 -2.049373
5.354205 -1.932876
5.396777 -1.823912
5.448575 -1.710501
5.276607 -0.948061
5.508794 0.193019
5.232018 0.777014
5.379674 0.848239
5.341206 1.330736
5.266636 1.448996
5.340709 1.561172
5.391493 1.867369
5.370049 1.978673
5.414578 2.283946
5.430270 -3.000000
5.519041 -3.000000
5.387783 -2.906085
5.438826 -2.817804
5.447487 -2.475378
5.322604 -2.321834
5.429562 -2.144646
5.457734 -1.983180
5.480158 -1.898164
5.381461 -1.495983
5.426691 -1.355296
5.425470 -1.218325
5.424040 -0.943285
5.334122 -0.786366
5.208957 -0.664308
5.344346 0.066545
5.429430 1.007297
5.384614 1.175131
5.407557 1.453088
5.392051 1.661646
5.493460 1.834234
5.447401 1.752536
5.455597 2.185214
5.423867 2.389277
5.435215 2.487750
5.421870 2.698661
5.514194 2.735313
5.484457 -2.910874
5.494965 -2.738305
5.451991 -2.561593
5.427964 -2.318288
5.475935 -2.236523
5.563899 -1.983619
5.606775 -1.601896
5.499042 -1.578353
5.515305 -1.457063
5.416460 -0.625771
5.412046 -0.445258
5.429791 -0.128135
5.373733 0.495484
5.409985 0.682965
5.517644 0.851240
5.496740 1.370317
5.521957 1.666280
5.475787 1.932505
5.477150 2.022229
5.511782 2.116731
5.501915 2.257310
5.521166 2.525884
5.449562 2.585836
5.504797 2.651256
5.515147 2.836674
5.472684 2.923460
5.572748 -2.744227
5.559317 -2.663729
5.536771 -2.586925
5.531076 -2.490147
5.485927 -2.398860
5.531159 -2.161466
5.498558 -2.069344
5.514812 -1.799607
5.549045 -1.323855
5.556926 -1.198753
5.475438 -1.078342
5.580379 -0.954266
5.502495 -0.795390
5.584417 -0.497519
5.467911 1.264706
5.546239 1.475183
5.472565 1.565459
5.569497 1.762122
5.575172 1.873053
5.571339 2.047530
5.573671 2.292473
5.499849 2.347871
5.512414 2.437038
5.606547 2.525172
5.562745 2.598216
5.583480 2.770343
5.504260 3.000000
5.597245 -3.000000
5.576770 -2.913772
5.526374 -2.829646
5.648698 -2.754104
5.633482 -2.612168
5.595005 -2.542879
5.571130 -2.406295
5.526003 -2.321404
5.571412 -2.248605
5.530418 -0.302588
5.584627 0.014357
5.536804 0.371075
5.581043 0.997738
5.521290 1.128591
5.595646 1.254852
5.626242 1.371998
5.601395 1.576884
5.570873 1.965126
5.658296 2.027016
5.612849 2.117425
5.563772 2.192193
5.667148 2.391647
5.586067 2.373812
5.592027 2.451218
5.640385 2.602253
5.682636 2.660160
5.594221 2.679951
5.606004 2.855577
5.561820 2.922490
5.666992 -3.000000
5.670554 -2.932801
5.650560 -2.868698
5.602503 -2.821220
5.693315 -2.804766
5.642395 -2.685295
5.710432 -2.659222
5.668128 -2.536834
5.621474 -2.469550
5.659471 -2.402305
5.613531 -2.332432
5.655793 -2.264098
5.620833 -2.177991
5.677603 -2.116957
5.589928 -2.086005
5.621680 -1.779001
5.555235 -1.692997
5.630598 -1.501949
5.705795 0.205706
5.551415 0.553540
5.594569 0.712736
5.668325 0.867043
5.721675 1.267542
5.664882 1.488946
5.637767 1.664981
5.656262 1.841360
5.656251 1.936181
5.697528 2.103690
5.632396 2.241753
5.654195 2.316941
5.666926 2.460432
5.682893 2.534522
5.720479 2.594634
5.659202 2.728686
5.651843 2.926373
5.692477 3.000000
5.602851 3.000000
5.755108 -2.930269
5.728634 -2.869645
5.764044 -2.803926
5.720492 -2.731688
5.780062 -2.687863
5.715411 -2.593246
5.738257 -2.526206
5.704155 -2.467165
5.698652 -2.340379
5.702972 -2.200544
5.743478 -2.067244
5.655367 -2.030086
5.657945 -1.941093
5.585263 -1.880776
5.672339 -1.685603
5.716937 -1.581424
5.674073 -1.250625
5.634096 -1.093919
5.610232 -0.665992
5.674306 -0.170710
5.702959 0.415321
5.721085 1.010946
5.658128 1.137142
5.836540 1.339212
5.738984 1.391879
5.767434 1.505506
5.726993 1.595447
5.742539 1.693369
5.664845 1.753554
5.737644 1.884079
5.733397 1.969075
5.663939 2.179803
5.724982 2.333846
5.731163 2.475015
5.760695 2.535011
5.656949 2.803464
5.701046 2.863174
5.734012 2.939747
5.732679 -3.000000
5.825065 -2.929626
5.802117 -2.862885
5.790517 -2.750805
5.780471 -2.624419
5.844063 -2.532114
5.741040 -2.411348
5.774466 -2.349241
5.734444 -2.277327
5.804395 -2.281772
5.730895 -1.764603
5.755621 -1.474351
5.642596 -1.394453
5.664868 -0.826884
5.847964 1.447719
5.748475 2.045007
5.782619 2.114016
5.739672 2.175870
5.713081 2.254732
5.742123 2.410158
5.794875 2.473247
5.737313 2.711573
5.723146 2.781978
5.775594 2.827340
5.773605 2.889573
5.795887 -3.000000
5.839557 -2.800243
5.844492 -2.726275
5.789229 -2.560123
5.785708 -2.483005
5.806735 -2.423309
5.840682 -2.377362
5.780770 -2.215791
5.758281 -2.144488
5.735371 -1.990916
5.819477 -2.028381
5.751616 -1.907535
5.687208 -1.849476
5.777138 -1.671651
5.742998 -1.356250
5.733856 -0.982425
5.762797 0.745106
5.785305 1.140742
5.843686 1.233740
5.941893 1.382285
5.826514 1.651862
5.823441 1.749215
5.746501 1.794529
5.814406 1.923247
5.813323 1.992790
5.833447 2.055331
5.862010 2.116286
5.823024 2.174758
5.786217 2.228829
5.785570 2.289920
5.789972 2.357418
5.816479 2.419492
5.832164 2.526654
5.795563 2.586868
5.860866 2.576435
5.762428 2.647539
5.810604 2.694904
5.791397 2.759102
5.838598 2.876422
5.780114 3.000000
5.853838 -3.000000
5.888571 -2.933011
5.867948 -2.869290
5.900457 -2.818267
5.898203 -2.693665
5.841571 -2.661821
5.898539 -2.634058
5.844148 -2.598747
5.903945 -2.516866
5.854380 -2.472388
5.880610 -2.416757
5.905667 -2.353135
5.844365 -2.323774
5.888642 -2.290106
5.854329 -2.236691
5.835309 -2.168083
5.820881 -2.099399
5.892980 -2.118376
5.814780 -1.959650
5.851431 -1.897010
5.793491 -1.834035
5.830450 -1.753587
5.819747 -1.575864
5.847296 -1.384592
5.809748 -1.257740
5.788275 -0.704262
5.727911 -0.356943
5.798409 -0.001303
5.857605 0.322542
5.885497 0.485342
5.892943 0.641832
5.728077 0.586164
5.813610 0.896273
5.950673 1.276155
5.849696 1.562705
5.901378 1.730937
5.820159 1.841268
5.887079 1.900426
5.887519 1.981995
5.904022 2.048678
5.889709 2.183751
5.855366 2.244146
5.848142 2.307343
5.905940 2.352054
5.851820 2.366795
5.884631 2.415651
5.861665 2.471495
5.834550 2.635820
5.877900 2.681911
5.854082 2.743894
5.898389 2.790421
5.840655 2.809930
5.819697 2.943641
5.862092 3.000000
5.907160 -3.000000
5.947376 -2.937496
5.934522 -2.880154
5.949233 -2.773708
5.894943 -2.757000
5.950970 -2.663667
5.950649 -2.608498
5.898656 -2.574078
5.918015 -2.461710
5.937334 -2.402924
5.967348 -2.349389
5.948723 -2.300806
5.926971 -2.243486
5.900985 -2.188114
5.889365 -2.054710
5.947695 -2.028937
5.893084 -1.975803
5.932141 -1.906764
5.891726 -1.827671
5.920844 -1.751041
5.878185 -1.668343
5.921566 -1.586252
5.876047 -1.489143
5.955486 -1.405473
5.756392 -1.140625
5.810375 -0.850516
6.001047 -0.036534
5.921434 0.163006
6.036169 0.355340
5.919575 0.788854
5.949879 0.933497
5.856403 1.037840
5.933626 1.153914
5.921019 1.648487
5.895487 1.817007
5.949793 1.944476
5.962978 2.069646
5.924661 2.122611
5.924824 2.237123
5.908593 2.293516
5.959094 2.339455
5.922015 2.459537
5.900417 2.518437
5.914526 2.573519
5.898011 2.628302
5.942529 2.665886
5.910105 2.726685
5.951261 2.769970
5.894209 2.855789
5.944747 2.885732
5.888160 2.928833
5.955251 -3.000000
6.000000 -2.946099
6.000000 -2.893984
6.000000 -2.844951
5.953915 -2.829176
5.949198 -2.719390
6.000000 -2.689089
6.000183 -2.585183
5.952893 -2.554296
5.960541 -2.500973
5.972603 -2.446967
5.991849 -2.394247
6.009802 -2.302517
5.989718 -2.254352
5.970392 -2.200355
5.949138 -2.145340
5.967106 -2.088705
5.976523 -1.972882
5.996001 -1.761897
5.979120 -1.674767
5.925129 -1.290967
5.853646 -1.056409
5.897572 -0.940925
6.047824 0.692180
5.987931 1.055354
5.937135 1.487831
6.033994 1.528335
5.951513 1.575651
5.986100 1.709328
5.970719 1.792214
5.961485 1.872411
5.971221 2.004557
6.021223 2.063033
5.955325 2.180153
5.987890 2.231543
5.968515 2.285382
6.013192 2.329613
5.940566 2.399192
5.976078 2.438665
5.959970 2.494235
6.005879 2.516211
5.956348 2.546996
5.954593 2.609720
6.000000 2.649778
5.957645 2.714045
6.000000 2.745782
5.948554 2.826509
6.000000 2.848604
5.947326 2.944136
5.931397 3.000000
6.000000 -2.791823
6.000000 -2.740579
6.000000 -2.636817
6.003644 -2.533977
6.011552 -2.482832
6.023944 -2.432192
6.041276 -2.381304
6.024392 -2.344220
6.048778 -2.265449
6.029245 -2.209375
6.008845 -2.148973
6.036871 -2.097686
6.016682 -2.035194
6.010076 -1.918140
5.977508 -1.841196
6.055393 -1.810112
6.014457 -1.591920
5.900703 -1.168610
5.756228 -0.545216
5.893693 -0.427628
6.325755 0.439560
6.044234 0.543823
6.055140 0.851037
6.088853 1.112266
6.027429 1.627651
6.045149 1.777502
6.029714 1.855892
6.018224 1.934998
5.991215 2.126701
6.018132 2.178850
6.024905 2.280139
6.076867 2.281032
6.045310 2.371265
5.993489 2.382815
6.027603 2.420107
6.014354 2.469545
6.001148 2.562905
6.000000 2.605491
6.000000 2.693805
6.000000 2.796976
6.000000 2.898828
6.000000 2.949116
6.070038 -2.318682
6.098701 -2.270305
6.081876 -2.217750
6.064158 -2.160105
6.096882 -2.112440
6.079171 -2.048716
6.054895 -1.978339
6.107886 -1.935419
6.056952 -1.882481
6.065278 -1.721115
5.986862 -1.504588
6.017930 -0.919712
5.885051 -0.213742
6.178962 0.490589
6.212197 0.648322
6.165589 0.776194
6.092215 0.982936
6.047402 1.328513
6.032411 1.433524
6.123530 1.481012
6.104725 1.579905
6.066566 1.698262
6.102074 1.827840
6.084720 1.899268
6.082492 1.966103
6.040595 2.005430
6.082590 2.057905
6.048732 2.116408
6.069583 2.168343
6.045712 2.230375
6.108793 2.255448
6.066616 2.325225
6.131198 -2.225534
6.116382 -2.171859
6.151904 -2.130358
6.120732 -2.004742
6.172057 -1.971760
6.120695 -1.858388
6.122503 -1.779088
6.077203 -1.642931
6.059732 -1.434695
6.016605 -1.197003
5.994228 -1.060784
5.950020 -0.776434
5.927501 -0.606008
6.037531 -0.335610
6.116625 -0.192047
6.210417 -0.005637
6.104977 0.162406
6.195067 0.914918
6.046628 1.208414
6.180396 1.600127
6.134748 1.668022
6.122775 1.753993
6.175765 1.807565
6.139781 1.942200
6.122755 2.012209
6.139940 2.073820
6.103701 2.116606
6.123203 2.167239
6.089988 2.213793
6.166261 -2.185427
6.191917 -2.094515
6.137363 -2.070513
6.171335 -1.907601
6.151673 -1.697777
6.196558 -1.544784
6.092866 -1.539928
6.152495 -1.462425
6.130986 -1.352086
6.031210 -1.320745
6.123196 -1.243650
6.110953 -1.111205
6.071928 -0.499109
6.207909 1.051812
6.185722 1.166221
6.140040 1.266038
6.131378 1.386903
6.246613 1.789375
6.153488 1.875234
6.201383 1.917846
6.180919 1.982590
6.180879 2.040144
6.197602 2.092267
6.159366 2.127035
6.173650 2.177833
6.139917 2.214872
6.203130 -2.150006
6.242360 -2.118239
6.180555 -2.034512
6.229941 -1.942897
6.184561 -1.835228
6.192283 -1.767709
6.240462 -1.627168
6.155889 -1.616744
6.234789 -1.284971
6.206722 -1.168545
6.127905 -0.987198
6.306764 0.971919
6.263891 1.228971
6.227646 1.426510
6.284736 1.502771
6.195196 1.518338
6.193726 1.732506
6.224556 1.856603
6.230843 2.015651
6.240173 2.063620
6.209600 2.144382
6.283993 -2.089961
6.234700 -2.062811
6.281627 -2.035889
6.229692 -2.004183
6.289551 -1.920847
6.233642 -1.877343
6.292404 -1.861149
6.254495 -1.801301
6.232863 -1.713896
6.295820 -1.680126
6.291658 -1.554636
6.216976 -1.385926
6.228546 -0.900698
6.107384 -0.824646
6.077962 -0.670731
6.216127 -0.563339
6.226367 -0.367353
6.311277 -0.172837
6.426787 0.014231
6.317116 0.166331
6.288349 0.814350
6.313729 1.114587
6.214053 1.329270
6.260994 1.586258
6.224893 1.665660
6.275047 1.724365
6.293046 1.841226
6.268908 1.902846
6.239985 1.958241
6.281518 1.995871
6.288622 2.087122
6.247582 2.114406
6.328671 -2.064855
6.283265 -1.979330
6.339603 -1.953844
6.329858 -1.818099
6.306685 -1.752855
6.366474 -1.697590
6.339955 -1.620457
6.385886 -1.553710
6.254885 -1.472639
6.244355 -1.053236
6.222509 -0.733295
6.531344 0.194760
6.212359 0.312746
6.411269 1.023769
6.305764 1.331406
6.342340 1.578178
6.307483 1.653668
6.322115 1.778982
6.332760 1.891109
6.303885 1.949814
6.336028 2.004642
6.289751 2.040630
6.334910 2.061737
6.375798 -2.043463
6.331768 -2.011030
6.396308 -1.936299
6.350868 -1.891971
6.347042 -1.473225
6.308435 -1.381042
6.305901 -1.185888
6.356322 -0.653844
6.360355 -0.485855
6.416915 -0.302423
6.419811 0.316504
6.403573 0.880333
6.524855 1.059365
6.366587 1.229625
6.329908 1.418268
6.373378 1.499650
6.425451 1.578714
6.353232 1.713162
6.362386 1.830645
6.393838 1.883431
6.355287 1.944928
6.386115 1.991039
6.378052 2.042560
6.425555 -2.025919
6.384095 -1.991422
6.420154 -1.883213
6.386737 -1.839858
6.381353 -1.771097
6.430151 -1.722087
6.424207 -1.639541
6.439227 -1.471207
6.346798 -1.289994
6.420920 -1.203751
6.368065 -1.097250
6.464035 -1.044263
6.344974 -0.969316
6.340072 -0.816460
6.514066 -0.423711
6.525100 -0.134668
6.605019 0.369129
6.488564 0.484898
6.348171 0.585400
6.375638 0.723556
6.434375 1.144255
6.476699 1.256227
6.402495 1.330968
6.429233 1.418991
6.390742 1.646787
6.433921 1.702825
6.396263 1.765723
6.427768 1.818039
6.455048 1.920113
6.404521 1.935287
6.437952 1.975786
6.424910 2.026115
6.477520 -2.012634
6.438730 -1.975808
6.458755 -1.925405
6.478728 -1.866641
6.441200 -1.811528
6.479949 -1.763987
6.494552 -1.694624
6.506257 -1.630285
6.465000 -1.561860
6.404906 -1.386227
6.452159 -0.898453
6.629499 -0.272880
6.507267 0.638303
6.506139 1.353621
6.457225 1.503400
6.472371 1.760311
6.450904 1.867817
6.509067 1.923795
6.489977 1.968032
6.473229 2.013545
6.531592 -2.003912
6.496609 -1.965217
6.553440 -1.957620
6.517645 -1.913120
6.549180 -1.865102
6.513734 -1.818274
6.544701 -1.756651
6.507729 -1.387192
6.456191 -1.299637
6.510565 -1.162775
6.587968 -0.854621
6.472540 -0.752217
6.518536 0.932941
6.548773 1.176681
6.591414 1.265950
6.523137 1.454565
6.512012 1.560230
6.511179 1.701356
6.496561 1.814823
6.556964 1.837981
6.506751 1.872884
6.524428 2.004778
6.586208 -2.000159
6.612185 -1.957176
6.581241 -1.911445
6.616468 -1.862502
6.582526 -1.810425
6.569679 -1.694647
6.585866 -1.633740
6.553848 -1.565261
6.519639 -1.490427
6.584370 -1.444479
6.623596 -1.199443
6.507752 -0.592965
6.511329 0.788019
6.632039 1.112240
6.686427 1.303643
6.593869 1.364663
6.601418 1.453977
6.582606 1.539678
6.479563 1.636996
6.575243 1.701108
6.549401 1.769553
6.560358 1.901765
6.598973 1.943393
6.548330 1.959010
6.575556 2.000498
6.642554 -2.000000
6.670783 -1.958244
6.649695 -1.809821
6.615223 -1.748381
6.646618 -1.600544
6.618392 -1.525032
6.551488 -1.277937
6.677789 -0.599979
6.650283 -0.469246
6.729063 -0.085516
6.641334 0.066955
6.642910 0.703858
6.635371 0.853289
6.693831 1.195672
6.681161 1.404421
6.563504 1.627643
6.638834 1.668808
6.622528 1.747097
6.610329 1.811810
6.607777 1.878213
6.621104 2.000000
6.700647 -2.000000
6.703340 -1.912571
6.642904 -1.911173
6.680909 -1.749812
6.653082 -1.681009
6.706766 -1.544587
6.612160 -1.363615
6.594393 -1.082348
6.558113 -0.973297
6.644987 0.540654
6.778914 0.620706
6.635055 0.988465
6.736842 1.066876
6.665316 1.504701
6.645202 1.594873
6.691811 1.719042
6.675159 1.789412
6.663525 1.852440
6.654071 1.909538
6.645006 1.959414
6.674223 2.000000
6.730297 -1.961799
6.684807 -1.864474
6.716275 -1.815475
6.745660 -1.761617
6.721102 -1.626846
6.672351 -1.456082
6.672517 -1.294410
6.702382 -1.113039
6.614644 -0.722726
6.768069 -0.377294
6.779283 0.437919
6.763092 0.785930
6.752223 0.930973
6.747339 1.462729
6.721562 1.556746
6.716862 1.645962
6.769072 1.706822
6.740668 1.770633
6.723385 1.836875
6.714480 1.896256
6.696565 1.949549
6.724121 2.000000
6.762156 -2.000000
6.792266 -1.957608
6.756941 -1.914812
6.758267 -1.862114
6.731911 -1.694965
6.743974 -1.220410
6.724354 -0.834287
6.777750 -0.701826
6.837931 -0.215785
6.840666 0.130876
6.878133 0.874713
6.976433 0.972512
6.814029 1.147101
6.770732 1.361963
6.809105 1.518009
6.865056 1.580845
6.780725 1.599680
6.818246 1.655990
6.787886 1.815869
6.780268 1.867781
6.768583 1.915864
6.746506 1.956914
6.779437 2.000000
6.823541 -2.000000
6.852674 -1.952167
6.814029 -1.903517
6.833295 -1.849673
6.789752 -1.806894
6.803935 -1.731524
6.802111 -1.656847
6.789756 -1.579272
6.719932 -1.388035
6.785235 -1.322156
6.681665 -0.972351
6.832216 -0.534421
6.892726 0.719460
6.788309 1.256819
6.840330 1.427414
6.903709 1.648154
6.857204 1.713929
6.817968 1.765970
6.831661 1.898820
6.807894 1.954164
6.836359 2.000000
6.885065 -2.000000
6.878627 -1.898228
6.854697 -1.781716
6.869718 -1.703207
6.875706 -1.618826
6.829415 -1.148707
6.786080 -1.042244
6.932447 -0.370790
6.733386 0.260158
6.915733 0.535969
7.011827 0.825698
7.108762 0.937844
6.851745 1.016438
6.901922 1.497463
6.935486 1.718502
6.850986 1.837482
6.893242 1.893074
6.865635 1.949686
6.893652 2.000000
6.949074 -2.000000
6.915841 -1.950023
6.901324 -1.836017
6.939822 -1.686304
6.844410 -1.522472
6.761371 -1.484976
6.820082 -1.422927
6.860470 -1.252169
6.947436 -1.167081
6.816091 -0.929942
6.880818 -0.808826
6.922847 -0.666267
6.935754 -0.030064
6.927719 0.335294
7.131220 0.332188
6.935334 1.105848
6.901683 1.223106
6.870772 1.328352
6.940009 1.406791
6.998705 1.488959
6.891629 1.780964
6.971194 1.785926
6.926743 1.839836
6.962611 1.897053
6.925119 1.948057
6.952989 2.000000
6.981152 -1.947477
6.943373 -1.892032
7.010542 -1.887665
6.921503 -1.765049
6.971252 -1.611392
6.923949 -1.549469
6.914526 -1.460013
6.889123 -1.358521
6.962798 -1.284699
7.028656 -1.067407
6.907352 -1.048050
7.030775 -0.794523
7.066786 0.482515
7.060171 1.075237
7.017613 1.197500
6.978891 1.308151
7.044213 1.399359
7.098984 1.493508
6.953560 1.571513
6.987738 1.646988
7.014071 1.720979
7.051859 1.793791
7.005057 1.850747
6.989859 1.951505
7.016855 2.000000
7.005844 -1.513095
6.984765 -1.400863
7.034287 0.169750
7.268858 0.490150
7.157706 0.621007
7.023937 0.667097
7.088883 1.295897
7.046702 1.572164
7.075008 1.652295
7.037967 1.916838
7.102364 1.934702
7.015871 -2.000000
7.050006 -1.945554
6.970598 -1.827111
6.991437 -1.756585
7.021047 -1.682406
7.055563 -1.597794
7.070449 -1.442211
7.135925 -1.129803
6.947327 -0.931481
7.070200 -0.650436
7.007655 -0.514661
7.156125 0.786317
7.136859 1.185078
7.204863 1.292955
7.195860 1.490298
7.145462 1.590014
7.241185 1.656699
7.091715 1.732040
7.158744 1.688782
7.143481 1.787760
7.081809 1.857209
7.147907 1.868856
7.075408 2.000000
7.086306 -2.000000
7.081275 -1.884621
7.044749 -1.822658
7.066208 -1.754460
7.139325 -1.746176
7.102436 -1.673911
7.111229 -1.529417
7.056107 -1.322979
7.162430 -1.265639
7.054087 -1.206609
7.061127 -0.936913
7.103156 -0.359670
7.299507 0.666898
7.244865 0.936923
7.261874 1.181581
7.238648 1.573074
7.221612 1.818838
7.175114 1.943794
7.142059 2.000000
7.162782 -2.000000
7.123681 -1.947284
7.127732 -1.819311
7.157101 -1.609623
7.222117 -1.544777
7.181130 -1.460935
7.139803 -1.371925
7.236142 -1.185858
7.170645 -0.852035
7.191107 -0.706629
7.191086 -0.526545
7.033265 -0.194641
7.301927 0.816184
7.187383 1.064390
7.323467 1.305501
7.148642 1.394231
7.309567 1.503657
7.328734 1.702778
7.230689 1.742624
7.218102 1.890536
7.221083 2.000000
7.237216 -2.000000
7.151650 -1.887377
7.212060 -1.850706
7.211009 -1.776222
7.289904 -1.461750
7.241639 -1.363521
7.301231 -1.275688
7.160957 -1.004596
7.287866 -0.934095
7.257967 -0.354169
7.324427 1.058264
7.385694 1.198812
7.446983 1.325774
7.260613 1.402010
7.312055 1.789158
7.296824 1.869214
7.264285 1.944360
7.309984 2.000000
7.282060 -1.946297
7.205514 -1.933795
7.291293 -1.799762
7.198026 -1.689414
7.261272 -1.629367
7.403438 -1.474510
7.362229 -1.373032
7.267366 -1.070137
7.316768 -0.785507
7.333563 -0.618163
7.226159 -0.169903
7.146455 -0.002895
7.317422 0.329120
7.407223 0.926714
7.378598 1.422440
7.336556 1.608706
7.410204 1.760416
7.386509 1.850699
7.353063 1.931967
7.402133 2.000000
7.322967 -2.000000
7.281169 -1.880518
7.288084 -1.718942
7.329287 -1.558069
7.362428 -1.163788
7.452520 1.087511
7.417449 1.540550
7.484159 1.840383
7.447459 1.925234
7.362387 -1.922810
7.361360 -1.842666
7.382316 -1.755697
7.359377 -1.657390
7.433375 -1.578891
7.518616 1.223632
7.576928 1.356733
7.495935 1.447564
7.527277 1.559522
7.541948 1.657719
7.433039 1.657330
7.402496 -2.000000
7.444678 -1.930270
7.480696 -1.774175
7.483160 -1.376928
7.431499 -1.268754
7.397290 -1.032550
7.428813 -0.883486
7.402635 -0.233017
7.539479 0.984035
7.599427 1.114127
7.624510 1.486086
7.512350 1.748905
7.551949 1.918156
7.502072 2.000000
7.444125 -1.847861
7.457011 -1.680350
7.540031 -1.602480
7.490118 -1.145645
7.378127 -0.450783
7.250229 0.160404
7.656934 1.252101
7.649195 1.606652
7.632668 1.724458
7.527712 -1.904795
7.561853 -1.708039
7.651697 -1.630391
7.514791 -1.491896
7.563639 -1.264317
7.576888 -0.835580
7.464326 -0.720530
7.541782 -0.354326
7.444667 0.579944
7.444592 0.757238
7.753115 1.680743
7.715795 1.804768
7.594323 1.825357
7.492193 -2.000000
7.619572 -1.915613
7.568611 -1.815040
7.752969 -1.561154
7.629924 -1.517076
7.680526 -1.203498
7.527988 -0.992294
7.509591 -0.552664
7.561964 -0.126452
7.387411 -0.006875
7.466688 0.193311
7.691358 0.975341
7.841202 1.786782
7.666677 1.908905
7.668119 -1.832060
7.664920 -1.737952
7.732282 -1.441242
7.601255 -1.395820
7.819729 -1.210893
7.611007 -1.103100
7.673794 -0.955129
7.741616 -0.797000
7.602560 0.686615
7.611302 2.000000
7.577739 -2.000000
7.730265 -1.908248
7.774989 -1.797384
7.632549 -0.672289
7.682233 -0.490143
7.648730 0.098027
7.471377 0.406992
7.571251 0.848414
7.739594 1.120303
7.757744 1.538567
7.730110 2.000000
7.677140 -2.000000
7.766898 -1.680261
7.863500 -1.471369
7.704285 -1.321243
7.762893 -1.075362
7.833807 -0.931653
7.808436 -0.620609
7.854026 0.976213
7.884014 1.667080
7.838209 -1.907203
7.919259 -1.081394
7.873279 -0.424261
7.722073 -0.295298
7.755656 -0.103626
7.630441 0.514586
7.874178 1.139304
7.709835 1.395366
7.898478 1.547311
7.790934 1.901195
7.876021 -1.596625
7.843690 -1.342239
8.086028 -1.097622
7.913314 -0.766116
7.991880 -0.577121
7.841027 0.250826
7.843207 1.418431
7.984808 1.754782
8.068009 1.875178
7.925804 1.885918
7.783640 -2.000000
7.890388 -1.819679
7.883656 -1.714790
7.966117 -1.228331
8.085390 -0.762816
7.936831 -0.211977
7.739270 0.822267
7.791286 1.274473
7.861020 2.000000
7.991930 -0.933115
8.075627 -0.365461
7.887688 0.046236
7.647266 0.314492
7.813494 0.458654
7.780258 0.651333
7.900399 -2.000000
7.972251 -1.902062
7.996209 -1.516054
7.984400 -1.374017
8.151009 -0.934261
8.009093 0.405953
7.961203 0.615025
7.935619 1.294359
7.993783 1.441942
8.172822 -0.589646
7.912470 0.806162
8.025163 -2.000000
8.105081 -1.878749
8.009149 -1.781671
8.002598 -1.652371
8.114158 -1.265214
8.090979 -0.060912
8.092260 0.780992
8.011301 1.139888
8.127413 -1.728427
8.067129 0.186869
8.227920 -1.826336
8.127844 -1.580882
8.124102 -1.427161
8.262884 -1.504489
8.030108 0.966564
8.039332 1.603697
8.257353 -1.663811
8.260165 -1.334363
8.151374 0.575330
8.162478 1.123878
8.088210 1.296175
8.147248 -2.000000
8.251664 -1.153998
8.221018 0.349868
8.268557 -2.000000
8.279431 -0.773613
8.287879 0.093685
8.215183 0.952066
8.137218 1.455490
8.132022 1.736623
7.998787 2.000000
8.380140 -1.742219
8.222404 1.866685
8.146709 2.000000
8.421787 -2.000000
8.341371 -1.883009
8.254788 -0.188665
8.280627 0.759798
8.249137 1.288959
8.299597 1.443412
8.203743 1.596018
8.306692 2.000000
8.495383 -1.855080
8.410361 -1.587866
8.408320 -1.425987
8.407865 -1.245063
8.446211 -1.072091
8.288748 -0.989020
8.261010 -0.415494
8.477973 -0.113678
8.434712 0.320723
8.436384 1.323900
8.299277 1.724812
8.577489 -2.000000
8.434942 -0.879819
8.384715 -0.593863
8.448531 -0.354412
8.349551 0.548570
8.478724 1.696282
8.392161 1.856653
8.561672 -1.353625
8.404578 0.946445
8.339011 1.132672
8.546851 -1.696519
8.597047 -0.519221
8.378206 1.571413
8.720563 -1.678133
8.596303 -1.170739
8.527929 -0.734876
8.529774 0.112743
8.542207 1.500512
8.656450 -1.844239
8.624544 -0.953031
8.478942 0.741565
8.570202 1.843416
8.478073 2.000000
8.576651 -1.526861
8.696569 0.278382
8.603013 0.939504
8.632920 1.318559
8.721455 -0.731005
8.666576 -0.271352
8.560342 0.515974
8.745531 -2.000000
8.738970 -1.333445
8.755446 1.829606
8.812033 -0.500624
8.895305 -0.271760
8.754455 -0.010736
8.522472 1.138298
8.727887 1.127759
8.926523 -2.000000
8.833734 -1.832088
8.751415 -1.510288
8.774782 -1.126989
8.830506 -0.923038
8.656821 1.663794
8.934422 -1.472926
9.055150 -0.525212
8.686435 0.727107
8.748754 1.486163
8.914967 -1.655932
8.928810 -1.286132
8.940201 -0.717376
8.773819 0.498529
8.820365 0.926075
8.852809 1.304870
8.658820 2.000000
9.124494 -2.000000
9.131509 -1.428089
8.987007 -1.081726
9.027108 -0.051813
8.943836 0.216211
8.911466 0.708793
8.977569 1.478006
8.848640 2.000000
9.026764 -1.824155
9.118146 -1.629200
9.138403 -1.217120
9.070959 -0.897723
8.956283 1.824448
9.051106 2.000000
8.984629 0.463392
8.861565 1.652706
9.270678 2.000000
9.330950 -2.000000
8.958422 1.113204
9.210554 -0.728261
9.141230 -0.321267
9.223468 0.131243
9.437209 -1.785949
9.332229 -1.298231
9.255347 -1.022823
9.341716 -0.510599
9.206116 0.387992
9.151995 0.660566
9.059387 0.899623
9.096899 1.301375
9.089585 1.652785
9.331124 -1.552146
9.232941 1.503649
9.355189 1.734369
9.234160 -1.795935
9.205415 1.091162
9.479232 1.516769
9.308181 -0.168795
9.174139 1.827825
9.555742 -1.589017
9.419521 -0.823917
9.312585 0.856051
9.553803 -2.000000
9.543428 -1.367857
9.478604 -1.098901
9.535198 -0.316914
9.475173 1.997348
9.754428 -0.106225
9.473097 0.310987
9.401520 0.589792
9.347283 1.294093
9.669959 -0.923406
9.588043 -0.631355
9.500331 0.024314
9.788638 -1.504773
9.739722 1.516516
9.797322 -2.000000
9.591182 1.756843
9.718661 -1.206460
9.941790 -1.023188
9.792852 -0.440100
9.677675 0.514893
9.463728 1.061222
9.762867 0.209954
9.708127 2.000000
9.687143 -1.778772
9.931973 -1.745473
9.856135 0.738280
9.575793 0.798804
9.729816 1.023300
9.606273 1.282596
10.008314 -0.227598
9.971119 0.427241
9.876971 1.261734
9.847154 1.755221
9.869470 -0.735831
10.023911 1.500952
10.328239 -2.000000
10.049807 -2.000000
9.960144 -1.291538
10.066923 0.087345
10.007882 0.984388
10.168343 1.236919
10.083438 -1.503800
10.381375 -0.609503
10.089943 -0.542644
10.214364 -1.750998
10.166096 -0.861361
10.118416 1.742685
9.964183 2.000000
10.237360 2.000000
10.287665 -0.256286
10.630255 -2.000000
10.224784 -1.188509
10.299742 0.942678
10.361549 -1.480102
10.456761 -0.947524
10.413103 0.043995
10.279651 0.354884
10.150583 0.679013
10.469712 0.622236
10.531306 2.000000
10.522691 -1.752020
10.545636 -1.252510
10.694216 -0.692183
10.591041 -0.332246
10.850692 0.674608
10.343219 1.481032
10.395641 1.735120
10.698767 -1.556270
11.040493 -0.793929
10.923311 -0.413066
10.795527 -1.025580
10.645593 0.342607
10.608090 0.894108
10.891993 -1.325966
10.752611 -0.023601
10.483413 1.202771
11.101453 -0.091511
10.973461 -1.715217
11.043450 1.350074
10.692954 1.423320
11.190154 -1.463541
10.825201 1.092659
10.842479 2.000000
10.993152 0.297166
11.129151 0.970546
10.673963 1.711607
10.910926 -2.000000
11.267590 -0.525738
11.436251 -0.201355
10.980288 1.675599
11.166689 2.000000
11.244193 -2.000000
11.192491 -1.116158
11.201660 0.612273
11.381937 0.232221
11.383456 1.323502
11.552508 0.643375
11.484142 0.985933
11.308534 1.668688
11.521031 2.000000
11.449915 -0.872586
11.682892 -0.528294
11.759677 -0.044959
11.666757 1.642008
11.777408 0.373456
11.901919 0.877551
11.633545 -2.000000
11.398679 -1.699512
11.782027 -1.008877
11.788826 -1.651710
12.132632 0.573712
11.546551 -1.315207
12.086668 -0.301745
12.203398 1.193523
12.053678 1.609096
12.046368 -2.000000
12.172933 0.146435
11.900232 2.000000
12.250950 -1.677349
11.783605 1.270261
12.508458 -1.380913
12.001431 -1.339677
12.024721 -0.716066
12.430060 0.820748
12.540518 -0.144451
12.269989 -1.034511
12.455580 -0.596614
12.676576 1.202350
12.532705 -2.000000
12.456532 1.594877
12.305517 2.000000
12.800480 -1.667256
12.734711 -0.989335
13.056587 -1.287885
12.914434 -0.558626
12.917273 1.588414
13.280912 -0.854188
12.986633 -0.102116
12.748444 2.000000
12.582659 0.348271
12.891765 0.768683
13.046127 0.336650
13.371526 -1.612931
13.183822 1.132315
13.077031 -2.000000
13.437612 -0.356579
13.526547 0.149800
13.731661 1.067535
13.648129 -2.000000
13.390951 1.552399
13.243282 2.000000
13.872643 1.534256
13.442274 0.673190
13.635996 -1.173558
13.776202 2.000000
13.961721 -1.555983
13.981746 0.486697
14.002953 -0.103376
14.246333 -2.000000
14.239804 0.926633
14.511380 0.241383
14.323552 1.451326
14.879107 -2.000000
14.218867 -1.037611
13.841420 -0.662353
14.350545 2.000000
14.562609 -1.501935
15.188175 -1.433281
14.802203 -0.925732
14.413412 -0.445290
15.408184 -0.789425
15.149770 0.325727
14.737461 0.823362
14.807749 1.415199
14.957062 -0.279651
15.358450 0.931364
16.069515 -0.748697
14.943806 2.000000
15.397920 1.498910
15.623161 -0.134541
15.645737 2.000000
15.850598 0.558359
16.298507 -0.072804
15.545887 -2.000000
16.505990 0.665393
16.031851 1.305620
16.266969 -2.000000
15.832926 -1.388150
16.323181 2.000000
17.073635 2.000000
16.544394 -1.395886
16.783544 -0.746360
16.745365 1.306498
17.083259 -2.000000
17.005688 0.019424
18.000000 -1.061101
17.338094 -1.378350
17.505480 1.442095
17.308358 0.620586
17.508162 -0.517634
18.000000 0.941488
*ELEMENT
num-elem: 4153
num-elem-node: 3
elem-conn:
20 18 17
1 19 17
17 19 20
4 18 11
11 18 20
21 11 20
12 19 1
1 10 12
12 10 13
35 30 33
2139 2142 2137
4 11 24
24 21 25
11 21 24
25 21 28
23 21 20
20 19 23
13 10 9
9 16 13
14 12 13
13 16 14
19 12 26
26 23 19
30 23 26
33 30 26
39 35 33
45 39 33
2188 8 2185
2177 2185 8
2180 2185 2177
2166 2168 2165
2173 2168 2166
25 28 29
36 28 21
21 23 36
38 28 36
36 23 30
36 35 38
30 35 36
12 14 22
22 26 12
33 26 22
22 14 46
105 97 92
81 97 107
55 49 40
35 39 40
38 35 40
40 49 38
41 43 34
72 43 41
41 49 55
55 72 41
57 67 65
51 67 57
57 39 51
39 45 51
2180 2173 2172
2168 2173 2176
2180 2177 2176
2176 2173 2180
2142 2139 2153
2137 2142 2138
34 29 37
37 29 28
37 41 34
49 41 37
37 28 38
38 49 37
81 107 104
97 105 110
110 107 97
53 61 55
55 40 53
57 65 53
53 65 61
53 39 57
53 40 39
66 74 85
66 43 72
72 74 66
61 65 76
44 22 46
44 45 33
33 22 44
327 299 326
103 105 92
2186 2 2188
2182 2 2186
2188 2185 2186
2186 2172 2182
2186 2185 2180
2180 2172 2186
2183 2 2187
2187 2 2182
2165 2153 2161
2166 2165 2161
2169 2172 2173
2135 2139 2137
2148 2160 2147
2147 2144 2148
2147 2135 2144
2139 2135 2147
2160 2161 2147
2148 2144 2145
2118 2117 2126
91 98 109
111 104 115
127 110 105
140 127 138
110 127 140
64 74 72
64 87 74
64 72 55
55 61 64
81 104 93
93 94 87
93 104 111
111 94 93
552 505 517
398 397 469
283 299 327
469 397 462
1133 1097 1166
1414 1367 1389
175 158 169
180 197 209
186 169 217
175 169 186
186 180 175
197 180 186
183 189 142
142 147 183
388 424 360
2174 2175 2171
7 2183 2184
2184 2181 7
2183 2187 2184
2143 2136 2146
15 27 16
15 9 3
16 9 15
16 27 31
46 14 31
31 14 16
27 32 31
71 76 65
71 65 67
67 79 71
71 79 92
102 103 84
92 79 84
84 103 92
2159 2160 2148
2179 2187 2182
2179 2184 2187
2131 2135 2137
2139 2147 2149
2149 2147 2161
2149 2153 2139
2149 2161 2153
2143 2151 2141
2123 2126 2117
2123 2131 2137
2137 2138 2123
2138 2126 2123
2105 2087 2091
122 104 107
122 115 104
142 189 149
189 181 149
175 180 151
74 87 86
87 94 86
85 74 86
86 91 85
98 91 86
86 94 98
61 76 77
77 64 61
77 76 81
81 93 77
87 64 77
77 93 87
1019 1113 1069
2078 2070 2077
1911 1916 1899
1911 1895 1920
1942 1920 1915
2035 2034 2036
1974 1973 1987
1899 1916 1927
1913 1879 1897
1959 1953 1958
1959 1984 1962
1958 1984 1959
455 398 469
389 398 455
389 455 470
470 455 533
327 326 361
361 349 327
375 349 361
361 326 360
383 375 397
397 398 383
551 579 533
532 455 469
533 455 532
532 551 533
550 551 532
550 532 531
469 462 531
531 532 469
1389 1367 1291
1456 1455 1476
1414 1455 1456
360 326 316
2178 2174 2181
2181 2184 2178
2184 2179 2178
2175 2174 2178
2154 2146 2150
2143 2146 2154
2154 2151 2143
2148 2145 2157
46 31 48
48 31 32
48 32 42
67 51 63
88 95 101
76 71 75
75 97 81
81 76 75
92 97 75
75 71 92
1915 1920 1888
1920 1895 1888
1874 1864 1843
2160 2159 2163
2166 2161 2163
2163 2161 2160
2163 2159 2169
2163 2173 2166
2163 2169 2173
2175 2178 2164
2164 2178 2179
2140 2131 2128
2135 2131 2140
2144 2135 2140
107 110 119
119 122 107
110 140 119
141 164 136
170 149 181
191 164 170
170 141 149
164 141 170
136 117 135
135 141 136
130 147 142
108 94 111
98 94 108
123 117 109
123 108 133
123 135 117
133 135 123
109 98 123
98 108 123
175 151 153
153 158 175
138 158 153
153 140 138
187 180 209
187 151 180
1770 1797 1826
1782 1771 1761
1746 1801 1761
1761 1801 1782
2011 1988 2002
2078 2077 2086
2086 2087 2078
2091 2087 2086
2093 2111 2101
2057 2051 2050
2032 2024 2023
2115 2123 2117
2117 2101 2115
2115 2101 2111
2115 2111 2128
2128 2131 2115
2131 2123 2115
1974 1964 1943
2014 1987 1995
1995 1987 1973
1992 2010 1962
1992 2003 2010
1982 2003 1979
2003 1992 1979
1962 1984 1979
1979 1992 1962
1782 1801 1820
1870 1879 1871
1870 1867 1890
1890 1897 1870
1870 1897 1879
1871 1868 1810
1810 1870 1871
1867 1870 1810
1958 1953 1923
1953 1945 1923
504 579 517
533 579 504
504 470 533
360 424 396
396 361 360
397 375 396
375 361 396
299 283 298
246 261 298
232 186 217
197 186 232
232 213 197
623 624 530
663 624 711
157 169 158
125 103 102
424 468 430
430 396 424
430 462 397
397 396 430
424 388 454
454 468 424
454 388 443
529 468 454
566 623 530
566 468 529
387 388 360
360 316 387
2162 2159 2148
2148 2157 2162
2065 2074 2079
2038 2074 2065
145 118 124
148 118 145
148 145 159
42 54 47
47 48 42
70 79 67
67 63 70
90 82 89
88 101 89
1841 1846 1849
1874 1843 1822
2182 2172 2170
2172 2169 2170
2170 2179 2182
2170 2164 2179
151 187 154
189 183 198
221 205 214
248 214 209
209 197 248
197 213 248
213 232 247
141 135 143
142 149 143
149 141 143
143 130 142
143 135 133
133 130 143
147 130 120
115 122 120
134 153 151
151 154 134
134 119 140
140 153 134
1781 1799 1808
1808 1800 1781
1781 1745 1733
1808 1799 1819
1627 1645 1685
1684 1778 1583
1415 1435 1478
1567 1583 1584
1476 1455 1501
1501 1520 1476
1456 1435 1434
1367 1414 1434
1414 1456 1434
1070 1069 1113
1465 1487 1488
1464 1487 1465
1107 1109 1108
1989 1977 1985
1907 1926 1915
1915 1888 1907
1907 1888 1864
1948 1970 1957
1956 1970 1948
2004 2005 1997
2021 1998 1997
1997 2005 2021
2033 2031 2021
2021 2005 2033
2027 2019 2015
2028 2019 2027
2014 1995 2007
2037 2017 2031
2037 2051 2043
2031 2017 2006
2006 2021 2031
1998 2021 2006
1949 1926 1925
1925 1936 1966
1966 1949 1925
1983 1949 1966
1966 1936 1971
1971 1983 1966
2091 2086 2083
2043 2051 2062
2062 2051 2057
2102 2101 2117
2102 2105 2091
2102 2117 2118
2118 2105 2102
2058 2049 2061
2030 2050 2051
2030 2037 2031
2051 2037 2030
2030 2031 2033
2048 2023 2038
2048 2032 2023
2038 2065 2048
2024 2032 2012
2002 2024 2012
2012 2011 2002
1951 1942 1960
1960 1973 1951
1951 1973 1974
1974 1943 1951
1972 1973 1960
1972 1995 1973
1952 1944 1975
1975 1944 1964
2014 2015 2008
2008 1987 2014
2028 2063 2053
2001 2003 1982
1976 1979 1984
1976 1984 1958
1928 1927 1916
1916 1943 1928
1928 1943 1964
1964 1944 1928
1900 1876 1857
1899 1927 1900
1900 1927 1889
1889 1876 1900
1808 1819 1834
1868 1820 1811
1811 1810 1868
1811 1820 1801
1958 1923 1961
1952 1976 1961
1961 1976 1958
1896 1903 1908
1896 1897 1890
1890 1903 1896
1004 1097 1133
1049 1004 1133
1005 1004 1049
578 551 593
579 551 578
517 579 580
552 517 580
579 578 580
580 578 594
310 326 299
299 298 310
310 298 261
275 314 310
310 261 275
310 316 326
314 316 310
246 247 235
235 232 217
235 247 232
711 624 710
624 623 710
567 663 643
567 643 593
593 551 567
567 551 550
643 663 664
711 712 664
664 663 711
550 531 549
549 567 550
663 567 549
549 531 530
530 624 549
624 663 549
1323 1293 1246
1133 1166 1191
1166 1215 1191
1191 1246 1192
1215 1246 1191
1457 1436 1416
1479 1457 1416
1415 1369 1368
1192 1246 1216
1216 1246 1293
1216 1193 1192
1247 1193 1216
1374 1397 1420
217 169 195
169 157 195
103 125 126
105 103 126
126 127 105
138 127 126
503 566 530
530 531 503
503 531 462
468 566 503
462 430 503
503 430 468
502 454 443
529 454 502
348 316 314
348 387 316
443 388 423
388 387 423
423 422 443
423 382 422
2151 2154 2156
2156 2157 2151
2156 2162 2157
2106 2103 2116
2116 2132 2119
2119 2106 2116
2108 2106 2119
2092 2093 2084
2152 2141 2151
2145 2133 2152
2152 2157 2145
2151 2157 2152
2134 2133 2145
2134 2145 2144
2144 2140 2134
435 446 466
487 467 466
466 467 435
509 524 541
509 467 487
487 523 509
509 523 524
124 118 113
160 159 145
148 159 152
56 54 58
56 47 54
45 44 52
52 51 45
52 63 51
46 48 50
48 47 50
50 44 46
50 52 44
88 89 73
82 68 73
73 89 82
102 84 83
83 100 102
83 84 79
79 70 83
146 125 112
112 125 102
137 150 132
132 150 146
146 112 132
132 112 129
96 100 90
90 89 96
96 89 101
116 118 148
1954 1929 1946
1947 1955 1977
1748 1772 1735
1840 1846 1841
1735 1772 1749
1772 1783 1749
1763 1784 1737
1763 1774 1784
1762 1774 1763
1735 1749 1750
1750 1749 1762
1762 1763 1750
1841 1849 1829
1829 1802 1841
1784 1802 1751
1737 1784 1751
1751 1752 1737
1766 1786 1803
1753 1786 1766
1817 1822 1843
1794 1806 1822
1794 1817 1795
1822 1817 1794
1795 1776 1794
1926 1907 1887
1887 1864 1874
1887 1907 1864
1874 1822 1886
1924 1936 1925
1823 1817 1843
1797 1778 1824
2162 2156 2158
2175 2164 2158
156 154 187
156 198 183
156 183 147
147 154 156
255 286 241
207 191 190
190 170 181
191 170 190
471 517 505
417 431 457
431 471 457
457 471 505
203 190 181
213 247 243
254 221 214
214 248 254
121 130 133
121 120 130
115 120 121
133 108 121
111 115 121
121 108 111
128 134 154
128 154 147
147 120 128
128 120 122
122 119 128
119 134 128
1722 1781 1733
1799 1781 1722
1721 1706 1697
1798 1819 1780
1780 1790 1798
1798 1790 1845
1845 1834 1798
1798 1834 1819
1732 1819 1799
1706 1721 1732
1780 1819 1732
1732 1721 1780
1666 1708 1686
1627 1685 1664
1664 1685 1697
1666 1686 1647
1647 1686 1667
1744 1685 1645
1522 1478 1435
1522 1456 1476
1522 1435 1456
1602 1521 1520
1602 1645 1627
1627 1521 1602
1520 1501 1585
1585 1602 1520
1584 1602 1585
1567 1584 1585
497 518 519
614 654 631
614 630 654
613 630 614
434 409 433
433 409 400
1488 1487 1508
1463 1487 1464
1441 1463 1464
1440 1463 1441
1400 1399 1401
1068 1113 1019
1551 1525 1549
1549 1506 1505
1525 1506 1549
1526 1525 1551
1551 1552 1526
1577 1576 1611
1577 1552 1551
1504 1483 1481
1505 1483 1504
1611 1576 1610
1554 1578 1579
1612 1590 1611
1611 1610 1612
1631 1612 1652
1590 1612 1631
772 874 810
772 773 809
849 772 809
874 772 849
1968 1985 1977
1968 1963 1988
1988 2011 1968
2011 1985 1968
1997 1998 1986
1986 1998 1971
1969 1970 1956
1956 1947 1969
1969 1977 1989
1969 1947 1977
1990 2004 1997
1997 1986 1990
1990 1986 1970
1970 1969 1990
1989 2004 1990
1990 1969 1989
2018 2044 2045
2018 2007 2009
2026 2018 2009
2044 2018 2026
2043 2044 2026
2026 2037 2043
2017 2037 2026
2040 2063 2028
2028 2027 2040
2060 2063 2040
2040 2027 2045
2045 2027 2013
2013 2018 2045
2007 2018 2013
2014 2007 2013
2013 2015 2014
2013 2027 2015
1915 1926 1950
1926 1949 1950
1950 1942 1915
1960 1942 1950
1950 1972 1960
2091 2083 2107
2093 2101 2107
2107 2102 2091
2101 2102 2107
2052 2081 2072
2071 2081 2052
2033 2005 2039
2042 2058 2050
2049 2058 2042
2042 2030 2033
2050 2030 2042
2033 2039 2042
2042 2039 2049
2032 2048 2041
2049 2039 2041
2061 2049 2055
2055 2065 2061
2055 2048 2065
2049 2041 2055
2055 2041 2048
1989 1985 2000
2000 2004 1989
2000 1985 2011
2011 2012 2000
1942 1951 1937
1937 1911 1920
1920 1942 1937
1916 1911 1937
1937 1943 1916
1937 1951 1943
1996 1975 1981
1981 2008 1996
1981 1964 1974
1981 1975 1964
1974 1987 1981
1987 2008 1981
1996 2008 2016
2019 2001 2016
2015 2019 2016
2016 2008 2015
1982 1996 2016
2016 2001 1982
2034 2053 2054
2054 2047 2036
2036 2034 2054
2003 2001 2020
2034 2035 2020
2020 2035 2010
2010 2003 2020
2022 2001 2019
2022 2019 2028
2034 2020 2022
2022 2020 2001
2022 2053 2034
2028 2053 2022
1982 1979 1978
1979 1976 1978
1978 1996 1982
1978 1975 1996
1952 1975 1978
1978 1976 1952
1917 1928 1944
1908 1889 1917
1889 1927 1917
1927 1928 1917
1877 1866 1876
1877 1876 1889
1877 1889 1908
1908 1903 1877
1878 1903 1890
1890 1867 1878
1878 1877 1903
1866 1877 1878
1876 1866 1858
1858 1834 1845
1857 1876 1858
1858 1845 1857
1835 1800 1808
1808 1834 1835
1834 1858 1835
1835 1858 1866
1760 1801 1746
1760 1811 1801
1746 1745 1760
1867 1810 1809
1810 1811 1809
1811 1760 1809
1934 1896 1908
1934 1961 1923
1912 1923 1945
1912 1945 1913
1912 1934 1923
1896 1934 1912
1913 1897 1912
1897 1896 1912
1097 1004 1003
838 801 952
952 1005 838
952 1004 1005
952 1003 1004
839 838 897
838 1005 897
839 897 802
802 897 898
1005 1049 1006
1006 897 1005
898 897 1006
953 898 1006
596 556 555
555 556 535
595 553 534
534 505 552
552 595 534
839 802 765
687 664 712
643 664 687
644 578 593
594 578 644
552 580 581
581 595 552
581 608 595
581 580 594
336 317 349
336 349 375
375 383 336
349 317 300
300 283 327
327 349 300
300 269 283
623 566 607
607 566 529
1323 1246 1270
1270 1246 1215
1270 1291 1367
1270 1215 1291
1481 1483 1482
1482 1483 1459
1391 1479 1416
1391 1369 1415
1546 1479 1502
1502 1545 1546
1478 1545 1502
1415 1478 1502
1502 1391 1415
1479 1391 1502
1503 1479 1546
1457 1479 1503
1324 1368 1369
1324 1293 1323
1323 1368 1324
1390 1434 1435
1390 1435 1415
1415 1368 1390
1329 1328 1350
1350 1372 1397
1328 1372 1350
1417 1371 1394
1349 1371 1296
1271 1216 1293
1247 1216 1271
1194 1193 1247
1217 1271 1294
1247 1271 1217
1217 1194 1247
1398 1399 1400
167 152 159
146 150 139
139 125 146
139 126 125
422 442 453
443 422 453
453 502 443
359 367 335
346 366 358
293 321 277
277 321 294
176 193 216
216 193 225
382 423 374
374 348 325
387 348 374
374 423 387
2094 2103 2097
2103 2106 2097
2108 2119 2121
2128 2111 2127
2125 2122 2133
2133 2134 2125
428 452 429
429 382 428
429 442 422
422 382 429
524 523 540
540 602 524
601 602 540
673 633 615
615 632 673
615 601 632
615 602 601
322 321 320
320 321 293
511 509 541
171 193 176
192 193 171
144 145 124
144 160 145
59 56 58
58 68 59
59 68 82
102 100 106
100 96 106
106 112 102
129 112 106
118 116 114
114 101 95
95 113 114
114 113 118
99 96 101
101 114 99
99 114 116
99 116 129
129 106 99
99 106 96
148 152 131
131 116 148
131 152 137
137 132 131
131 132 129
129 116 131
1921 1929 1930
1929 1954 1930
1940 1947 1956
1956 1948 1940
1932 1922 1940
1940 1948 1932
1735 1750 1726
1726 1750 1714
1712 1701 1692
1355 1377 1357
1854 1849 1846
1839 1840 1828
1839 1838 1859
1828 1838 1839
1846 1840 1839
1828 1840 1813
1827 1838 1828
1773 1783 1812
1773 1774 1762
1762 1749 1773
1773 1749 1783
1714 1750 1736
1736 1750 1763
1736 1763 1737
1802 1829 1785
1785 1751 1802
1850 1829 1849
1855 1842 1850
1804 1842 1860
1860 1885 1804
1860 1842 1855
1855 1883 1860
1860 1883 1884
1884 1885 1860
1753 1766 1787
1830 1850 1842
1829 1850 1830
1803 1785 1830
1830 1785 1829
1815 1842 1804
1815 1830 1842
1815 1766 1803
1803 1830 1815
1789 1794 1776
1806 1794 1789
1804 1885 1831
1831 1821 1804
1831 1816 1821
1831 1885 1863
1863 1816 1831
1925 1926 1919
1926 1887 1919
1919 1924 1925
1902 1924 1919
1822 1806 1836
1836 1886 1822
1806 1816 1836
1836 1816 1863
1936 1924 1941
1863 1885 1892
1892 1906 1863
1892 1885 1884
1893 1906 1902
1886 1836 1893
1863 1906 1893
1893 1836 1863
1833 1832 1856
1833 1837 1826
1825 1826 1797
1807 1832 1825
1825 1833 1826
1832 1833 1825
1797 1824 1825
1825 1824 1807
1864 1888 1861
1856 1832 1861
1861 1895 1856
1861 1888 1895
1847 1832 1807
1807 1823 1847
1847 1861 1832
1864 1861 1847
1847 1843 1864
1847 1823 1843
1777 1823 1807
1807 1824 1777
2164 2170 2167
2167 2158 2164
2169 2159 2167
2167 2170 2169
2159 2162 2167
2162 2158 2167
2175 2158 2155
2155 2158 2156
2155 2156 2154
2155 2154 2150
2155 2150 2171
2171 2175 2155
205 198 188
198 156 188
209 214 188
214 205 188
188 187 209
188 156 187
255 241 223
303 286 255
341 303 290
535 496 506
507 518 497
456 504 517
517 471 456
470 504 456
456 471 431
253 247 246
253 243 247
246 298 253
253 298 283
283 269 253
269 243 253
1875 1911 1899
1856 1895 1875
1895 1911 1875
1845 1790 1852
1790 1837 1852
1857 1845 1852
1698 1686 1708
1708 1722 1709
1709 1698 1708
1709 1722 1733
1733 1710 1709
1746 1761 1747
1697 1685 1720
1720 1721 1697
1707 1732 1799
1799 1722 1707
1707 1722 1708
1707 1708 1666
1666 1706 1707
1706 1732 1707
1667 1686 1649
1649 1698 1687
1686 1698 1649
1652 1669 1670
1670 1671 1653
1669 1690 1670
1670 1690 1671
1670 1631 1652
1653 1631 1670
1665 1706 1666
1666 1647 1665
1697 1706 1665
1665 1647 1628
1665 1664 1697
1628 1664 1665
1667 1648 1604
1604 1647 1667
1604 1648 1586
1628 1647 1604
1586 1603 1604
1604 1603 1628
1770 1744 1743
1743 1797 1770
1743 1778 1797
1743 1583 1778
1646 1603 1568
1627 1664 1646
1646 1664 1628
1628 1603 1646
1646 1521 1627
1568 1521 1646
1546 1545 1570
1568 1603 1569
1569 1570 1545
1569 1603 1586
1586 1570 1569
1477 1521 1568
1477 1522 1476
1476 1520 1477
1520 1521 1477
1544 1545 1478
1478 1522 1544
1544 1569 1545
1568 1569 1544
1544 1477 1568
1522 1477 1544
670 693 718
747 719 774
774 810 747
774 772 810
773 772 774
1067 1068 1019
1112 1068 1067
966 1015 1016
1016 1064 1066
1015 1064 1016
748 719 747
747 775 748
1019 1069 1020
1114 1072 1071
568 557 598
598 557 556
598 556 596
596 597 598
556 557 536
535 556 536
536 496 535
536 557 518
518 507 536
536 507 496
568 599 584
558 557 568
518 557 558
568 584 558
558 584 569
558 519 518
558 569 519
498 519 520
519 569 520
650 651 597
650 693 670
670 651 650
670 694 628
628 651 670
583 599 568
568 598 583
583 628 599
651 628 583
597 651 583
583 598 597
498 475 484
497 519 484
484 519 498
613 614 586
586 560 613
402 409 419
409 434 419
508 520 537
498 520 508
445 475 433
433 400 445
401 400 409
402 385 401
401 409 402
444 377 417
417 457 444
444 457 472
417 377 363
265 236 264
237 203 229
229 236 237
276 264 233
264 236 233
236 229 233
1527 1528 1509
1509 1508 1527
1488 1508 1509
1486 1508 1487
1486 1463 1485
1487 1463 1486
1442 1441 1464
1399 1441 1442
1111 1067 1066
1112 1067 1111
1376 1353 1400
1400 1401 1376
1422 1401 1399
1399 1442 1422
1301 1277 1300
1301 1333 1334
1300 1299 1332
1332 1301 1300
1333 1301 1332
1484 1525 1485
1484 1506 1525
1527 1526 1553
1553 1526 1552
1553 1528 1527
1553 1554 1528
1552 1578 1553
1578 1554 1553
1485 1525 1507
1525 1526 1507
1507 1486 1485
1508 1486 1507
1527 1508 1507
1507 1526 1527
1459 1418 1437
1437 1394 1436
1437 1418 1417
1417 1394 1437
1524 1549 1505
1505 1504 1524
1630 1669 1652
1652 1612 1630
1630 1612 1610
1586 1648 1571
1571 1570 1586
1552 1577 1589
1589 1578 1552
1589 1577 1611
1611 1590 1589
1590 1613 1589
1579 1578 1589
1589 1613 1579
1590 1631 1632
1632 1613 1590
1632 1631 1653
1014 1108 1062
1145 1177 1146
1176 1177 1145
966 911 965
965 1015 966
1062 1015 965
964 965 911
1063 1108 1109
1062 1108 1063
1063 1015 1062
1063 1064 1015
1955 1954 1980
1977 1955 1980
1980 1968 1977
1963 1968 1980
1946 1963 1980
1980 1954 1946
1965 1986 1971
1971 1936 1965
1957 1970 1965
1970 1986 1965
1965 1941 1957
1936 1941 1965
1991 1999 1983
1991 1983 1971
1971 1998 1991
1998 2006 1991
2009 2007 1994
1994 1999 2009
1994 2007 1995
1995 1972 1994
1967 1950 1949
1972 1950 1967
1967 1949 1983
1983 1999 1967
1967 1994 1972
1999 1994 1967
2085 2107 2083
2083 2072 2085
2084 2093 2085
2093 2107 2085
2085 2081 2084
2085 2072 2081
2066 2072 2083
2066 2086 2077
2066 2083 2086
2064 2071 2062
2064 2062 2057
2082 2064 2076
2071 2064 2082
2081 2071 2082
2084 2081 2082
2082 2092 2084
2059 2071 2052
2059 2044 2043
2043 2062 2059
2062 2071 2059
2005 2004 2025
2025 2039 2005
2004 2000 2025
2067 2053 2063
2067 2066 2077
1867 1809 1853
1853 1878 1867
1800 1835 1853
1866 1878 1853
1853 1835 1866
1791 1809 1760
1791 1760 1745
1800 1853 1791
1791 1853 1809
1745 1781 1791
1791 1781 1800
1961 1934 1938
1938 1917 1944
1908 1917 1938
1938 1934 1908
1938 1944 1952
1952 1961 1938
800 712 711
800 801 712
1192 1193 1167
953 1006 1167
626 553 595
839 765 764
688 687 764
738 765 713
688 764 738
738 764 765
713 765 766
766 765 802
643 687 625
625 687 688
593 643 625
625 644 593
688 644 625
666 581 594
608 581 666
269 300 284
284 300 317
284 262 269
285 262 284
317 336 350
350 336 383
311 338 318
311 280 285
221 254 270
285 280 270
270 262 285
254 262 270
642 607 686
642 710 623
623 607 642
947 798 761
837 798 948
948 949 837
837 949 951
1481 1482 1480
1480 1523 1481
1457 1503 1480
1503 1523 1480
1367 1434 1292
1434 1390 1292
1292 1270 1367
1292 1390 1368
1292 1368 1323
1323 1270 1292
1397 1372 1396
1417 1418 1396
1396 1372 1417
1395 1371 1417
1417 1372 1395
1296 1371 1395
1395 1372 1328
1416 1436 1393
1436 1394 1393
840 802 898
840 898 953
1193 1194 1134
953 1167 1134
1134 1167 1193
1194 1135 1134
1327 1272 1296
1296 1395 1327
1327 1395 1328
1218 1217 1294
1219 1217 1218
1295 1349 1296
1296 1272 1295
1272 1218 1295
1295 1218 1294
1374 1398 1375
1421 1441 1399
1399 1398 1421
1440 1441 1421
1420 1440 1421
1421 1374 1420
1421 1398 1374
1203 1177 1176
165 179 163
163 195 157
228 235 217
217 195 228
208 179 194
252 263 234
172 171 176
160 171 172
159 160 172
172 167 159
155 158 138
155 157 158
138 126 155
126 139 155
1413 1414 1389
1389 1347 1413
1413 1455 1414
1347 1432 1413
1132 1166 1097
1321 1131 1130
1000 947 1129
494 453 442
442 516 494
529 502 622
622 607 529
686 607 622
708 565 548
760 565 708
502 453 501
501 622 502
565 622 501
453 494 501
548 565 501
501 494 548
1266 1189 1213
359 335 309
373 367 428
373 335 367
325 335 373
428 382 373
373 374 325
382 374 373
259 288 296
263 288 259
235 228 239
239 228 220
260 282 275
275 261 260
421 427 440
372 367 359
359 358 372
372 358 366
346 358 347
278 251 250
278 277 294
293 277 287
287 273 292
215 193 192
225 193 215
215 226 225
230 216 225
250 251 224
224 242 227
251 242 224
196 227 185
196 224 227
2095 2065 2079
2095 2079 2094
2094 2097 2095
2109 2106 2108
2109 2097 2106
2108 2121 2120
2120 2122 2114
2124 2121 2141
2133 2122 2124
2122 2120 2124
2124 2120 2121
2141 2152 2124
2124 2152 2133
2130 2119 2132
2130 2121 2119
2130 2132 2136
2141 2121 2130
2130 2136 2143
2143 2141 2130
2092 2104 2098
2098 2111 2093
2093 2092 2098
2098 2127 2111
2104 2127 2098
2090 2104 2092
2090 2082 2076
2092 2082 2090
2114 2122 2112
2122 2125 2112
2112 2127 2104
2112 2125 2127
2129 2134 2140
2129 2125 2134
2129 2140 2128
2128 2127 2129
2127 2125 2129
784 754 783
783 782 784
673 632 671
671 698 673
672 698 671
752 698 672
753 698 752
752 783 753
782 783 752
685 516 515
548 494 685
685 494 516
442 429 441
441 516 442
441 429 452
705 797 706
704 797 705
590 620 606
602 615 603
603 615 633
541 587 564
564 511 541
477 511 564
381 393 410
410 446 435
410 393 446
332 320 293
332 287 292
293 287 332
323 321 322
294 321 323
395 333 344
333 323 344
322 370 344
344 323 322
334 333 395
467 509 510
509 511 510
166 171 160
160 144 166
192 171 166
80 82 90
80 59 82
90 100 80
1935 1940 1922
1955 1947 1935
1947 1940 1935
1713 1712 1748
1713 1748 1735
1735 1726 1713
1713 1726 1701
1701 1712 1713
820 821 786
820 754 784
786 821 859
859 927 883
859 821 925
925 927 859
821 820 858
5 1026 1025
1031 1077 979
823 883 884
884 824 823
1880 1872 1891
1848 1854 1846
1846 1839 1848
1848 1859 1862
1848 1839 1859
1814 1840 1841
1814 1813 1840
1841 1802 1814
1814 1802 1784
1784 1774 1814
1774 1813 1814
1828 1813 1792
1792 1827 1828
1812 1827 1792
1792 1773 1812
1792 1813 1774
1774 1773 1792
1751 1785 1764
1752 1751 1764
1803 1786 1764
1764 1785 1803
1905 1922 1932
1905 1898 1922
1884 1883 1905
1883 1898 1905
1849 1854 1851
1851 1850 1849
1851 1854 1881
1855 1850 1851
1768 1787 1788
1788 1769 1768
1821 1788 1793
1793 1788 1787
1804 1821 1793
1793 1815 1804
1793 1787 1766
1766 1815 1793
1775 1789 1776
1769 1789 1775
1902 1919 1894
1894 1893 1902
1886 1893 1894
1894 1919 1887
1894 1887 1874
1874 1886 1894
1933 1948 1957
1957 1941 1933
1932 1948 1933
1823 1777 1796
1795 1817 1796
1817 1823 1796
206 241 207
206 223 241
207 190 206
190 203 206
206 203 237
237 223 206
330 341 290
554 534 553
553 555 554
554 555 535
535 506 554
505 534 495
495 506 472
534 554 495
495 554 506
495 457 505
472 457 495
470 456 416
416 456 431
257 262 254
257 254 248
257 243 269
269 262 257
257 248 213
213 243 257
1844 1852 1837
1856 1875 1844
1844 1833 1856
1837 1833 1844
1865 1875 1899
1857 1852 1865
1865 1844 1875
1852 1844 1865
1899 1900 1865
1865 1900 1857
1687 1698 1711
1711 1709 1710
1698 1709 1711
1725 1700 1724
1771 1725 1724
1724 1761 1771
1724 1747 1761
1734 1710 1733
1746 1747 1734
1734 1745 1746
1733 1745 1734
1685 1744 1779
1779 1720 1685
1779 1744 1770
1818 1837 1790
1826 1837 1818
1770 1826 1818
1818 1779 1770
1780 1721 1759
1721 1720 1759
1759 1790 1780
1759 1818 1790
1720 1779 1759
1779 1818 1759
1699 1724 1700
1747 1724 1699
1689 1690 1669
1688 1699 1689
1700 1690 1689
1689 1699 1700
1671 1690 1691
1691 1700 1725
1691 1690 1700
1626 1584 1583
1583 1743 1626
1645 1602 1626
1626 1602 1584
1626 1744 1645
1626 1743 1744
1684 1583 1543
1543 1583 1567
1683 1582 1541
1755 1775 1776
1741 1775 1755
1240 1241 1190
946 1094 1129
1767 1787 1768
1753 1787 1767
809 773 744
745 744 773
718 744 745
745 694 670
670 718 745
1017 1016 1066
914 1016 1017
1066 1067 1017
966 1016 912
912 1016 914
810 874 850
913 912 914
851 912 913
812 913 915
851 913 812
719 748 720
609 695 720
720 695 719
776 812 915
775 812 776
631 654 723
723 750 631
654 630 653
1019 1020 968
968 1020 969
969 916 968
1115 1116 1073
1074 1024 1073
1073 1116 6
6 1074 1073
973 1024 1074
969 1020 970
1023 1072 1115
1023 1071 1072
1115 1073 1023
1023 1073 1024
1021 1070 1114
1114 1071 1021
1071 970 1021
1069 1070 1021
1021 1020 1069
1021 970 1020
610 584 599
537 560 538
538 508 537
521 508 538
649 597 596
649 650 597
328 353 364
600 614 631
600 586 614
465 419 434
485 475 498
498 508 485
433 475 485
485 434 433
485 508 521
392 445 400
445 392 463
464 484 475
475 445 464
445 463 464
497 484 464
341 330 354
318 319 306
276 280 306
306 311 318
280 311 306
289 306 319
289 264 276
276 306 289
496 507 474
377 444 408
353 319 356
356 319 318
356 351 363
290 303 272
272 303 255
237 236 249
236 265 249
249 223 237
265 272 249
255 223 249
249 272 255
202 229 203
202 181 189
202 203 181
189 198 202
276 233 271
271 280 276
221 270 271
271 270 280
222 233 229
205 221 222
221 271 222
222 271 233
1110 1063 1109
1064 1063 1110
1443 1422 1442
1464 1465 1443
1443 1442 1464
1254 1277 1278
1272 1327 1273
1275 1299 1300
1299 1275 1298
1298 1275 1251
1438 1418 1459
1458 1482 1459
1459 1437 1458
1458 1437 1436
1436 1457 1458
1457 1480 1458
1458 1480 1482
1551 1549 1550
1549 1524 1550
1550 1577 1551
1576 1577 1550
1669 1630 1668
1668 1689 1669
1688 1689 1668
1570 1571 1547
1546 1570 1547
1547 1503 1546
1547 1523 1503
1107 1108 1061
1108 1014 1061
910 849 909
874 849 910
910 911 874
910 964 911
1013 1014 963
963 1014 1062
1062 965 963
965 964 963
1999 1991 1993
2009 1999 1993
1993 2006 2017
1993 1991 2006
1993 2026 2009
2017 2026 1993
2072 2066 2069
2060 2052 2069
2052 2072 2069
2066 2067 2069
2069 2063 2060
2069 2067 2063
2046 2052 2060
2046 2059 2052
2044 2059 2046
2045 2044 2046
2060 2040 2046
2046 2040 2045
2029 2041 2039
2039 2025 2029
2032 2041 2029
2029 2012 2032
2029 2000 2012
2029 2025 2000
2073 2054 2053
2053 2067 2073
2073 2067 2077
2073 2077 2070
2070 2047 2073
2047 2054 2073
801 800 896
896 800 951
896 952 801
1003 952 896
1002 949 948
1002 1269 1130
1131 1132 1048
1097 1003 1048
1048 1132 1097
1192 1167 1098
1098 1049 1133
1098 1006 1049
1098 1167 1006
1133 1191 1098
1098 1191 1192
595 608 645
645 626 595
763 764 687
763 687 712
763 838 839
839 764 763
763 801 838
712 801 763
665 644 688
688 738 665
689 666 665
665 713 689
665 738 713
594 644 665
665 666 594
713 766 739
689 713 739
739 740 689
608 666 667
667 645 608
690 645 667
667 666 689
689 740 667
740 690 667
740 739 767
305 284 317
285 284 305
305 311 285
338 311 305
709 565 760
709 761 686
686 622 709
709 622 565
662 761 798
662 642 686
686 761 662
799 837 951
951 800 799
711 710 799
799 800 711
1420 1397 1419
1397 1396 1419
1419 1396 1418
1418 1438 1419
1370 1393 1394
1370 1394 1371
1371 1349 1370
1416 1393 1392
1392 1391 1416
1369 1391 1392
1393 1370 1392
842 954 843
899 1135 1050
899 840 953
953 1134 899
899 1134 1135
1374 1375 1373
1397 1374 1373
1373 1350 1397
1353 1333 1331
1333 1332 1331
1331 1332 1299
1352 1398 1400
1352 1375 1398
1400 1353 1352
1353 1331 1352
1352 1331 1375
1302 1301 1334
1277 1301 1302
1202 1203 1176
1177 1203 1147
1147 1106 1146
1146 1177 1147
1278 1255 1223
955 901 900
901 844 900
843 954 900
900 844 843
1007 900 954
1007 1053 955
955 900 1007
308 288 267
267 288 263
267 263 252
220 228 182
182 208 220
182 228 195
195 163 182
182 163 179
179 208 182
185 227 211
212 201 211
231 220 204
220 208 204
204 212 231
204 201 212
204 208 194
194 201 204
212 234 238
231 212 238
238 256 231
238 234 263
263 259 238
238 259 256
177 184 185
185 211 177
177 211 201
177 201 194
167 184 174
184 177 174
168 184 167
167 172 168
168 172 176
161 163 157
157 155 161
165 163 161
161 155 139
161 150 165
161 139 150
1542 1543 1567
1582 1543 1542
1541 1582 1475
1582 1542 1475
1475 1542 1518
1433 1413 1432
1433 1501 1455
1455 1413 1433
1166 1132 1245
1245 1215 1166
1291 1215 1245
1245 1132 1131
1320 1432 1347
1347 1321 1320
1288 1241 1240
1163 1000 1129
1164 1000 1163
1182 1211 1156
1152 1124 1123
1045 1158 1092
1187 1158 1045
1045 943 997
997 1187 1045
296 309 297
297 335 325
297 309 335
282 260 268
240 261 246
240 260 261
246 235 240
235 239 240
440 405 415
415 421 440
366 421 415
415 372 366
414 366 346
414 421 366
367 372 406
406 405 452
406 415 405
372 415 406
406 452 428
428 367 406
313 288 308
308 347 313
296 288 313
313 309 296
313 347 358
313 358 359
359 309 313
266 287 277
250 230 266
266 278 250
277 278 266
224 196 210
250 224 210
210 230 250
216 230 210
2061 2065 2068
2065 2095 2068
2075 2064 2057
2076 2064 2075
2113 2109 2108
2113 2120 2114
2108 2120 2113
2089 2090 2076
2076 2075 2089
2089 2075 2088
883 927 860
884 883 860
981 928 860
860 927 981
857 817 856
856 922 857
857 922 881
782 752 781
780 855 781
781 855 817
751 752 672
780 781 751
751 781 752
482 441 452
452 405 482
515 516 500
516 441 500
500 482 493
441 482 500
945 835 868
868 835 736
684 685 515
515 661 684
493 547 577
577 547 592
451 547 493
493 482 451
451 482 405
451 405 440
831 795 865
680 705 706
619 620 590
499 490 526
499 480 460
460 479 499
479 490 499
478 490 479
602 603 563
563 603 587
563 587 541
541 524 563
524 602 563
447 410 435
435 467 447
467 510 447
446 393 380
369 393 381
369 380 393
365 380 369
420 386 381
381 410 420
420 447 448
410 447 420
331 332 292
394 344 370
394 425 395
395 344 394
274 278 294
251 278 274
312 323 333
294 323 312
312 274 294
295 274 312
252 242 258
258 242 251
251 274 258
258 274 295
315 347 308
439 479 460
439 437 479
477 488 458
458 511 477
458 510 511
448 447 458
458 447 510
436 488 459
436 459 412
448 458 436
436 458 488
100 83 78
78 80 100
78 83 70
56 59 69
59 80 69
80 78 69
1931 1935 1922
1922 1898 1931
1027 1028 976
886 885 930
1033 928 981
1033 1034 928
1033 1032 1078
1078 1034 1033
1077 1032 980
980 979 1077
1032 1033 980
980 1033 981
1075 1076 977
925 821 882
821 858 882
882 858 881
881 978 882
788 757 727
727 757 728
728 701 637
1901 1880 1909
1921 1930 1909
1909 1891 1921
1909 1880 1891
1854 1848 1869
1881 1854 1869
1869 1901 1881
1869 1880 1901
1882 1851 1881
1855 1851 1882
1882 1883 1855
1882 1898 1883
1821 1816 1805
1805 1788 1821
1769 1788 1805
1805 1789 1769
1806 1789 1805
1805 1816 1806
1906 1892 1910
1910 1892 1884
1884 1905 1910
1910 1905 1932
1932 1933 1910
328 364 340
340 364 378
340 329 328
340 330 329
378 354 340
340 354 330
303 341 291
341 342 291
286 303 291
376 350 383
376 398 389
376 383 398
1572 1571 1648
1576 1550 1575
1575 1550 1524
1723 1699 1688
1723 1711 1710
1688 1711 1723
1747 1699 1723
1710 1734 1723
1723 1734 1747
1758 1778 1684
1758 1824 1778
1758 1777 1824
1756 1796 1777
1795 1796 1756
1741 1755 1681
1681 1680 1741
1453 1517 1474
1161 1190 1094
1240 1190 1239
1190 1161 1239
947 761 836
1129 947 836
836 946 1129
760 946 836
836 709 760
761 709 836
1662 1680 1641
1752 1764 1765
1765 1764 1786
1286 1213 1212
1266 1213 1286
1316 1315 1345
1661 1662 1641
1679 1662 1661
809 744 808
746 774 719
719 695 746
773 774 746
746 745 773
746 695 694
694 745 746
875 912 851
851 850 875
875 911 966
966 912 875
874 911 875
875 850 874
811 850 851
851 812 811
810 850 811
747 810 811
811 775 747
811 812 775
779 816 750
750 723 779
696 653 630
1019 968 1018
1018 1067 1019
1018 1017 1067
914 1017 1018
967 968 916
967 916 915
915 913 967
967 1018 968
967 913 914
914 1018 967
969 970 971
1071 1023 1022
1022 970 1071
1024 918 1022
1022 1023 1024
918 971 1022
1022 971 970
599 628 629
629 610 599
609 610 629
629 628 694
629 695 609
694 695 629
611 610 609
560 586 561
561 538 560
476 521 522
521 538 522
538 561 522
650 649 648
693 650 648
434 485 486
486 485 521
486 465 434
486 521 476
476 465 486
399 392 378
399 463 392
378 364 399
418 463 399
341 354 368
368 401 385
385 342 368
368 342 341
400 401 379
379 392 400
401 368 379
379 368 354
378 392 379
379 354 378
301 265 264
264 289 301
496 474 473
472 506 473
473 506 496
497 464 483
483 507 497
483 474 507
483 464 463
483 463 418
418 474 483
357 364 353
357 363 377
353 356 357
357 356 363
350 376 362
417 363 407
363 351 407
407 431 417
407 416 431
352 356 318
351 356 352
318 338 352
229 202 218
218 222 229
205 222 218
218 198 205
218 202 198
1064 1110 1065
1066 1064 1065
1065 1111 1066
1297 1273 1327
1297 1328 1329
1297 1327 1328
1250 1273 1297
1272 1273 1248
1248 1218 1272
1219 1218 1248
1248 1168 1219
1251 1275 1252
1252 1221 1251
1252 1253 1197
1197 1221 1252
1439 1419 1438
1439 1440 1420
1420 1419 1439
1459 1483 1460
1460 1438 1459
1505 1506 1460
1460 1483 1505
1688 1668 1650
1687 1711 1650
1650 1711 1688
1650 1607 1687
1107 1061 1148
1106 1147 1148
1146 1106 1105
1105 1059 1146
1106 1148 1105
1105 1148 1061
962 961 1013
1013 963 962
962 963 964
909 961 962
962 910 909
964 910 962
1104 1145 1146
1146 1059 1104
1104 1144 1145
960 906 1011
951 949 950
950 896 951
1003 896 950
950 1048 1003
1269 1002 1165
1165 1000 1164
1096 1002 1130
949 1002 1096
1130 1131 1096
1131 1048 1096
1096 950 949
1048 950 1096
669 648 649
716 648 669
626 645 646
646 692 668
646 645 690
690 692 646
903 846 956
740 767 714
741 692 714
714 690 740
714 692 690
317 350 337
337 305 317
338 305 337
350 362 337
798 837 762
762 662 798
837 799 762
762 799 710
710 642 762
642 662 762
1326 1370 1349
1326 1295 1294
1349 1295 1326
841 766 802
802 840 841
803 739 766
766 841 803
803 841 842
803 767 739
843 767 803
803 842 843
1050 954 869
954 842 869
869 899 1050
840 899 869
869 841 840
842 841 869
1351 1373 1375
1351 1331 1299
1375 1331 1351
1279 1255 1278
1278 1277 1279
1277 1302 1279
1224 1202 1201
1201 1202 1176
1196 1221 1197
1053 1138 1100
1170 1139 1100
1100 1138 1170
1256 1223 1255
1197 1253 1198
804 767 843
843 844 804
741 714 804
804 714 767
902 844 901
902 901 956
956 846 902
219 234 212
212 211 219
219 211 227
227 242 219
252 234 219
219 242 252
152 167 173
167 174 173
137 152 173
162 173 174
137 173 162
162 150 137
165 150 162
199 168 176
176 216 199
216 210 199
199 210 196
200 196 185
185 184 200
184 168 200
200 199 196
168 199 200
1518 1542 1454
1454 1433 1432
1131 1321 1322
1322 1245 1131
1322 1347 1389
1322 1321 1347
1389 1291 1322
1291 1245 1322
1095 1320 1321
1095 1321 1130
1130 1269 1095
1317 1288 1388
1129 1094 1162
1162 1163 1129
1094 1190 1162
1162 1190 1241
1241 1163 1162
736 835 707
707 684 736
685 684 707
707 708 548
548 685 707
1093 835 945
1094 946 1093
945 1161 1093
1093 1161 1094
1188 1213 1189
1189 1158 1188
1212 1213 1188
1188 1186 1212
1188 1158 1187
1187 1186 1188
296 297 281
281 297 282
281 259 296
282 268 281
256 259 281
281 268 256
304 297 325
282 297 304
304 348 314
325 348 304
304 314 275
275 282 304
231 256 245
256 268 245
245 220 231
245 239 220
245 268 260
245 240 239
260 240 245
371 414 346
273 287 244
287 266 244
244 226 273
244 266 230
225 226 244
244 230 225
2097 2109 2099
2099 2095 2097
2099 2068 2095
2057 2050 2056
2056 2075 2057
2050 2058 2056
2088 2075 2056
2110 2113 2114
856 817 880
817 855 880
880 920 856
817 857 818
784 782 818
782 781 818
818 781 817
514 661 515
515 500 514
514 500 493
493 577 514
945 868 999
895 1047 999
999 868 895
944 1045 1092
1092 998 944
943 1045 944
1046 1047 895
895 998 1046
1046 998 1092
736 684 683
683 684 661
661 514 621
621 514 577
621 683 661
734 683 621
592 547 546
460 480 491
679 830 731
731 830 795
639 660 705
705 680 639
639 680 606
639 606 620
620 660 639
796 831 704
795 831 796
704 705 796
705 660 796
796 731 795
660 731 796
753 783 724
724 699 753
724 783 754
753 699 674
674 633 673
673 698 674
674 698 753
725 655 699
699 724 725
699 655 634
633 674 634
634 674 699
571 604 605
571 564 587
587 603 617
617 571 587
604 571 617
620 619 659
679 731 659
659 660 620
659 731 660
527 499 526
480 499 527
459 478 449
412 459 449
479 437 449
449 478 479
459 488 489
489 478 459
355 369 381
322 320 355
381 386 355
355 370 322
355 386 370
386 420 411
411 420 448
411 436 412
448 436 411
365 369 343
343 331 365
343 355 320
369 355 343
320 332 343
332 331 343
425 394 413
412 449 413
413 437 425
413 449 437
333 334 324
324 312 333
295 312 324
324 315 295
279 267 252
252 258 279
279 258 295
295 315 279
308 267 279
279 315 308
427 421 426
421 414 426
425 437 438
437 439 438
62 70 63
62 78 70
62 69 78
63 52 62
56 69 60
47 56 60
60 50 47
69 62 60
52 50 60
60 62 52
1935 1931 1939
1939 1930 1954
1939 1954 1955
1955 1935 1939
1914 1931 1898
1881 1901 1914
1914 1882 1881
1898 1882 1914
975 1026 1027
1027 976 975
975 1025 1026
974 1025 975
1079 1080 1035
1079 1034 1078
1035 1034 1079
1035 1080 1036
928 1034 982
982 1034 1035
926 980 981
926 927 925
981 927 926
979 980 926
1030 977 1076
1030 1076 1031
1031 979 1030
978 977 1030
1029 1028 1075
1075 977 1029
1029 976 1028
787 823 824
824 788 787
675 700 727
727 728 675
675 728 637
758 728 757
702 701 758
701 728 758
861 824 884
884 885 861
865 795 892
795 830 892
1901 1909 1904
1904 1914 1901
1931 1914 1904
1904 1909 1930
1930 1939 1904
1904 1939 1931
1873 1869 1848
1862 1872 1873
1873 1848 1862
1872 1880 1873
1880 1869 1873
1906 1910 1918
1918 1910 1933
1918 1933 1941
1918 1941 1924
1918 1924 1902
1902 1906 1918
1605 1648 1667
1605 1572 1648
1667 1649 1605
1606 1572 1605
1571 1572 1548
1523 1547 1548
1548 1547 1571
1651 1668 1630
1651 1630 1610
1651 1650 1668
1607 1650 1651
1608 1610 1576
1576 1575 1608
1731 1758 1684
1684 1543 1731
1731 1543 1582
1582 1683 1731
1541 1475 1411
1411 1474 1541
1625 1601 1643
1517 1601 1625
1473 1409 1452
1452 1409 1388
1500 1409 1473
1500 1517 1453
1500 1601 1517
1643 1601 1600
1715 1765 1739
1753 1767 1739
1767 1729 1739
1739 1786 1753
1739 1765 1786
1717 1662 1679
1752 1765 1738
1738 1765 1715
1714 1736 1727
1313 1286 1312
1266 1286 1313
1313 1315 1266
1240 1239 1267
1267 1239 1238
1315 1316 1237
1266 1315 1237
1237 1267 1238
1316 1267 1237
1624 1661 1641
1564 1661 1624
1696 1717 1679
1729 1717 1696
1679 1661 1598
1598 1661 1564
1564 1565 1537
908 961 909
693 648 717
717 648 716
777 748 775
775 776 777
722 749 778
778 779 722
722 779 723
722 723 654
654 653 722
813 777 776
749 777 813
876 776 915
915 916 876
876 813 776
877 813 876
653 696 697
697 722 653
749 722 697
697 777 749
969 971 917
917 916 969
917 876 916
877 876 917
652 611 609
609 720 652
720 696 652
584 610 570
610 611 570
569 584 570
539 522 561
476 522 539
391 399 364
364 357 391
391 408 418
418 399 391
377 408 391
391 357 377
302 301 329
265 301 302
302 330 290
329 330 302
290 272 302
302 272 265
307 301 289
307 289 319
328 329 307
329 301 307
307 353 328
307 319 353
432 473 474
432 474 418
418 408 432
432 408 444
432 444 472
472 473 432
389 470 390
470 416 390
390 376 389
390 362 376
384 407 351
362 390 384
416 407 384
384 390 416
1250 1297 1274
1274 1298 1251
1329 1298 1274
1274 1297 1329
1250 1220 1249
1249 1273 1250
1249 1248 1273
1168 1248 1249
1195 1220 1250
1251 1221 1195
1250 1274 1195
1195 1274 1251
1168 1249 1169
1169 1249 1220
1169 1220 1170
1170 1138 1169
1050 1135 1051
1276 1275 1300
1276 1252 1275
1300 1277 1276
1277 1254 1276
1276 1254 1253
1253 1252 1276
1440 1439 1462
1462 1463 1440
1485 1463 1462
1462 1484 1485
1461 1439 1438
1438 1460 1461
1484 1462 1461
1461 1462 1439
1506 1484 1461
1461 1460 1506
1353 1376 1354
1334 1333 1354
1354 1333 1353
1059 1105 1060
1060 1014 1013
1060 1061 1014
1060 1105 1061
1143 1144 1057
1173 1174 1143
1010 1056 1057
1139 1196 1140
1058 960 1011
1058 1104 1059
1001 1002 948
1001 1165 1002
948 798 1001
1001 798 947
947 1000 1001
1000 1165 1001
716 669 715
715 669 668
741 742 691
691 692 741
742 715 691
668 692 691
691 715 668
647 649 596
647 669 649
905 906 871
1293 1324 1325
1325 1271 1293
1294 1271 1325
1325 1326 1294
1348 1392 1370
1370 1326 1348
1348 1324 1369
1369 1392 1348
1348 1325 1324
1326 1325 1348
1373 1351 1330
1329 1350 1330
1350 1373 1330
1330 1298 1329
1299 1298 1330
1330 1351 1299
1224 1201 1200
1200 1256 1224
1223 1256 1200
1200 1201 1174
805 902 846
846 806 805
805 806 742
805 742 741
845 804 844
844 902 845
902 805 845
741 804 845
845 805 741
178 162 174
178 177 194
178 174 177
194 179 178
178 179 165
165 162 178
1433 1454 1519
1567 1585 1519
1519 1542 1567
1519 1454 1542
1519 1585 1501
1501 1433 1519
1241 1288 1289
1288 1317 1289
1320 1095 1290
1290 1095 1269
1388 1409 1410
1410 1317 1388
1410 1500 1453
1409 1500 1410
835 1093 737
708 707 737
737 707 835
737 1093 946
760 708 737
737 946 760
995 1127 996
996 942 995
997 943 996
996 1127 997
943 866 996
866 942 996
1182 1156 1126
1043 1090 1126
1044 1126 1156
1043 1126 1044
1183 1235 1265
1265 1185 1183
1210 1211 1182
1210 1183 1211
1235 1183 1210
1265 1235 1284
1284 1285 1265
1310 1344 1284
1344 1285 1284
1356 1355 1357
1336 1356 1337
1355 1356 1335
1335 1356 1336
1308 1309 1262
1184 1156 1211
1211 1183 1184
1184 1183 1185
1157 1185 1186
1157 1187 997
1157 1186 1187
997 1127 1157
1127 1184 1157
1157 1184 1185
334 371 345
345 324 334
315 324 345
347 315 345
346 347 345
345 371 346
2080 2099 2088
2068 2099 2080
2088 2056 2080
2061 2068 2080
2080 2058 2061
2080 2056 2058
2088 2099 2096
2096 2099 2109
2096 2089 2088
2096 2110 2089
2109 2113 2096
2113 2110 2096
2090 2089 2100
2089 2110 2100
2104 2090 2100
2100 2112 2104
2114 2112 2100
2100 2110 2114
819 818 857
881 858 819
819 857 881
784 818 819
819 820 784
819 858 820
1238 1239 1160
1160 1128 1238
1160 1239 1161
1047 1128 1160
1160 999 1047
1160 1161 945
945 999 1160
894 866 943
943 944 894
1159 1046 1092
1159 1128 1047
1047 1046 1159
1159 1158 1189
1092 1158 1159
735 683 734
895 868 735
735 868 736
736 683 735
681 680 706
590 606 576
576 546 492
492 546 481
481 451 440
547 451 481
481 546 547
704 831 832
832 797 704
832 866 797
832 942 866
635 655 700
635 634 655
604 617 635
829 892 830
658 659 619
589 657 658
657 678 658
679 659 658
658 678 679
589 658 575
575 658 619
575 527 526
526 574 575
575 574 589
545 619 590
480 527 545
545 575 619
527 575 545
638 677 657
638 657 589
589 574 638
638 574 588
729 677 702
729 792 794
618 572 605
605 604 618
588 572 676
637 701 676
676 618 637
572 618 676
526 490 544
544 574 526
490 478 513
478 489 513
513 544 490
525 488 477
525 489 488
403 394 370
370 386 403
386 411 403
403 411 412
412 413 403
403 413 394
427 426 450
450 438 439
426 438 450
450 439 460
460 491 450
425 438 404
395 425 404
404 438 426
404 334 395
404 371 334
414 371 404
404 426 414
974 975 921
856 920 921
921 920 974
921 922 856
921 976 922
921 975 976
1082 1036 1081
1081 1036 1080
1081 1117 1082
1035 1036 983
983 982 1035
930 982 983
929 982 930
929 930 885
929 860 928
928 982 929
929 885 884
884 860 929
924 882 978
978 1030 924
925 882 924
924 926 925
979 926 924
924 1030 979
922 976 923
976 1029 923
881 922 923
923 978 881
923 977 978
923 1029 977
823 787 822
786 859 822
822 859 883
883 823 822
756 788 727
756 787 788
790 758 757
862 885 886
862 861 885
865 892 940
939 992 940
1086 1087 1041
989 1041 1087
988 1041 989
1085 1041 1040
1086 1041 1085
1083 1117 1118
1040 1041 937
937 1041 988
1150 1149 1178
1118 1149 1119
1119 1083 1118
1084 1083 1119
1119 1149 1150
1150 1178 1151
1151 1178 1204
1122 1180 1152
1122 1087 1086
1122 1152 1123
1123 1087 1122
1152 1180 1206
1629 1605 1649
1629 1649 1687
1687 1607 1629
1629 1607 1606
1606 1605 1629
1481 1523 1573
1523 1548 1573
1573 1504 1481
1609 1651 1610
1610 1608 1609
1607 1651 1609
1606 1607 1609
1757 1719 1756
1682 1719 1757
1758 1731 1757
1683 1682 1757
1757 1731 1683
1777 1758 1757
1757 1756 1777
1412 1475 1518
1412 1411 1475
1318 1411 1412
1346 1411 1318
1453 1474 1346
1474 1411 1346
1346 1410 1453
1317 1410 1346
1318 1289 1346
1346 1289 1317
1644 1625 1682
1644 1683 1541
1644 1682 1683
1541 1474 1644
1644 1474 1517
1517 1625 1644
1795 1756 1742
1756 1719 1742
1742 1776 1795
1742 1755 1776
1682 1625 1663
1663 1719 1682
1663 1625 1643
1642 1681 1643
1643 1600 1642
1680 1681 1642
1641 1680 1642
1601 1500 1540
1540 1600 1601
1540 1500 1473
1740 1775 1741
1768 1769 1740
1769 1775 1740
1680 1662 1718
1662 1717 1718
1741 1680 1718
1718 1740 1741
1728 1738 1705
1728 1727 1736
1705 1727 1728
1728 1736 1737
1737 1752 1728
1752 1738 1728
1265 1285 1236
1236 1185 1265
1186 1185 1236
1212 1186 1236
1236 1285 1212
1312 1363 1364
1364 1313 1312
1311 1285 1344
1344 1363 1311
1311 1363 1312
1312 1286 1311
1311 1286 1212
1212 1285 1311
1345 1315 1314
1315 1313 1314
1314 1364 1430
1313 1364 1314
1366 1452 1388
1366 1316 1345
1345 1365 1366
1366 1365 1452
1287 1288 1240
1240 1267 1287
1388 1288 1287
1287 1366 1388
1287 1267 1316
1316 1366 1287
1214 1159 1189
1128 1159 1214
1214 1189 1266
1266 1237 1214
1238 1128 1214
1214 1237 1238
1566 1624 1641
1641 1642 1566
1566 1642 1600
1600 1540 1566
1565 1538 1516
1599 1538 1565
1599 1565 1564
1564 1624 1599
1624 1566 1599
1640 1696 1679
1679 1598 1640
1704 1727 1705
1705 1695 1704
1623 1598 1564
1564 1537 1623
807 871 872
778 853 814
814 815 816
814 779 778
816 779 814
852 853 778
877 853 852
852 813 877
778 749 852
749 813 852
972 918 1024
972 973 919
1024 973 972
919 815 854
854 972 919
815 814 854
854 814 853
878 853 877
877 917 878
878 917 971
878 971 918
721 696 720
721 697 696
721 720 748
748 777 721
777 697 721
611 652 612
612 630 613
612 696 630
612 652 696
559 560 537
569 570 559
537 520 559
559 520 569
562 561 586
562 539 561
586 600 562
351 352 339
339 384 351
362 384 339
339 352 338
338 337 339
339 337 362
1170 1220 1171
1220 1195 1171
1171 1195 1221
1221 1196 1171
1171 1139 1170
1171 1196 1139
1050 1051 1052
1052 954 1050
1052 1007 954
1099 1169 1138
1099 1052 1051
1099 1138 1053
1053 1007 1099
1007 1052 1099
1136 1051 1135
1136 1135 1194
1136 1217 1219
1194 1217 1136
1175 1143 1174
1144 1143 1175
1175 1201 1176
1174 1201 1175
1176 1145 1175
1145 1144 1175
1144 1104 1103
1057 1144 1103
1103 1010 1057
1011 1010 1103
1103 1058 1011
1104 1058 1103
1173 1143 1142
1057 1056 1142
1142 1143 1057
1172 1198 1173
1172 1140 1196
1172 1196 1197
1197 1198 1172
960 1058 1012
1013 961 1012
961 960 1012
1012 1058 1059
1012 1060 1013
1059 1060 1012
596 555 582
582 647 596
582 555 553
553 626 582
627 646 668
668 669 627
669 647 627
647 582 627
626 646 627
627 582 626
1008 901 955
956 901 1008
1101 1100 1139
1139 1140 1101
905 958 959
959 906 905
1056 1010 959
959 958 1056
1011 906 959
959 1010 1011
1056 958 1009
743 717 716
743 770 717
717 770 771
771 744 718
771 808 744
771 718 693
693 717 771
905 871 870
870 871 807
907 871 906
906 960 907
908 872 907
907 872 871
907 960 961
961 908 907
1199 1200 1174
1199 1174 1173
1173 1198 1199
1223 1200 1199
1242 1163 1241
1241 1289 1242
1164 1163 1242
1242 1289 1318
1320 1290 1319
1432 1320 1319
1518 1454 1319
1319 1454 1432
1244 1290 1269
1244 1165 1164
1269 1165 1244
1123 1124 1125
1043 1044 993
1357 1377 1378
1263 1210 1234
1235 1210 1263
1234 1262 1263
1263 1262 1309
1336 1337 1282
1358 1356 1357
1358 1337 1356
1261 1262 1234
1261 1232 1260
1306 1260 1283
1360 1361 1340
1340 1339 1360
1308 1339 1340
1233 1210 1182
1234 1210 1233
1233 1261 1234
1232 1261 1233
1182 1126 1155
1155 1126 1090
1259 1282 1283
1156 1184 1091
1091 1184 1127
1091 1127 995
1091 1044 1156
995 1044 1091
797 866 867
866 894 867
706 797 867
833 944 998
833 894 944
833 867 894
734 733 834
834 735 734
834 833 998
733 833 834
834 998 895
895 735 834
680 681 640
734 621 682
682 733 734
592 546 591
546 576 591
591 640 592
591 576 606
606 680 591
680 640 591
528 576 492
528 491 480
492 491 528
590 576 528
528 545 590
480 545 528
492 481 461
461 491 492
440 427 461
461 481 440
427 450 461
461 450 491
700 675 636
636 635 700
604 635 636
636 618 604
636 675 637
637 618 636
634 635 616
616 635 617
633 634 616
616 603 633
616 617 603
702 758 759
759 729 702
792 729 759
791 792 759
759 790 791
758 790 759
794 792 793
703 830 679
679 678 703
703 829 830
677 729 730
657 677 730
730 678 657
730 729 794
794 703 730
730 703 678
656 638 588
588 676 656
677 638 656
656 676 701
656 701 702
702 677 656
544 513 512
512 513 489
489 525 512
588 574 573
574 544 573
544 512 573
573 572 588
477 564 542
542 525 477
564 571 542
542 571 605
727 700 726
726 756 727
700 655 726
655 725 726
755 822 787
787 756 755
786 822 755
755 726 725
756 726 755
892 829 891
891 940 892
939 940 891
990 890 988
988 989 990
1120 1085 1084
1120 1119 1150
1084 1119 1120
1086 1085 1120
1082 1117 1037
1117 1083 1037
1039 1085 1040
1084 1085 1039
887 863 864
864 863 862
887 864 934
936 890 827
988 890 936
936 937 988
1204 1205 1179
1179 1151 1204
1180 1151 1179
1179 1206 1180
1504 1573 1574
1574 1524 1504
1574 1575 1524
1587 1548 1572
1587 1573 1548
1587 1574 1573
1587 1572 1606
1755 1742 1730
1730 1681 1755
1730 1742 1719
1719 1663 1730
1643 1681 1730
1730 1663 1643
1754 1718 1717
1754 1729 1767
1754 1717 1729
1754 1767 1768
1768 1740 1754
1740 1718 1754
1310 1343 1385
1385 1343 1384
1408 1364 1363
1499 1516 1538
1499 1430 1451
1451 1516 1499
1539 1566 1540
1539 1599 1566
1538 1599 1539
1539 1540 1473
1716 1678 1715
1715 1739 1716
1716 1739 1729
1729 1696 1716
1677 1695 1705
1705 1738 1677
1677 1658 1695
1678 1658 1677
1677 1738 1715
1715 1678 1677
1659 1658 1678
1703 1704 1694
1694 1674 1703
1714 1727 1703
1727 1704 1703
1703 1726 1714
1639 1659 1622
1622 1640 1598
1598 1623 1622
873 872 908
873 849 809
809 808 873
909 849 873
873 908 909
848 770 807
807 872 848
808 771 848
848 771 770
848 873 808
872 873 848
918 972 879
972 854 879
879 878 918
879 854 853
853 878 879
585 612 613
611 612 585
613 560 585
560 559 585
585 570 611
585 559 570
1168 1169 1137
1169 1099 1137
1137 1099 1051
1051 1136 1137
1219 1168 1137
1137 1136 1219
1140 1172 1141
1173 1142 1141
1141 1172 1173
1055 1008 1054
1100 1101 1054
1054 1101 1055
1053 1100 1054
955 1053 1054
1054 1008 955
957 958 903
957 1009 958
1055 1009 957
957 1008 1055
957 903 956
956 1008 957
1055 1101 1102
1102 1009 1055
1102 1101 1140
1140 1141 1102
1102 1141 1142
1102 1142 1056
1056 1009 1102
769 870 807
807 770 769
770 743 769
742 806 768
768 715 742
806 769 768
768 769 743
716 715 768
768 743 716
905 870 904
904 958 905
903 958 904
847 806 846
847 904 870
847 769 806
870 769 847
846 903 847
903 904 847
1223 1199 1222
1222 1199 1198
1222 1198 1253
1253 1254 1222
1222 1254 1278
1278 1223 1222
1318 1412 1243
1243 1244 1164
1164 1242 1243
1243 1242 1318
991 992 939
939 990 991
994 1044 995
994 993 1044
995 942 994
941 940 992
992 993 941
993 994 941
865 940 941
1382 1361 1405
1427 1382 1405
1383 1382 1427
1381 1361 1360
1405 1361 1381
1381 1404 1405
1380 1425 1445
1445 1404 1380
1404 1381 1380
1310 1284 1264
1264 1343 1310
1264 1284 1235
1235 1263 1264
1309 1343 1264
1264 1263 1309
1283 1282 1305
1305 1306 1283
1305 1282 1337
1339 1306 1305
1307 1339 1308
1307 1306 1339
1260 1306 1307
1308 1262 1307
1307 1261 1260
1262 1261 1307
1232 1233 1209
1209 1233 1182
1182 1155 1209
1124 1152 1153
1152 1206 1153
1153 1206 1228
1124 1153 1181
1283 1260 1231
1260 1232 1231
1232 1230 1231
1229 1231 1230
1229 1259 1283
1283 1231 1229
1303 1335 1336
1257 1280 1281
1257 1227 1225
1281 1227 1257
732 681 706
706 867 732
733 682 732
732 682 681
732 833 733
867 833 732
641 640 681
681 682 641
641 577 592
592 640 641
641 621 577
641 682 621
791 863 826
826 863 887
826 792 791
826 793 792
828 703 794
829 703 828
794 793 828
828 793 827
605 572 543
543 542 605
572 573 543
543 573 512
543 512 525
525 542 543
786 755 785
785 820 786
754 820 785
785 755 725
785 724 754
785 725 724
861 862 825
862 863 825
791 790 825
825 863 791
939 891 938
938 990 939
890 990 938
889 891 829
889 828 827
829 828 889
889 938 891
827 890 889
890 938 889
1121 1151 1180
1086 1120 1121
1150 1151 1121
1121 1120 1150
1121 1122 1086
1180 1122 1121
1038 1039 986
986 985 1038
1038 985 1037
1084 1039 1038
1038 1083 1084
1038 1037 1083
887 934 935
937 936 935
1226 1205 1225
1226 1179 1205
1225 1227 1226
1226 1227 1228
1228 1206 1226
1206 1179 1226
1574 1587 1588
1588 1608 1575
1575 1574 1588
1588 1587 1606
1606 1609 1588
1588 1609 1608
1362 1408 1363
1429 1408 1362
1362 1363 1344
1362 1344 1310
1310 1385 1362
1534 1449 1428
1386 1449 1429
1429 1362 1386
1386 1362 1385
1563 1623 1537
1497 1449 1534
1429 1449 1497
1515 1516 1451
1515 1537 1565
1565 1516 1515
1450 1408 1429
1429 1497 1450
1450 1497 1498
1430 1364 1387
1364 1408 1387
1451 1430 1387
1408 1450 1387
1472 1499 1538
1365 1499 1472
1472 1539 1473
1538 1539 1472
1473 1452 1472
1452 1365 1472
1430 1499 1431
1431 1499 1365
1431 1314 1430
1431 1365 1345
1345 1314 1431
1660 1659 1678
1696 1640 1660
1640 1622 1660
1660 1622 1659
1660 1716 1696
1678 1716 1660
1692 1701 1672
1701 1693 1672
1672 1654 1692
1654 1672 1673
1673 1672 1693
1726 1703 1702
1702 1703 1674
1701 1726 1702
1702 1693 1701
1702 1674 1693
1268 1243 1412
1268 1319 1290
1290 1244 1268
1244 1243 1268
1268 1412 1518
1518 1319 1268
1089 1125 1090
1089 1090 1043
992 991 1089
1043 993 1089
1089 993 992
1123 1125 1088
1125 1089 1088
1088 1089 991
893 994 942
893 941 994
893 832 831
942 832 893
893 831 865
865 941 893
1342 1382 1383
1342 1343 1309
1342 1383 1384
1384 1343 1342
1341 1340 1361
1361 1382 1341
1382 1342 1341
1308 1340 1341
1341 1309 1308
1341 1342 1309
1379 1358 1357
1357 1378 1379
1379 1378 1425
1425 1380 1379
1360 1339 1338
1339 1305 1338
1337 1358 1338
1338 1305 1337
1207 1153 1228
1207 1229 1230
1230 1181 1207
1207 1181 1153
1208 1181 1230
1208 1230 1232
1232 1209 1208
1208 1209 1155
1228 1227 1258
1258 1207 1228
1229 1207 1258
1258 1227 1281
1281 1259 1258
1259 1229 1258
1280 1303 1304
1281 1280 1304
1336 1282 1304
1304 1303 1336
1304 1259 1281
1282 1259 1304
827 793 888
793 826 888
888 826 887
888 936 827
887 935 888
888 935 936
824 861 789
861 825 789
789 788 824
789 825 790
757 788 789
789 790 757
1082 1037 984
1037 985 984
984 1036 1082
984 983 1036
933 934 864
986 934 933
933 985 986
1040 937 987
937 935 987
987 1039 1040
986 1039 987
987 934 986
987 935 934
1407 1428 1449
1449 1386 1407
1407 1385 1384
1407 1386 1385
1623 1563 1621
1639 1622 1621
1621 1622 1623
1498 1562 1536
1536 1562 1563
1536 1563 1537
1537 1515 1536
1471 1450 1498
1498 1536 1471
1471 1536 1515
1471 1515 1451
1451 1387 1471
1471 1387 1450
1657 1674 1694
1534 1428 1496
1496 1428 1448
1638 1659 1639
1658 1659 1638
1675 1657 1694
1618 1657 1675
1445 1425 1424
1425 1378 1403
1403 1424 1425
1444 1424 1403
1042 1087 1123
1123 1088 1042
1042 989 1087
1042 1088 991
1042 990 989
1042 991 990
1358 1379 1359
1360 1338 1359
1359 1338 1358
1359 1381 1360
1359 1380 1381
1359 1379 1380
1446 1404 1445
1405 1404 1426
1426 1427 1405
1404 1446 1426
1426 1446 1447
1181 1208 1154
1154 1125 1124
1124 1181 1154
1154 1208 1155
1090 1125 1154
1154 1155 1090
932 933 864
932 862 886
932 864 862
1428 1407 1406
1448 1428 1406
1384 1383 1406
1406 1407 1384
1406 1427 1448
1383 1427 1406
1535 1562 1498
1535 1497 1534
1498 1497 1535
1581 1621 1563
1563 1562 1581
1656 1673 1693
1693 1674 1656
1674 1657 1656
1495 1496 1448
1514 1496 1495
1494 1513 1495
1495 1513 1514
1695 1658 1637
1658 1638 1637
1637 1638 1620
1618 1675 1619
1619 1617 1618
1402 1378 1377
1402 1403 1378
1654 1673 1633
1673 1634 1633
1614 1633 1634
1445 1424 1469
1469 1446 1445
1470 1426 1447
1470 1495 1448
1448 1427 1470
1427 1426 1470
1470 1447 1494
1494 1495 1470
1618 1617 1635
1635 1657 1618
1635 1656 1657
1615 1557 1592
1591 1614 1592
1592 1634 1615
1592 1614 1634
1616 1617 1594
1616 1557 1615
1615 1635 1616
1616 1635 1617
1559 1514 1532
1514 1513 1532
933 932 931
983 984 931
931 932 886
931 984 985
985 933 931
886 930 931
930 983 931
1534 1496 1533
1533 1535 1534
1533 1496 1514
1597 1638 1639
1620 1638 1597
1639 1621 1597
1621 1581 1597
1562 1535 1561
1561 1581 1562
1535 1533 1561
1655 1634 1673
1673 1656 1655
1656 1635 1655
1615 1634 1655
1655 1635 1615
1695 1637 1676
1676 1675 1694
1676 1704 1695
1694 1704 1676
1636 1619 1675
1675 1676 1636
1636 1676 1637
1636 1637 1620
1620 1596 1636
1596 1619 1636
1594 1617 1595
1617 1619 1595
1595 1532 1594
1559 1532 1595
1595 1596 1559
1595 1619 1596
1423 1466 1444
1444 1403 1423
1403 1402 1423
1468 1424 1444
1468 1469 1424
1468 1491 1469
1469 1491 1492
1447 1446 1493
1446 1469 1493
1469 1492 1493
1494 1447 1493
1593 1616 1594
1557 1616 1593
1580 1596 1620
1620 1597 1580
1559 1596 1580
1580 1597 1581
1581 1561 1580
1491 1468 1467
1467 1466 1489
1444 1466 1467
1467 1468 1444
1494 1493 1512
1512 1493 1492
1512 1513 1494
1489 1510 1490
1490 1467 1489
1491 1467 1490
1559 1580 1560
1560 1580 1561
1560 1561 1533
1560 1514 1559
1560 1533 1514
1558 1593 1594
1594 1532 1558
1558 1532 1513
1513 1512 1558
1511 1492 1491
1491 1490 1511
1593 1558 1531
1531 1558 1512
1531 1512 1492
1492 1511 1531
1557 1593 1556
1593 1531 1556
1556 1531 1511
1530 1490 1510
1530 1511 1490
1530 1556 1511
1530 1510 1529
1557 1556 1555
1555 1529 1591
1555 1530 1529
1556 1530 1555
1591 1592 1555
1555 1592 1557
*BOUNDARY
num-prescribed-disp: 0
node#-dof#-disp:
num-prescribed-load: 0
elem#-face#-trac:
