*PARAMETER
num-dim: 3
*MATPROP
b-plane-strain: 0
young's-modulus: 100000000000
poisson's-ratio: 0
density: 1.0
beta1: 0.5
beta2: 0.5
dt: 0.01
nstp: 100
nprt: 20
nmod: 5
*NODE
num-node: 663
(28)nodal-coord:
       -0.0432723871430183        0.0249833243716192       -0.0012977730027405
       -0.0433012701829940        0.0249999999901244        0.0240717690210870
       -0.0433012701567360        0.0250000000160395        0.0691445385604851
       -0.0433012701906563        0.0249999999762391        0.0468331151360302
       -0.0432877742984985        0.0249922081480416        0.0866948433420386
       -0.0432860504293553        0.0249912128719868        0.1068379926905025
       -0.0433012701821924        0.0250000000206054        0.2023293176992568
       -0.0173211775774129        0.0100003865376661        0.1470785719839647
       -0.0433012702117108        0.0249999999885777        0.1440632689354611
       -0.0432950224046228        0.0249963928427265        0.1623771450856940
       -0.0432864543321390        0.0249914460653084        0.1824703237690512
       -0.0432850625994389        0.0249906425482606        0.2247329610338827
       -0.0432850998661092        0.0249906640641774        0.2443047320787505
       -0.0432911581012298        0.0249941617868972        0.2876077732817139
       -0.0432888083197982        0.0249928051263900        0.2658399188930865
       -0.0185130027708187        0.0106884871332405        0.1971540305783488
       -0.0433012701817842        0.0249999999849182        0.3292397870232472
       -0.0432901481101078        0.0249935786684276        0.3492534462268072
       -0.0432942519615342        0.0249959480168928        0.3663613060000311
       -0.0432869157471725        0.0249917124483469        0.3842110485898914
       -0.0433012701904341        0.0249999999770979        0.4020363739709057
       -0.0432935961815284        0.0249955694127473        0.4396576086028045
       -0.0433012701827886        0.0249999999866010        0.4204903504465973
       -0.0432917154004956        0.0249944835436771        0.4580490532741404
       -0.0433012701830217        0.0249999999882411        0.4984165530165908
       -0.0433012701913357        0.0250000000040963        0.4770284803049286
       -0.0433012701835915        0.0249999999881758        0.5379835162770135
       -0.0433012701825166        0.0250000000195599        0.5194749923746740
       -0.0433012702178655        0.0249999999857150        0.5598102999513525
       -0.0432886451786317        0.0249927109367288        0.5836648069176874
       -0.0433012702140201        0.0249999999880003        0.6052956318817706
       -0.0433012702236270        0.0249999999730522        0.6292226320084816
       -0.0432923204238242        0.0249948328539455        0.6477433054308595
       -0.0433012701824406        0.0249999999870730        0.6911133898181850
       -0.0433012701823053        0.0249999999860784        0.6677958494176535
       -0.0192395093963510        0.0111079359300179        0.6975563276823108
       -0.0192311357913875        0.0111031014259798        0.7271748561485545
       -0.0433012702133545        0.0249999999878077        0.7352373498642328
       -0.0432872408622691        0.0249919001685728        0.7798637358857957
       -0.0433012701828342        0.0249999999875793        0.7568776403672722
       -0.0433012701833768        0.0249999999882899        0.8292398667401528
       -0.0433012702212190        0.0249999999749616        0.8043791550923521
       -0.0433012701830234        0.0249999999874831        0.8491863510548171
       -0.0433012702108539        0.0249999999894647        0.8914668336389919
       -0.0433012701842343        0.0249999999919027        0.8694672508732748
       -0.0432873938442671        0.0249919884927472        0.9137830453081591
       -0.0432881338907824        0.0249924157586874        0.9326785702414349
       -0.0433012701831638        0.0249999999876672        0.9528713986167568
       -0.0433012701832141        0.0249999999890929        0.9769168729614570
       -0.0444374581246903        0.0256559784219344        1.0000000003514664
       -0.0432762520023052        0.0249855557487449        1.0000000000000000
       -0.0319865793546813        0.0384299198524529        0.0000000000003110
       -0.0184016745267037        0.0464906267447927        0.0000000000003085
       -0.0255325734654509        0.0429893904609073        0.0267808272198329
       -0.0283572761371123        0.0411808801371117        0.0502301445798064
       -0.0190919578159667        0.0462114395540750        0.0746282620866310
       -0.0252386496461705        0.0431626060798027        0.0925694676927104
       -0.0233470738281222        0.0442144110405670        0.1167765141678066
       -0.0433012701831868        0.0250000000181467        0.1255148523341668
       -0.0245985225644955        0.0435305948459702        0.1398393788940321
       -0.0251708764033536        0.0432021640760113        0.1840522120759085
       -0.0290869367205906        0.0406687854774686        0.2103159245313947
       -0.0162362937760024        0.0472904087975048        0.2192391536859099
       -0.0258743901824168        0.0427845291173468        0.2439319999468855
       -0.0246558337706984        0.0434981592638410        0.2664855194139971
       -0.0432943827397133        0.0249960235321611        0.3087032318337662
       -0.0232472772435314        0.0442669639772210        0.3103365746615701
       -0.0238492736322420        0.0439455588945943        0.2878595100296283
       -0.0233529149319385        0.0442113261979512        0.3651145710961907
       -0.0282548193029443        0.0412512446416305        0.3318795200663821
       -0.0247796437481448        0.0434277475321369        0.3869859257136459
       -0.0073831773699623        0.0494518825894272        0.3930336172225192
       -0.0252890325773810        0.0431331059778932        0.4142502299781876
       -0.0239458469087947        0.0438930110090369        0.4373775184026780
       -0.0287789594250136        0.0408873023380814        0.4820991429189139
       -0.0224374784386672        0.0446828777152186        0.4592667210871502
       -0.0290694559767399        0.0406812822890279        0.5163976688845628
       -0.0148480449037739        0.0477444820052314        0.5083290806340520
       -0.0233720476664686        0.0442012147782877        0.5406182598944218
       -0.0275976779248930        0.0416937426138968        0.5610129031699181
       -0.0265047704746819        0.0423969001471149        0.5809838334771902
       -0.0163727981391542        0.0472433220765317        0.5977914905757393
       -0.0301257530405906        0.0399053756094401        0.6113452112026488
       -0.0198278067048811        0.0459005237543550        0.6288534628665094
       -0.0249128028724635        0.0433514965146309        0.6513217724952224
       -0.0292089848163583        0.0405812173789058        0.6801232361232884
       -0.0433012701824324        0.0249999999871139        0.7129516412954736
       -0.0279243554930053        0.0414756599742580        0.7113296689808800
       -0.0254916713675896        0.0430136570275862        0.7351732656111393
       -0.0265499976971209        0.0423685923842907        0.7593114023882214
       -0.0249544255761988        0.0433275506316428        0.7780471877258057
       -0.0282408230208569        0.0412608278451564        0.8054037714570457
       -0.0245380084640094        0.0435647350421491        0.8273759920023380
       -0.0254004059670558        0.0430676140122570        0.8721137631965035
       -0.0241689853416720        0.0437705397208426        0.8511134041755589
       -0.0284832144230389        0.0410938741730117        0.8947359060429635
       -0.0169369531842020        0.0470440178645080        0.9017342940157109
       -0.0229676963649295        0.0444126662484809        0.9245583113575983
       -0.0240622414768363        0.0438293113535676        0.9479684275180783
       -0.0298232900933070        0.0401319245418705        0.9748274344516130
       -0.0143354650964945        0.0479008814118657        0.9735392025695437
       -0.0287559453215450        0.0409034913854879        1.0000000002559757
       -0.0167644027798352        0.0096789324593061        0.0000000000002485
       -0.0192914208955787        0.0111379070471127        0.0319906341741936
        0.0003378865703938        0.0001950789022828        0.0508875385999507
       -0.0190152325836344        0.0109784496516221        0.0637793292965994
        0.0204489369601712        0.0118061992604142        0.0278310261864130
       -0.0001996716704151        0.0001152804925688        0.0842663883319126
       -0.0194408870450249        0.0112242013687302        0.1221450158619688
        0.0174015566597698        0.0100467934225069        0.1396690474239243
       -0.0195041452817567        0.0112607235331176        0.0930989694969478
        0.0197490145966188        0.0114020988935877        0.1691578200947394
       -0.0193658196343256        0.0111808611799819        0.2225274650563658
        0.0190452103547005        0.0109957573250594        0.2250724212127458
       -0.0190700279165292        0.0110100857510618        0.2461968320081050
       -0.0003639278743028        0.0002101138562098        0.2380808471608363
       -0.0192235684752263        0.0110987324350715        0.2654738056091861
       -0.0003722586196486        0.0002149236144344        0.2727337061597770
       -0.0189114781959928        0.0109185470272302        0.3119222256011819
       -0.0190525865433794        0.0110000159706185        0.3820575198906804
       -0.0179911541805441        0.0103871977098676        0.3571331379121636
        0.0190740836207698        0.0110124273129969        0.3343901276123384
        0.0191582081729815        0.0110609966458618        0.4179495853802572
       -0.0189610375714813        0.0109471601469561        0.4310973155741102
        0.0187604176387577        0.0108313321738465        0.4450012913543909
       -0.0189140895095807        0.0109200546707795        0.4597712820377258
        0.0186365688259422        0.0107598280284287        0.4699638541370549
       -0.0184955584761110        0.0106784156659986        0.4890608721947836
       -0.0187253131376375        0.0108110645819135        0.5169048517504568
        0.0003006862539302        0.0001736012895685        0.5074592402938565
       -0.0190834384958057        0.0110178283537260        0.5420224760027249
       -0.0186994514216612        0.0107961333134946        0.5666267882769717
        0.0186440736032682        0.0107641609136381        0.6032101147537527
       -0.0183692708719285        0.0106055034836302        0.6474135827923178
        0.0185701003181914        0.0107214524185514        0.6295593656558390
       -0.0194590006684009        0.0112346592751204        0.6701206305291959
        0.0188491472795237        0.0108825602558279        0.6573816166232536
        0.0204118370759548        0.0117847796304573        0.6833292653004128
        0.0206641908189504        0.0119304761333859        0.7290638784796042
       -0.0199322504869381        0.0115078901841887        0.7880978889311958
       -0.0193681730274615        0.0111822199111162        0.7573630381654829
        0.0201176085052129        0.0116149066875023        0.7778384331855432
       -0.0192189758399664        0.0110960808762505        0.8190166789633309
        0.0185991867146192        0.0107382454573774        0.8035928761173282
       -0.0191899792956254        0.0110793397120727        0.8502570175497536
        0.0196585230915380        0.0113498536030198        0.8802691791347044
       -0.0172758856340776        0.0099742372219334        0.8844952266450542
       -0.0188235002010268        0.0108677529090040        0.9388109308372918
        0.0197245900090311        0.0113879973513691        0.9510897568171828
        0.0003402910289115        0.0001964671171593        0.9086603972764419
       -0.0189680303595153        0.0109511974340632        0.9684853236289049
        0.0214697568573071        0.0123955699010020        0.9764075722848287
        0.0001816686727927       -0.0001048864593792        1.0000000002304386
        0.0166600753737004        0.0096186990031720        0.0000000000003254
       -0.0003528067145683        0.0002036930516429        0.0185565387053193
        0.0185865782011432        0.0107309659277441        0.0539698489167806
        0.0197928766885702        0.0114274226841831        0.1091177577382818
        0.0201680072186063        0.0116440043966806        0.0781663354560615
        0.0009223128315739        0.0262453178484779        0.1014774018507074
        0.0003875912188542        0.0002237758944383        0.1200875312709527
        0.0005423355253802        0.0255161399887635        0.1460143686634688
        0.0183521298380376        0.0105956071033146        0.1958446558142202
       -0.0004064310021010        0.0002346530486580        0.1685059167136805
        0.0003841699498549        0.0002218006239796        0.2032437283863033
       -0.0185523724926290        0.0107112172537258        0.1742093970769793
        0.0181530130278982        0.0104806469582598        0.2546242697943840
       -0.0193264760445107        0.0111581461479193        0.2885439711830151
        0.0189310490786691        0.0109298462816116        0.3102657553027562
       -0.0001778287243259        0.0001026694619415        0.3059615376504782
        0.0181631497668815        0.0104864994082267        0.3612775619308218
       -0.0003887932205259        0.0002244698707096        0.3390639914001586
        0.0190461425844111        0.0109962955481337        0.3903046184428958
       -0.0185897851822191        0.0107328174803065        0.3329143697119606
       -0.0182569336484192        0.0105406455564920        0.4040558883118635
       -0.0002112055616558        0.0001219395879740        0.3755165777046630
       -0.0003986498571529        0.0002301606020665        0.4091602497404261
       -0.0003405081019169        0.0001965924443174        0.4414720007039170
       -0.0003445571555602        0.0001989301666733        0.4736120143632861
        0.0191321157604264        0.0110459321844492        0.5239366902296980
        0.0186628236676070        0.0107749862683314        0.5529723316967999
       -0.0002279666473132        0.0001316166050842        0.5746375810904744
       -0.0186594184022267        0.0107730202387003        0.6216813849604139
       -0.0187907067602195        0.0108488196062760        0.5936907501835158
        0.0191300119523710        0.0110447175510456        0.5803724658945079
       -0.0001975097144571        0.0001140322869007        0.5408368238796661
       -0.0003991195657389        0.0002304317887351        0.6083178946265139
        0.0004012727922088        0.0002316749546173        0.6425629516487781
        0.0003360159658427        0.0001939989082422        0.7388970872055521
        0.0181575492922932        0.0104832659728308        0.7051099950925662
        0.0003352138403377        0.0001935358009693        0.7080205815552175
       -0.0002992901109162        0.0001727952261160        0.6760377142062874
        0.0001242425512503        0.0000717314704666        0.7711255860255198
        0.0003208848800403        0.0001852629720186        0.8010099286179592
        0.0190404156909116        0.0109929891260478        0.8274591047722302
        0.0003048459428395        0.0001760028870789        0.8322917939221509
        0.0002334089002579        0.0001347586913333        0.8657133366607980
        0.0186904586053636        0.0107909413070842        0.8525818304413917
       -0.0021761068654999        0.0269384456648780        0.8752327972604801
        0.0167731488501752        0.0096839820047919        0.8995514435454346
       -0.0194449059591700        0.0112265216905833        0.9120494537236656
        0.0199046788116849        0.0114919716713788        0.9252239020333776
        0.0003517509260438        0.0002030834918540        0.9409718008917154
       -0.0002786866932058        0.0001608998372681        0.9722541890011593
       -0.0198566535431212        0.0114642442694552        1.0000000001559659
       -0.0030527611759327        0.0499067194737081        0.0000000000002792
        0.0136301381714393        0.0481063336066672        0.0000000000002636
       -0.0044980461058724        0.0497972647920338        0.0267644076984182
       -0.0087970885969834        0.0492200287687608        0.0505182035784766
        0.0054121095416112        0.0497062276813439        0.0778623841027974
       -0.0004017548132979        0.0499983859046469        0.1012611250946749
        0.0243239352798709        0.0436846216934593        0.1438538405655408
        0.0003498419433362        0.0499987760911673        0.1283450750468347
       -0.0012509634472308        0.0499843484548283        0.1586436733873517
       -0.0071420075085334        0.0494872885446012        0.1904312372596379
       -0.0227544529774640        0.0445222963210163        0.1633467472627927
        0.0041814399956146        0.0498248488162591        0.2147277851934521
        0.0232585636167953        0.0442610349825162        0.2666723823438530
       -0.0028686502368145        0.0499176406246965        0.2415904263179844
        0.0002178050691266        0.0499995256072681        0.2649076282500929
       -0.0007966887067332        0.0499936524681340        0.3095215303848736
        0.0046130005693181        0.0497867474805412        0.3313951256746706
       -0.0148481326074692        0.0477444547363462        0.3395319125341058
       -0.0016456425985214        0.0499729112647940        0.3613792401939915
        0.0105921639359436        0.0488651825245143        0.3821860849039159
       -0.0026455016825814        0.0499299641582833        0.4328075722032796
       -0.0120239760952702        0.0485327106069749        0.4879196964527625
        0.0047443280967261        0.0497744045752282        0.4112184716080879
        0.0078677191081178        0.0493771100413517        0.4821908713232638
       -0.0031686639345427        0.0498994946662017        0.4600133915849735
        0.0168134191268551        0.0470883099852257        0.5158749815536217
        0.0012767812495052        0.0499836956317505        0.5164865667772270
       -0.0037109195116467        0.0498621006013393        0.5398939982819151
       -0.0059095739460405        0.0496495411436629        0.5674991859132816
        0.0158055332374292        0.0474361161888336        0.5459484219298968
        0.0017640864626507        0.0499688702936411        0.5995660284723494
       -0.0065288269534121        0.0495719115875133        0.6553658756319044
        0.0009487634821836        0.0499909976681290        0.6261864000477185
        0.0096367733854076        0.0490625376302358        0.6484957290909241
       -0.0135637175681943        0.0481251032774358        0.6808795027311630
       -0.0107866713859449        0.0488226148435327        0.7051852072225635
       -0.0065826100261823        0.0495647984424971        0.7366001035852192
        0.0068573786634232        0.0495275313120534        0.7279038495161660
       -0.0006697806901235        0.0499955137370058        0.7555462298224256
        0.0067908973044082        0.0495366905637929        0.8065542162148103
       -0.0107259177063403        0.0488359978805724        0.7989865786075380
        0.0021958644894761        0.0499517585190337        0.7758722253069884
       -0.0027568380680932        0.0499239405883221        0.8269229414212017
        0.0004821183194127        0.0499976755652309        0.8493223734595873
       -0.0004368126215192        0.0499980919071288        0.8747209040124968
        0.0026839005722464        0.0499279148144432        0.9276765754162499
        0.0255544896582874        0.0429763662761812        0.9266850308371628
        0.0027633777155740        0.0499235790306956        0.9026804413932211
        0.0007912452630996        0.0499937389125813        0.9474909371573896
       -0.0115996055366266        0.0486358833723091        1.0000000003828358
        0.0047349342210382        0.0497752990787270        1.0000000001864497
        0.0441515836565488        0.0254909286937341       -0.0000000000013729
        0.0432702153271203        0.0249820704733518        0.0000000000002766
        0.0433012701820238        0.0250000000209715        0.0262476188289804
        0.0433012701528509        0.0249999999884636        0.0535282092386884
        0.0433012701904583        0.0250000000060943        0.0798514044104661
        0.0433012701901591        0.0250000000053836        0.1244904219619049
        0.0433012701840869        0.0249999999902641        0.1445894174624189
        0.0433012702221152        0.0250000000060969        0.1022462089602878
        0.0433012702158432        0.0250000000195548        0.1868753642770291
        0.0433012702141064        0.0250000000185827        0.1648046533506903
        0.0433012701836418        0.0249999999884392        0.2267987039307136
        0.0433012701829807        0.0249999999878054        0.2080218141377022
        0.0433012702202489        0.0250000000028185        0.2473455336909305
        0.0432858154216425        0.0249910771902548        0.2879684135102076
        0.0432922195057276        0.0249947745888744        0.3085225043134858
        0.0432938941312298        0.0249957414340258        0.2678559706128477
        0.0432840534030310        0.0249900598885834        0.3305756696885282
        0.0191743317749972        0.0110703056127820        0.2834991577870031
        0.0432909547175803        0.0249940443633286        0.3517046316600635
        0.0433012701913354        0.0250000000039451        0.3715876334512561
        0.0433012701828403        0.0250000000190479        0.4122318378640268
        0.0433012701901915        0.0249999999729827        0.4335543876588151
        0.0433012701832180        0.0249999999884754        0.3933100027306122
        0.0432851037877462        0.0249906663283351        0.4568673799513671
        0.0187294376838991        0.0108134458885695        0.4962465888013107
        0.0433012702170909        0.0250000000217665        0.4804234033603897
        0.0433012701834840        0.0249999999881721        0.5014977944099818
        0.0433012701831188        0.0249999999883837        0.5435052579062393
        0.0432892049098170        0.0249930341116435        0.5618950117789782
        0.0433012702124683        0.0250000000173122        0.5832584259881308
        0.0432920150428028        0.0249946565421882        0.6025452139981037
        0.0433012701507182        0.0250000000191914        0.6420037166160932
        0.0432894155773369        0.0249931557405582        0.6220995512489432
        0.0433012701824029        0.0249999999858545        0.6628159419887290
        0.0432825918364568        0.0249892160358299        0.6842315148882393
        0.0433012701826963        0.0249999999868796        0.7078287393076016
        0.0190453733533935        0.0109958514323986        0.7532194894863380
        0.0432873501017280        0.0249919632379872        0.7312860694875354
        0.0432887912646857        0.0249927952935828        0.7970034771069562
        0.0432877260404943        0.0249921802862773        0.7534223182823071
        0.0433012702197972        0.0249999999844485        0.7743779768410154
        0.0433012701816395        0.0249999999845939        0.8187608403129786
        0.0432916307639808        0.0249944346787781        0.8405655057726921
        0.0432854692008542        0.0249908772996393        0.8823870703121386
        0.0433012701905591        0.0249999999717443        0.8614972204848211
        0.0433012702184864        0.0250000000048142        0.9038419594190483
        0.0433012701829109        0.0250000000189932        0.9262304977439503
        0.0432880756643989        0.0249923821416784        0.9729065709754399
        0.0432855835430176        0.0249909433151017        0.9490580933355189
        0.0432722161556557        0.0249832256520375        1.0011247280403555
        0.0184435086047777        0.0106483646595004        1.0000000002762104
        0.0304533052071173        0.0396559730801292       -0.0000000000001418
        0.0302912030950428        0.0397799323158658        0.0276525321738694
        0.0141563062541937        0.0479541342628334        0.0277762710770642
        0.0295071561841529        0.0403649319484062        0.0546609552034828
        0.0117346421181121        0.0486034790315293        0.0543034047828137
        0.0254628739706819        0.0430307105350722        0.1026255241074011
        0.0242725918979886        0.0437131705727231        0.1232410953791455
        0.0265955756782189        0.0423399970964084        0.0802520931569618
        0.0258579658379195        0.0427944576136183        0.1628408237468217
        0.0077446655761002        0.0493965601546744        0.1823993686128448
        0.0265292685785382        0.0423815751066786        0.1869028763156538
        0.0251968108494926        0.0431870434623035        0.2095139485049364
        0.0285813026334625        0.0410257131537580        0.2440095113614146
        0.0165380939071705        0.0471857123493713        0.2361736852982590
        0.0001334535507810        0.0499998218806795        0.2873147262738674
        0.0237225052445408        0.0440141198350648        0.2890387099121728
        0.0261912608793310        0.0425912884701886        0.3309187167680564
        0.0218194170410055        0.0449879210388345        0.3546857854940969
        0.0242918731664278        0.0437024586838864        0.3095075863251412
        0.0285932571818103        0.0410173822134703        0.3761113235581484
        0.0251735968385012        0.0432005789569145        0.4059384428596299
        0.0264795606693639        0.0424126498436195        0.4313448284919902
        0.0106361752250264        0.0488556217500354        0.4520610579708864
        0.0274422430140599        0.0417962115311577        0.4577545512952493
        0.0273402884356838        0.0418629744315142        0.4803401944472701
        0.0268606313721134        0.0421723426027773        0.5048076249802632
        0.0433012701915358        0.0249999999722162        0.5220111912670466
        0.0292038824323264        0.0405848894259130        0.5354831700597417
        0.0272826530245791        0.0419005589931736        0.5690529356799132
        0.0108999846261586        0.0487974418914507        0.5769309570897182
        0.0247504061108437        0.0434444173123809        0.5997803300729043
        0.0241690559488691        0.0437705007302735        0.6204553166615822
        0.0126236610025121        0.0483801941179824        0.7033902555882633
        0.0263879400315441        0.0424697141483848        0.6726512242210902
        0.0269817715436778        0.0420949403381829        0.6442895912420200
        0.0291012681628996        0.0406585315831107        0.7034336525241971
        0.0094374523113347        0.0491012677385792        0.6804316178119965
        0.0254637497848779        0.0430301922711615        0.7302565630513971
        0.0245800650946654        0.0435410197308491        0.7538750824994660
        0.0249432096787822        0.0433340084797184        0.7760599555619344
        0.0264078385418963        0.0424573440359177        0.8199848836508263
        0.0260992756800848        0.0426477175073642        0.7959193012982307
        0.0255452378969088        0.0429818661716295        0.8617541857614067
        0.0245818786418475        0.0435399958420526        0.8400168851343153
        0.0253987164008559        0.0430686104120024        0.8836649137390555
        0.0256160399932730        0.0429397076732369        0.9050875334103479
        0.0042466315372894        0.0498193347994894        0.9715514025015538
        0.0258690289191877        0.0427877709248499        0.9488909167884518
        0.0241929156836772        0.0437573174534556        0.9711585905694042
        0.0197570341542796        0.0459310309243761        1.0000000002479223
        0.0324050357431302        0.0380777317732525        1.0000000002323994
*ELEMENT
num-elem: 2076
num-elem-node: 4
elem-conn:
           103           154           205           155
            53            54            52           103
           309           206           154           205
           207            54           103           104
           207           103           205           155
           207           104           103           155
           207           103            53           205
           207            54            53           103
           207           205           154           155
           207           309           154           205
             2            52           103             1
             2           103            54           104
             2            52            54           103
           212            58           161            60
           107           207           154           155
           107           207           309           154
           107           104           207           155
           107           309           206           154
           130           179           129           185
           131           129           179           185
           306           152           357           305
           306           357           152           356
           306           152           255           356
           353           255           152           356
           165           163             8           161
           140            39            91           141
           145           143            41            93
           180           132           131           185
           183           235           133           184
           292           243           141           192
           294           348           144           297
           109             8           160           161
           109             9             8            60
           109             8           161            60
           109           161            58            60
           109           212            58           161
           147            94            45            96
           147            96            45            44
           147            94           145            45
            55            54           207           104
            55             4             2           104
            55             2            54           104
           232           179           131           129
           232           180           131           185
           232           131           179           185
           232           179           180           185
           232           234           180           179
           112           163           165           161
           213           212           161            60
           213           112           165           161
           256           107           307           154
           166           118           115           116
           166           115           118           117
           219           115           166           117
           219           166           118           117
           303           357           152           305
           105           104           107           155
           208            55           207           104
            16           214            62            63
            16           216           214            63
            64           115            13            12
            64            13           115           117
            78           130           128           280
            78           128           130           129
            70           119            67           173
           218           166           219           115
           218           166           115           116
           101           253           151            99
           101           151           253           353
           101           151           100            99
           204            49           100           151
           204           100           102           254
           204           152           306           153
           204           101           100           254
           204           100           101           151
           204           306           152           255
           204           151           353           152
           204           353           101           254
           204           151           101           353
           204           255           353           254
           204           152           353           255
           203           152           204           153
           203           151           204           152
           241           292           243           141
           241           292           345           243
           241           345           292           242
            77           128            78           129
            40            91            39           141
           193           140           245           144
           193           245           140           143
           197           298           350           300
           197           145           195           196
           197           145           248           195
            43           145            41            93
            43            95           145            93
            43            94           145            95
            43           145            94            45
            92           140            91           245
            92           140           245           143
            92            42           140           143
            92            91           140            39
            92           140            42            39
            92            41           143            93
            92            42           143            41
           178           128           130           280
           178           127           128           280
           139           291           342           293
           139           241           292           242
           295           345           292           296
           142           294           348           144
           142           348           294           296
           142           292           345           296
           142           193           140           192
           142           140           193           144
           142           243           292           192
           142           245           140           144
           106             4            55           104
           106            55           208           104
           106           208           105           104
           106            56           208            55
           148            98            47            99
           148           250            98            99
           148           151           253            99
           148           253           250            99
           228           128           127           280
           228           178           127           128
           228           229           178           128
           228           178           229           127
           316           213           165           214
           316           213           112           165
           320           219           218           166
           320           166           218           116
           271           166           217           268
           244           143           193           144
           244           193           245           144
           244           245           193           143
           244            92           245           143
           198            94           147            96
           198           147            97            96
           198           147           145           196
           198           145           147            94
           198           145           197           196
           198           248           197           145
           198           145            94            95
           198            94           248            95
           198           248           145            95
           125           229           127           329
           114           166           320           116
           114           320           216            63
           114           320           218           116
           114           218           320            63
           123           176           174           227
           122           171           173           169
           355           152           303           357
           355           152           357           356
           355           353           152           356
           156           107           105           104
           156           105           208           104
           156           107           207           309
           156           207           107           104
           156           208           207           104
           156           106           208           105
           158           314           263           260
           158           106           105           108
           158           106           156           105
           110           157           160           161
           110           163           112           161
           110             8           163           161
           110           160             8           161
           110           160           163             8
           159            57            58           210
           159           158           157           108
           159           106           158           108
           159            58           212           210
           159           109           212            58
           159           108           157           160
           159           109           160           161
           159           212           109           161
           159           160           157           161
           120           223           224           175
           120            72           224           223
           126           178           229           128
           126           127           178           177
           126           229           178           127
           126           125           127           177
           126           125           229           127
           126           229           125           329
           113           164           114           116
           113           216            16            63
           113           164            16           216
           113           218           115           116
           113            16            62            63
           113           114           218           116
           113           218           114            63
           113           114           216            63
           113           114           164           216
           113            64           218            63
           113           218            64           115
           113            62            64            63
           113            12            64            62
           113           115            64            12
             7            12           113            62
             7           113            16            62
            61            16           165           214
            61            16            11           165
            61           165           213           214
            61            16           214            62
            61             7            16            62
            61             7            11            16
           215           165            10             8
           215           161             8            60
           215           165             8           161
           215             8             9            60
           215            10             9             8
           215           213           161            60
           215           213           165           161
           215           213            61           165
           215            11            10           165
           215            61            11           165
            50           204           100           102
            50           100           204            49
            48           100           151            99
            48           100            49           151
            48           148            47            99
            48           151           148            99
           226            78            77           128
           226           229           228           128
           226           126           229           128
           226            78           128           280
           226           128           228           280
           226           228            78           280
           149           303           355           152
           149           355           303           304
           149           151           203           152
           149           148           151           253
           149           355           353           152
           149           353           151           152
           149           253           151           353
           249            97           198           252
           249           248           198            94
           249            94           198            96
           249           198            97            96
           249           198           351           252
            83            81           183            31
            90            40            38           141
            90            91            40           141
            90           241           243           141
           194           350           298           297
           194           350           197           298
           194           193           143           144
           194           193           195           143
           194           197           248           195
           194           197           350           248
           194           143           244           144
           284           335           283           180
           284           335           180           184
           284           285           335           184
           186           183           133           184
           186           133           183           235
           136           343           236           239
           182            83           183            31
           182           186           183           235
           182           133           235           237
           182           133           186           235
             3            55           106             4
             3           106            56             5
             3            56           106            55
             3             5            56            57
           111           106           159           108
           111             5             6            57
           111             6           109            58
           111           109           159            58
           111           108           159           160
           111           159           109           160
           111            57             6            58
           111           159            57            58
           111            56             5            57
           111            56           106             5
           111           159            56            57
           111           159           106            56
            59           109             6            58
            59           109            58            60
            59             9           109            60
           202           203           149           151
           202           149           148           151
           202           148           149           253
            28            77           131           129
           336           235           183           184
           336           335           180           234
           336           183           132           184
           336           180           335           184
           231           232            78           129
           231           179           232           129
           231            78           130           129
           231           130           179           129
           231           130            78           280
           231            78           228           280
           231           228           230           280
           231           179           130           280
           231           230           179           280
           246           142           348           144
           246           348           244           144
           246           245           142           144
           246           244           245           144
           246            91           140           245
           246           140           142           245
           246           243           142           192
           246           142           140           192
           246           141           243           192
           246           140           141           192
           246           140            91           141
           246            90           243           141
           246            91            90           141
           346           246           142           348
           346           142           345           296
           346           348           142           296
           346           142           246           243
           346           345           292           243
           346           292           142           243
           346           142           292           345
           247           145            95            93
           247           145           248            95
           247            92           143            93
           247            92           244           143
           247           244           194           143
           247           194           350           248
           247           143           145            93
           247           194           195           143
           247           194           248           195
           247           195           145           143
           247           248           145           195
           347           350           194           297
           347           144           348           297
           347           194           144           297
           347           244           348           144
           347           194           244           144
           347           247           194           350
           347           194           247           244
           162           164            16           163
           162           164           114           216
           162           165           112           163
           162            16           165           163
           162           316           112           165
           162           316           214           216
           162            16           164           216
           162           214            16           216
           162           165            16           214
           162           316           165           214
           272           323           122           274
           170           122           121           223
           170           224           223           175
           170           224           326           223
           170           223           120           175
           170           120           121           175
           170           121           120           223
           170           121           171           175
           170           121           122           171
           349           198           249           248
           349           351           249           198
           349           350           197           248
           349           197           198           248
           349           197           350           300
           315           264           112           265
           315           316           213           112
           315           112           213           161
           311           156           207           309
           311           156           208           207
           311           156           106           208
           124           176           123           177
           124           123           176           174
           124           125           126           177
           124           123           125           177
           124           123           225           125
           124           123           174           227
           124           225           123           227
           124           126           125           329
           124           125           225           329
           124           225           126           329
            65           219           321           117
            65           115           219           117
            65           218           219           115
            65            64           115           117
            65            64           218           115
            65            15            13           117
            65            13            64           117
            80            81            29           132
            80            29           131           132
            30            81           183           132
            30            29            81           132
            30           183            81            31
           222           122           221           223
           222           121           122           223
           222           121            70           173
           222           122           121           171
           222           171           121           173
           222           221           122           173
           222           122           171           173
            84           182            83           237
           220           221           222           173
           220            67           119           173
           220           119            67           167
           220            67           321           167
           220            70            67           173
           220           222            70           173
           220           119           167           169
           220           167           321           169
           200           148            98            47
           200            98            46            47
           200            46            98            97
           200            96           147            44
           200            46            96            44
           200            97           147            96
           200            46            97            96
           200           198           147            97
           200           198           199           147
           200            98           250            97
           200            98           148           250
           200           198            97           252
           200           199           198           252
           200            97           250           252
           146           351           299           300
           146           351           199           299
           146           199           351           198
           146           198           197           196
           146           197           349           300
           146           349           351           300
           146           198           349           197
           146           351           349           198
           146           147           198           196
           146           199           147           196
           146           199           198           147
           201           251           302           301
           201           202           149           253
           201           251           250           253
           201           200           250           252
           201           199           200           252
           201           200           148           250
           201           200           202           148
           201           250           148           253
           201           148           202           253
            18            70           121           173
            75           226            77           128
            75           126           226           128
            75           226           126           229
            75           126            76           229
            89            90            38           141
            89           241            90           141
           188           292           141           192
           188           292           241           141
           188           139           241           292
           138           340           290           289
           138           290           340           342
           138           340           339           342
           138           339           340           343
           138           343           136           239
           138           136           191           239
           181           132           183           184
           181           183           186           184
           181           132           180           185
           181           180           132           184
           135           186           182           133
           135           182           186           187
           135           133           182           237
            37            89            38           141
            37           241            89           141
            37           188           241           141
            37            89           241            88
            37           241           242           240
            37            88           241           240
            37           241           139           242
            37           188           139           241
            86           136            34            35
            86            85           136            35
            86           136           236           239
            86           136            85           236
            32            83           182            31
            32            84           182            83
           134            85           136           236
           134            35            85            33
           134           136            85            35
           134            85            32            33
           134            85           236           238
           134           182            84           237
           134            84            85           238
           134            32            84           182
           134            84            32            85
           134           135           182           237
           134           182           135           187
           134            84           238           237
           134           238           135           237
           134           187           135           238
            27            80            29           131
           273           271           166           217
           273           269           271           217
           273           322           269           217
           273           219           166           118
           273           166           219           217
           273           219           322           217
           273           167           118           169
           273           321           322           219
           273           219           118           117
           273           321           219           117
           273           118           167           117
           273           167           321           117
           319           268           114           266
           319           217           166           268
           319           166           114           268
           319           320           114           166
           319           219           166           217
           319           219           320           166
           328           125           123           277
           328           225           125           329
           328           225           123           125
           328           123           276           277
           328           123           225           227
           327           123           328           227
           327           328           123           276
           344           139           342           293
           344           139           242           342
           344           295           292           293
           344           292           295           345
           344           292           139           293
           344           292           345           242
           344           139           292           242
           172           326           278           275
           172           170           326           275
           172           327           276           278
           172           327           123           276
           172           224           170           175
           172           326           170           224
           172           326           327           278
           172           327           326           224
           172           176           120           175
           172           120           224           175
           172           120           176           174
           172           327           224            72
           172           120           174            72
           172           224           120            72
           172           176           123           227
           172           327            72           227
           172           123           327           227
           172            72           174           227
           172           174           176           227
           313           159           212           210
           313           110           261           262
           313           212           159           161
           313           159           157           161
           313           261           110           157
           313           157           110           161
           352           199           299           301
           352           199           351           299
           352           351           198           252
           352           198           199           252
           352           351           199           198
           352           201           199           301
           352           251           201           301
           352           199           201           252
           352           201           250           252
           352           201           251           250
           312           263           261           157
           312           261           313           157
           312           159           313           210
           312           313           159           157
           312           158           263           157
           312           263           158           314
           312           159           158           157
           312           158           159           314
           354           253           149           353
           354           149           355           353
           354           201           149           253
           354           251           201           253
           354           355           149           304
           354           149           201           304
           354           201           302           304
           354           201           251           302
           209           158           311           314
           209           159           158           314
           209           106           159            56
           209           158           159           106
           209           208           106            56
           209           311           106           208
           209           156           158           106
           209           311           156           106
           209           311           158           156
           209            57           159           210
           209            56           159            57
           209           159           312           210
           209           312           159           314
            69            70           222           121
            69            18            70           121
            69           120           121           223
            69           121           222           223
            68           167            67            14
            68            15           167            14
            68           321            67           167
            68           167            15           117
            68            15            65           117
            68           321           167           117
            68            65           321           117
            79            78           232           129
            79            77            78           129
            79           232           131           129
            79           131            77           129
            79           232            80           131
            79            80            27           131
            79            28            77           131
            79            27            28           131
            82           183            81           235
            82            83            81           183
            82           182           235           237
            82            83           182           237
            82           182           183           235
            82           182            83           183
           150           147           199           196
           150           200           199           147
           150           200           201           199
           150           201           200           202
            17            70           119            67
            17           119            70           173
            17            70            18           173
            19            18            69           121
            19            69           120           121
            19            69            20           120
           190            37           188           139
           189           291           290           342
           189           290           138           342
           189           139           291           342
           189           138           339           342
           189           339           242           342
           189           242           139           342
           189           242           339           240
           189            37           139           242
           189            37           190           139
           189            37           242           240
           189           190            37           240
           137           287           341           289
           137           135           341           287
           137           340           138           289
           137           341           340           289
           137           135           187           238
           137           341           135           238
           137           340           341           238
           137           187           134           238
           137           134           236           238
           137           191           136           187
           137           138           136           191
           137           136           134           187
           137           134           136           236
           137           236           343           238
           137           343           340           238
           137           138           340           343
           137           236           136           343
           137           136           138           343
            87            89            37            88
            87            37            89            38
            36            34            87            88
            36            87            37            88
            36            86            34            88
            36            86           136            34
            36            88            37           240
            36            37           190           240
            36           191           136           239
            36            86            88           239
            36           136            86           239
            36           239            88           240
            36           138           191           239
            36           138           190           191
            36           190           189           240
            36           189           190           138
            36           339           239           240
            36           189           339           240
            36           189           138           339
            36           339           343           239
            36           343           138           239
            36           339           138           343
            25           128            77           129
            25            77            28           129
            25            75            77           128
           168           122           272           323
           168           273           322           269
           168           119           220           169
           168           220           321           169
           168           122           323           221
           168           323           220           221
           168           322           273           321
           168           173           119           169
           168           122           173           169
           168           321           167           169
           168           167           273           169
           168           321           273           167
           168           122           221           173
           168           221           220           173
           168           220           119           173
           325           168           269           270
           325           168           322           269
           325           272           168           270
           325           168           272           323
           325           220           168           323
           325           322           168           321
           325           168           220           321
           308           107           309           206
           308           256           107           307
           308           107           256           258
           308           206           307           154
           308           307           107           154
           308           107           206           154
           330           279           125           277
           330           125           328           277
           330           281           127           279
           330           328           125           329
           330           127           125           279
           330           125           127           329
           334           180           335           234
           334           283           335           180
           334           333           283           179
           334           230           333           179
           334           180           234           179
           334           283           180           179
           334           231           230           179
           334           234           232           179
           334           232           231           179
           332           333           179           282
           332           333           230           179
           332           280           281           282
           332           230           228           280
           332           179           280           282
           332           179           230           280
           324           170           326           223
           324           221           122           223
           324           122           170           223
           324           323           122           221
           324           122           323           274
           324           170           122           274
           324           170           274           275
           324           326           170           275
           211           313           110           161
           211           110           313           262
           211           212           313           161
           211           110           112           161
           211           112           315           161
           211           112           110           262
           211           213           212           161
           211           315           213           161
           211           265           112           262
           211           315           112           265
           317           162           264           267
           317           316           315           112
           317           315           264           112
           317           316           162           216
           317           162           316           112
           317           264           162           112
            71            21            20           174
            71            20            69           120
            71           174           120            72
            71            20           120           174
            71            72           120           223
            71           120            69           223
            74            76            24           126
            74           124           225           126
            74            76           126           229
            74           229           126           329
            74           126           225           329
           233            81           183           235
           233           183           336           235
           233            81            80           132
           233           183            81           132
           233           336           183           132
           233           180           232           234
           233            80           131           132
           233            80           232           131
           233           336           180           234
           233           131           180           132
           233           232           180           131
           233           132           180           184
           233           336           132           184
           233           180           336           184
            66            17           119            67
            66            67           167            14
            66            67           119           167
            22            23            74           124
            22           124            74           126
            22            74            24           126
            26            75            25           128
            26           126            75           128
            26            76            75           126
            26            24            76           126
           310           158           259           260
           310           314           158           260
           310           158           156           259
           310           311           158           314
           310           158           311           156
           310           259           156           107
           310           156           311           309
           310           259           107           258
           310           107           308           258
           310           107           156           309
           310           308           107           309
           331           330           127           329
           331           127           229           329
           331           228           229           127
           331           127           330           281
           331           127           281           280
           331           228           127           280
           331           281           332           280
           331           332           228           280
           318           114           267           266
           318           319           114           266
           318           114           319           320
           318           114           320           216
           318           317           162           216
           318           162           317           267
           318           162           114           216
           318           114           162           267
            73            23            21           174
            73            21            71           174
            73           124            23           174
            73            74            23           124
            73           174            71            72
            73            74           124           225
            73           174            72           227
            73           124           174           227
            73           225           124           227
           338           135           238           237
           338           135           341           238
           338           235           133           237
           338           133           135           237
           338           288           135           133
           338           135           288           287
           338           341           135           287
           337           288           133           286
           337           288           338           133
           337           285           286           184
           337           335           285           184
           337           336           335           184
           337           133           338           235
           337           286           133           184
           337           133           235           184
           337           235           336           184
 